Host is running ...
size: 64000
Waiting for the board to finish...
       c0: 5	c1: 5	c2: 5	c3: 5	c4: 5	c5: 5	c6: 5	c7: 5	c8: 5	c9: 5	c10: 5	c11: 5	c13: 5	c14: 5	c15: 5	
Read data from board
0, 241695761, 0
0, 241700345, 0
0, 241919061, 0
0, 241933790, 0
0, 243078180, 0
0, 243048115, 0
28308, 242472872, 0
0, 242199021, 0
0, 243425703, 0
0, 243442098, 0
0, 243898316, 0
763, 244392510, 0
0, 245857957, 0
0, 245768682, 0
0, 244893709, 0
Waiting for the board to finish...
       c0: 5	c1: 5	c2: 5	c3: 5	c4: 5	c5: 5	c6: 5	c7: 5	c8: 5	c9: 5	c10: 5	c11: 5	c13: 5	c14: 5	c15: 5	
Read data from board
0, 241695221, 0
0, 241699698, 0
0, 241919168, 0
0, 241933888, 0
0, 243078627, 0
0, 243048452, 0
17981, 242472539, 0
0, 242199248, 0
0, 243426303, 0
0, 243442370, 0
0, 243899037, 0
3946, 244390222, 0
0, 245853112, 0
0, 245764718, 0
0, 244891586, 0
Waiting for the board to finish...
       c0: 5	c1: 5	c2: 5	c3: 5	c4: 5	c5: 5	c6: 5	c7: 5	c8: 5	c9: 5	c10: 5	c11: 5	c13: 5	c14: 5	c15: 5	
Read data from board
0, 241782583, 0
0, 241787372, 0
0, 242007320, 0
0, 242021878, 0
0, 243168000, 0
0, 243137729, 0
16294, 242561342, 0
0, 242286850, 0
0, 243515199, 0
0, 243531226, 0
0, 243987114, 0
762, 244480610, 0
0, 245942939, 0
0, 245852276, 0
58, 244982144, 0
Waiting for the board to finish...
       c0: 5	c1: 5	c2: 5	c3: 5	c4: 5	c5: 5	c6: 5	c7: 5	c8: 5	c9: 5	c10: 5	c11: 5	c13: 5	c14: 5	c15: 5	
Read data from board
0, 241745018, 0
0, 241749792, 0
0, 241969219, 0
0, 241983815, 0
0, 243128828, 0
0, 243098640, 0
29711, 242522937, 0
0, 242249180, 0
0, 243476375, 0
0, 243492507, 0
0, 243949472, 0
4355, 244441899, 0
0, 245902899, 0
0, 245817337, 0
0, 244943229, 0
Waiting for the board to finish...
       c0: 5	c1: 5	c2: 5	c3: 5	c4: 5	c5: 5	c6: 5	c7: 5	c8: 5	c9: 5	c10: 5	c11: 5	c13: 5	c14: 5	c15: 5	
Read data from board
0, 241766966, 0
0, 241771821, 0
0, 241990007, 0
0, 242004678, 0
0, 243149621, 0
0, 243119455, 0
27704, 242542358, 0
0, 242270139, 0
0, 243497133, 0
0, 243513395, 0
0, 243969670, 0
4952, 244462345, 0
0, 245919342, 0
0, 245832354, 0
0, 244963248, 0
Waiting for the board to finish...
       c0: 5	c1: 5	c2: 5	c3: 5	c4: 5	c5: 5	c6: 5	c7: 5	c8: 5	c9: 5	c10: 5	c11: 5	c13: 5	c14: 5	c15: 5	
Read data from board
0, 241790100, 0
0, 241794789, 0
0, 242013907, 0
0, 242028636, 0
0, 243172569, 0
0, 243142408, 0
18772, 242567904, 0
0, 242294261, 0
0, 243520317, 0
0, 243536307, 0
0, 243992930, 0
9209, 244485782, 0
0, 245946597, 0
0, 245858260, 0
0, 244987644, 0
Waiting for the board to finish...
       c0: 5	c1: 5	c2: 5	c3: 5	c4: 5	c5: 5	c6: 5	c7: 5	c8: 5	c9: 5	c10: 5	c11: 5	c13: 5	c14: 5	c15: 5	
Read data from board
0, 241711902, 0
0, 241716721, 0
0, 241934864, 0
0, 241949833, 0
0, 243094602, 0
0, 243064592, 0
29230, 242489275, 0
0, 242215045, 0
0, 243441901, 0
0, 243457973, 0
0, 243914286, 0
3874, 244409789, 0
0, 245868718, 0
0, 245780775, 0
0, 244911521, 0
Waiting for the board to finish...
       c0: 5	c1: 5	c2: 5	c3: 5	c4: 5	c5: 5	c6: 5	c7: 5	c8: 5	c9: 5	c10: 5	c11: 5	c13: 5	c14: 5	c15: 5	
Read data from board
0, 241796643, 0
0, 241801226, 0
0, 242021077, 0
0, 242035875, 0
0, 243181363, 0
0, 243151133, 0
17160, 242575432, 0
0, 242301098, 0
0, 243528846, 0
0, 243545066, 0
0, 244001243, 0
3129, 244493100, 0
0, 245955325, 0
0, 245867888, 0
0, 244994040, 0
Waiting for the board to finish...
       c0: 5	c1: 5	c2: 5	c3: 5	c4: 5	c5: 5	c6: 5	c7: 5	c8: 5	c9: 5	c10: 5	c11: 5	c13: 5	c14: 5	c15: 5	
Read data from board
0, 241718616, 0
0, 241722929, 0
0, 241941992, 0
0, 241956809, 0
0, 243102326, 0
0, 243072085, 0
17337, 242496157, 0
0, 242222799, 0
0, 243449202, 0
0, 243465448, 0
0, 243922077, 0
1586, 244415315, 0
0, 245877216, 0
0, 245789772, 0
0, 244915828, 0
Waiting for the board to finish...
       c0: 5	c1: 5	c2: 5	c3: 5	c4: 5	c5: 5	c6: 5	c7: 5	c8: 5	c9: 5	c10: 5	c11: 5	c13: 5	c14: 5	c15: 5	
Read data from board
0, 241721183, 0
0, 241725602, 0
0, 241943397, 0
0, 241958303, 0
0, 243103214, 0
0, 243073163, 0
29030, 242497833, 0
0, 242223739, 0
0, 243451090, 0
0, 243467113, 0
0, 243923898, 0
999, 244418377, 0
0, 245882756, 0
0, 245791039, 0
0, 244920166, 0
Average:
0, 241742399, 0
0, 241747029, 0
0, 241966001, 0
0, 241980750, 0
0, 243125733, 0
0, 243095577, 0
23152, 242519864, 0
0, 242246138, 0
0, 243473206, 0
0, 243489350, 0
0, 243945804, 0
3357, 244438994, 0
0, 245900686, 0
0, 245812310, 0
5, 244940311, 0
