Host is running ...
size: 64000
Waiting for the board to finish...
       c0: 5	c1: 5	c2: 5	c3: 5	c4: 5	c5: 5	c6: 5	c7: 5	c8: 5	c9: 5	c10: 5	c11: 5	c13: 5	c14: 5	c15: 5	
Read data from board
0, 228572780, 0
0, 229240193, 0
1218, 230000546, 0
0, 230984848, 0
0, 237316249, 0
0, 236292855, 0
116, 234212660, 0
0, 232576612, 0
58, 238439133, 0
174, 239662930, 0
0, 242760559, 0
0, 245663601, 0
0, 252855269, 0
0, 252204332, 0
0, 248582215, 0
Waiting for the board to finish...
       c0: 5	c1: 5	c2: 5	c3: 5	c4: 5	c5: 5	c6: 5	c7: 5	c8: 5	c9: 5	c10: 5	c11: 5	c13: 5	c14: 5	c15: 5	
Read data from board
0, 228574251, 0
0, 229242499, 0
580, 230001188, 0
0, 230986707, 0
0, 237316901, 0
0, 236293665, 0
120, 234213501, 0
0, 232577508, 0
0, 238439667, 0
58, 239663529, 0
0, 242761587, 0
290, 245665759, 0
0, 252850581, 0
0, 252197733, 0
0, 248585246, 0
Waiting for the board to finish...
       c0: 5	c1: 5	c2: 5	c3: 5	c4: 5	c5: 5	c6: 5	c7: 5	c8: 5	c9: 5	c10: 5	c11: 5	c13: 5	c14: 5	c15: 5	
Read data from board
0, 228572023, 0
0, 229241717, 0
638, 230001869, 0
0, 230986950, 0
0, 237319539, 0
0, 236295785, 0
260, 234214993, 0
0, 232578945, 0
0, 238442056, 0
174, 239664508, 0
0, 242761762, 0
58, 245663487, 0
0, 252851692, 0
0, 252197339, 0
0, 248583168, 0
Waiting for the board to finish...
       c0: 5	c1: 5	c2: 5	c3: 5	c4: 5	c5: 5	c6: 5	c7: 5	c8: 5	c9: 5	c10: 5	c11: 5	c13: 5	c14: 5	c15: 5	
Read data from board
0, 228561627, 0
0, 229231710, 0
812, 229990808, 0
0, 230976100, 0
0, 237308125, 0
0, 236284684, 0
176, 234204229, 0
0, 232567393, 0
0, 238431234, 0
290, 239654798, 0
0, 242752839, 0
290, 245655138, 0
0, 252846859, 0
0, 252192308, 0
0, 248575169, 0
Waiting for the board to finish...
       c0: 5	c1: 5	c2: 5	c3: 5	c4: 5	c5: 5	c6: 5	c7: 5	c8: 5	c9: 5	c10: 5	c11: 5	c13: 5	c14: 5	c15: 5	
Read data from board
0, 228587569, 0
0, 229260013, 0
928, 230018709, 0
0, 231003378, 0
0, 237333421, 0
0, 236309849, 0
488, 234229106, 0
0, 232593669, 0
116, 238456125, 0
522, 239678573, 0
0, 242777269, 0
187, 245682595, 0
0, 252856286, 0
0, 252214895, 0
0, 248601697, 0
Waiting for the board to finish...
       c0: 5	c1: 5	c2: 5	c3: 5	c4: 5	c5: 5	c6: 5	c7: 5	c8: 5	c9: 5	c10: 5	c11: 5	c13: 5	c14: 5	c15: 5	
Read data from board
0, 228583790, 0
0, 229255620, 0
928, 230014832, 0
0, 231000291, 0
0, 237332009, 0
0, 236308373, 0
59, 234227329, 0
0, 232591371, 0
116, 238454771, 0
638, 239678619, 0
0, 242778111, 0
188, 245680311, 0
0, 252871975, 0
0, 252213654, 0
0, 248599062, 0
Waiting for the board to finish...
       c0: 5	c1: 5	c2: 5	c3: 5	c4: 5	c5: 5	c6: 5	c7: 5	c8: 5	c9: 5	c10: 5	c11: 5	c13: 5	c14: 5	c15: 5	
Read data from board
0, 228591657, 0
0, 229259866, 0
522, 230019466, 0
0, 231005456, 0
0, 237336944, 0
0, 236313913, 0
117, 234233067, 0
0, 232596922, 0
0, 238459966, 0
174, 239682850, 0
0, 242781036, 0
58, 245686381, 0
0, 252884338, 0
0, 252232604, 0
0, 248605787, 0
Waiting for the board to finish...
       c0: 5	c1: 5	c2: 5	c3: 5	c4: 5	c5: 5	c6: 5	c7: 5	c8: 5	c9: 5	c10: 5	c11: 5	c13: 5	c14: 5	c15: 5	
Read data from board
0, 228560539, 0
0, 229230168, 0
870, 229989047, 0
0, 230974806, 0
0, 237304924, 0
0, 236281403, 0
542, 234200411, 0
0, 232565000, 0
0, 238427678, 0
986, 239649901, 0
0, 242747426, 0
410, 245651237, 0
0, 252848939, 0
0, 252195426, 0
0, 248572182, 0
Waiting for the board to finish...
       c0: 5	c1: 5	c2: 5	c3: 5	c4: 5	c5: 5	c6: 5	c7: 5	c8: 5	c9: 5	c10: 5	c11: 5	c13: 5	c14: 5	c15: 5	
Read data from board
0, 228586011, 0
0, 229256456, 0
1044, 230016672, 0
0, 231002905, 0
0, 237333187, 0
0, 236309736, 0
244, 234229558, 0
0, 232593621, 0
0, 238456166, 0
841, 239679424, 0
0, 242777122, 0
0, 245681278, 0
0, 252865276, 0
0, 252207837, 0
0, 248601830, 0
Waiting for the board to finish...
       c0: 5	c1: 5	c2: 5	c3: 5	c4: 5	c5: 5	c6: 5	c7: 5	c8: 5	c9: 5	c10: 5	c11: 5	c13: 5	c14: 5	c15: 5	
Read data from board
0, 228595101, 0
0, 229265797, 0
696, 230024970, 0
0, 231010797, 0
0, 237341020, 0
0, 236317897, 0
178, 234237545, 0
0, 232601627, 0
0, 238463886, 0
406, 239686996, 0
0, 242784775, 0
236, 245686492, 0
0, 252873930, 0
0, 252213446, 0
0, 248604970, 0
Average:
0, 228578534, 0
0, 229248403, 0
823, 230007810, 0
0, 230993223, 0
0, 237324231, 0
0, 236300816, 0
230, 234220239, 0
0, 232584266, 0
29, 238447068, 0
426, 239670212, 0
0, 242768248, 0
171, 245671627, 0
0, 252860514, 0
0, 252206957, 0
0, 248591132, 0
