Host is running ...
size: 64000
Waiting for the board to finish...
       c0: 5	c1: 5	c2: 5	c3: 5	c4: 5	c5: 5	c6: 5	c7: 5	c8: 5	c9: 5	c10: 5	c11: 5	c13: 5	c14: 5	c15: 5	
Read data from board
2709514, 49364995, 0
5504409, 49481135, 0
10615421, 49571850, 0
15065200, 49696281, 0
6319164, 50493920, 0
7472479, 50402758, 0
7946391, 50189573, 0
7962714, 49941322, 0
11216736, 50596249, 0
15817941, 50732734, 0
8374636, 50978345, 0
8606794, 51227455, 0
20120938, 51669449, 0
7902903, 51645978, 0
8433917, 51468105, 0
Waiting for the board to finish...
       c0: 5	c1: 5	c2: 5	c3: 5	c4: 5	c5: 5	c6: 5	c7: 5	c8: 5	c9: 5	c10: 5	c11: 5	c13: 5	c14: 5	c15: 5	
Read data from board
2709514, 49171745, 0
5506628, 49287150, 0
10615377, 49377840, 0
15064547, 49501414, 0
6313845, 50294755, 0
7462283, 50203611, 0
7945770, 49991869, 0
7969452, 49745133, 0
11215540, 50396267, 0
15820775, 50532122, 0
8380748, 50776227, 0
8610983, 51023834, 0
20856141, 51463719, 0
7902262, 51440227, 0
8433746, 51263666, 0
Waiting for the board to finish...
       c0: 5	c1: 5	c2: 5	c3: 5	c4: 5	c5: 5	c6: 5	c7: 5	c8: 5	c9: 5	c10: 5	c11: 5	c13: 5	c14: 5	c15: 5	
Read data from board
2709514, 49172453, 0
5505921, 49287763, 0
10615308, 49378568, 0
15064089, 49502182, 0
6302928, 50295477, 0
7447606, 50204286, 0
7945870, 49990241, 0
7968201, 49745821, 0
11214890, 50396969, 0
15820007, 50532782, 0
8380295, 50776876, 0
8610472, 51024494, 0
20856819, 51464362, 0
7902574, 51440876, 0
8433982, 51264316, 0
Waiting for the board to finish...
       c0: 5	c1: 5	c2: 5	c3: 5	c4: 5	c5: 5	c6: 5	c7: 5	c8: 5	c9: 5	c10: 5	c11: 5	c13: 5	c14: 5	c15: 5	
Read data from board
2709514, 49170114, 0
5505626, 49287793, 0
10615709, 49378568, 0
15064343, 49502191, 0
6281160, 50295510, 0
7422746, 50204379, 0
7945869, 49992674, 0
7968990, 49745907, 0
11210331, 50397102, 0
15820185, 50532897, 0
8380657, 50776996, 0
8610781, 51024601, 0
20856879, 51464480, 0
7902670, 51441002, 0
8433940, 51264450, 0
Waiting for the board to finish...
       c0: 5	c1: 5	c2: 5	c3: 5	c4: 5	c5: 5	c6: 5	c7: 5	c8: 5	c9: 5	c10: 5	c11: 5	c13: 5	c14: 5	c15: 5	
Read data from board
2709514, 49172434, 0
5505597, 49287396, 0
10615050, 49378548, 0
15064529, 49502177, 0
6298083, 50295522, 0
7442557, 50204346, 0
7945825, 49990290, 0
7969352, 49745888, 0
11214521, 50397047, 0
15820259, 50532900, 0
8380545, 50777017, 0
8610276, 51024606, 0
20856894, 51464499, 0
7902803, 51441014, 0
8433813, 51264457, 0
Waiting for the board to finish...
       c0: 5	c1: 5	c2: 5	c3: 5	c4: 5	c5: 5	c6: 5	c7: 5	c8: 5	c9: 5	c10: 5	c11: 5	c13: 5	c14: 5	c15: 5	
Read data from board
2709514, 49172444, 0
5506387, 49287821, 0
10615220, 49378557, 0
15064400, 49502194, 0
6288611, 50295462, 0
7428195, 50204292, 0
7945645, 49992569, 0
7967127, 49745847, 0
11212549, 50396937, 0
15821060, 50532828, 0
8381283, 50776902, 0
8610552, 51024551, 0
20856845, 51464419, 0
7902712, 51440921, 0
8433997, 51264360, 0
Waiting for the board to finish...
       c0: 5	c1: 5	c2: 5	c3: 5	c4: 5	c5: 5	c6: 5	c7: 5	c8: 5	c9: 5	c10: 5	c11: 5	c13: 5	c14: 5	c15: 5	
Read data from board
2709514, 49172429, 0
5506440, 49287816, 0
10615004, 49378541, 0
15064321, 49502152, 0
6303755, 50295515, 0
7451007, 50204366, 0
7945236, 49992705, 0
7967282, 49745887, 0
11214960, 50397097, 0
15820564, 50532972, 0
8381194, 50777098, 0
8610880, 51024697, 0
20856959, 51464554, 0
7902743, 51441080, 0
8433940, 51264534, 0
Waiting for the board to finish...
       c0: 5	c1: 5	c2: 5	c3: 5	c4: 5	c5: 5	c6: 5	c7: 5	c8: 5	c9: 5	c10: 5	c11: 5	c13: 5	c14: 5	c15: 5	
Read data from board
2709514, 49172605, 0
5505830, 49287945, 0
10614983, 49378799, 0
15064632, 49502383, 0
6296789, 50295673, 0
7439470, 50204506, 0
7945404, 49992792, 0
7967115, 49746008, 0
11215252, 50397188, 0
15821192, 50533005, 0
8380979, 50777054, 0
8610455, 51024686, 0
20857007, 51464572, 0
7902693, 51441070, 0
8433574, 51264501, 0
Waiting for the board to finish...
       c0: 5	c1: 5	c2: 5	c3: 5	c4: 5	c5: 5	c6: 5	c7: 5	c8: 5	c9: 5	c10: 5	c11: 5	c13: 5	c14: 5	c15: 5	
Read data from board
2709514, 49172376, 0
5505455, 49287779, 0
10615647, 49378517, 0
15064616, 49502155, 0
6299291, 50295401, 0
7442695, 50204249, 0
7944924, 49992488, 0
7968240, 49745810, 0
11215584, 50396950, 0
15820515, 50532837, 0
8380530, 50776918, 0
8611018, 51024567, 0
20856907, 51464473, 0
7902842, 51440995, 0
8433828, 51264424, 0
Waiting for the board to finish...
       c0: 5	c1: 5	c2: 5	c3: 5	c4: 5	c5: 5	c6: 5	c7: 5	c8: 5	c9: 5	c10: 5	c11: 5	c13: 5	c14: 5	c15: 5	
Read data from board
2709514, 49172239, 0
5505406, 49287455, 0
10614721, 49378243, 0
15064411, 49501931, 0
6305009, 50295116, 0
7450591, 50203944, 0
7945095, 49989938, 0
7969392, 49745519, 0
11215330, 50396656, 0
15820013, 50532494, 0
8380498, 50776594, 0
8610743, 51024247, 0
20856519, 51464131, 0
7902335, 51440643, 0
8433701, 51264086, 0
Average:
2709514, 49191383, 0
5505769, 49307005, 0
10615244, 49397803, 0
15064508, 49521506, 0
6300863, 50315235, 0
7445962, 50224073, 0
7945602, 50011513, 0
7967786, 49765314, 0
11214569, 50416846, 0
15820251, 50552757, 0
8380136, 50797002, 0
8610295, 51044773, 0
20783190, 51484865, 0
7902653, 51461380, 0
8433843, 51284689, 0
