Host is running ...
size: 64000
Waiting for the board to finish...
       c0: 5	c1: 5	c2: 5	c3: 5	c4: 5	c5: 5	c6: 5	c7: 5	c8: 5	c9: 5	c10: 5	c11: 5	c13: 5	c14: 5	c15: 5	
Read data from board
2689754, 44332780, 0
6264958, 44511148, 0
10414054, 44692437, 0
14578122, 44915647, 0
7754520, 46333675, 0
7007744, 46154767, 0
8358391, 45805339, 0
9004821, 45355770, 0
11519622, 46515466, 0
15366116, 46735317, 0
9144264, 47178051, 0
9301206, 47624076, 0
16994413, 48415113, 0
7759393, 48367464, 0
8949081, 48075547, 0
Waiting for the board to finish...
       c0: 5	c1: 5	c2: 5	c3: 5	c4: 5	c5: 5	c6: 5	c7: 5	c8: 5	c9: 5	c10: 5	c11: 5	c13: 5	c14: 5	c15: 5	
Read data from board
2689754, 44331314, 0
6265484, 44509658, 0
10413629, 44691042, 0
14577844, 44914155, 0
7754763, 46332237, 0
7007902, 46153343, 0
8359209, 45803953, 0
9004785, 45354486, 0
11519688, 46514335, 0
15365814, 46734190, 0
9143881, 47176944, 0
9301153, 47622692, 0
17931647, 48413159, 0
7759175, 48366078, 0
8948787, 48074198, 0
Waiting for the board to finish...
       c0: 5	c1: 5	c2: 5	c3: 5	c4: 5	c5: 5	c6: 5	c7: 5	c8: 5	c9: 5	c10: 5	c11: 5	c13: 5	c14: 5	c15: 5	
Read data from board
2689754, 44332314, 0
6266412, 44510790, 0
10416282, 44692054, 0
14579984, 44915273, 0
7753836, 46333203, 0
7007481, 46154364, 0
8360215, 45804919, 0
9004362, 45355458, 0
11519423, 46515334, 0
15365724, 46735163, 0
9143586, 47177932, 0
9300731, 47623963, 0
17932917, 48414429, 0
7760522, 48367351, 0
8948778, 48075472, 0
Waiting for the board to finish...
       c0: 5	c1: 5	c2: 5	c3: 5	c4: 5	c5: 5	c6: 5	c7: 5	c8: 5	c9: 5	c10: 5	c11: 5	c13: 5	c14: 5	c15: 5	
Read data from board
2689754, 44330475, 0
6266206, 44508832, 0
10414829, 44690151, 0
14578862, 44913550, 0
7754195, 46331553, 0
7008092, 46152685, 0
8358391, 45803254, 0
9004135, 45353703, 0
11520157, 46513588, 0
15366438, 46733457, 0
9144020, 47176191, 0
9300835, 47622201, 0
17931131, 48412643, 0
7758702, 48365554, 0
8948880, 48073665, 0
Waiting for the board to finish...
       c0: 5	c1: 5	c2: 5	c3: 5	c4: 5	c5: 5	c6: 5	c7: 5	c8: 5	c9: 5	c10: 5	c11: 5	c13: 5	c14: 5	c15: 5	
Read data from board
2689754, 44331214, 0
6266022, 44509540, 0
10414963, 44690902, 0
14578371, 44914284, 0
7753987, 46332316, 0
7007614, 46153391, 0
8358831, 45804030, 0
9004137, 45354496, 0
11519076, 46514382, 0
15365257, 46734197, 0
9143676, 47176928, 0
9300509, 47622953, 0
17931847, 48413359, 0
7759352, 48366278, 0
8948731, 48074386, 0
Waiting for the board to finish...
       c0: 5	c1: 5	c2: 5	c3: 5	c4: 5	c5: 5	c6: 5	c7: 5	c8: 5	c9: 5	c10: 5	c11: 5	c13: 5	c14: 5	c15: 5	
Read data from board
2689754, 44330712, 0
6266447, 44509173, 0
10416285, 44690492, 0
14579931, 44913950, 0
7754742, 46331977, 0
7007695, 46153113, 0
8359701, 45803656, 0
9004620, 45354136, 0
11519194, 46513821, 0
15365532, 46733692, 0
9143826, 47176414, 0
9300563, 47622170, 0
17931125, 48412637, 0
7758720, 48365560, 0
8948675, 48073682, 0
Waiting for the board to finish...
       c0: 5	c1: 5	c2: 5	c3: 5	c4: 5	c5: 5	c6: 5	c7: 5	c8: 5	c9: 5	c10: 5	c11: 5	c13: 5	c14: 5	c15: 5	
Read data from board
2689754, 44331643, 0
6265257, 44510078, 0
10413877, 44691373, 0
14579387, 44914812, 0
7753883, 46332458, 0
7007449, 46153588, 0
8359783, 45804178, 0
8999061, 45354960, 0
11518830, 46514563, 0
15365426, 46734390, 0
9143935, 47177100, 0
9300567, 47623113, 0
17932071, 48413583, 0
7759629, 48366484, 0
8948355, 48074587, 0
Waiting for the board to finish...
       c0: 5	c1: 5	c2: 5	c3: 5	c4: 5	c5: 5	c6: 5	c7: 5	c8: 5	c9: 5	c10: 5	c11: 5	c13: 5	c14: 5	c15: 5	
Read data from board
2689754, 44331005, 0
6267667, 44509416, 0
10416286, 44690693, 0
14580571, 44914136, 0
7753848, 46332074, 0
7007859, 46153199, 0
8356691, 45803831, 0
9004189, 45354327, 0
11519759, 46514162, 0
15366232, 46734027, 0
9144117, 47176734, 0
9300953, 47622492, 0
17931419, 48412931, 0
7759099, 48365838, 0
8948393, 48073953, 0
Waiting for the board to finish...
       c0: 5	c1: 5	c2: 5	c3: 5	c4: 5	c5: 5	c6: 5	c7: 5	c8: 5	c9: 5	c10: 5	c11: 5	c13: 5	c14: 5	c15: 5	
Read data from board
2689754, 44330567, 0
6267298, 44508988, 0
10417063, 44690267, 0
14580992, 44913403, 0
7753933, 46331483, 0
7008092, 46152637, 0
8358887, 45803142, 0
9004872, 45353647, 0
11519360, 46513273, 0
15366495, 46733141, 0
9144115, 47175888, 0
9300483, 47621892, 0
17930818, 48412330, 0
7758462, 48365243, 0
8948339, 48073351, 0
Waiting for the board to finish...
       c0: 5	c1: 5	c2: 5	c3: 5	c4: 5	c5: 5	c6: 5	c7: 5	c8: 5	c9: 5	c10: 5	c11: 5	c13: 5	c14: 5	c15: 5	
Read data from board
2689754, 44330162, 0
6266985, 44508618, 0
10416226, 44689962, 0
14581007, 44913431, 0
7753982, 46331160, 0
7007920, 46152229, 0
8359241, 45802911, 0
8993776, 45353582, 0
11519339, 46513205, 0
15366725, 46733045, 0
9144859, 47175747, 0
9301083, 47621780, 0
17930686, 48412198, 0
7758351, 48365117, 0
8948592, 48073236, 0
Average:
2689754, 44331218, 0
6266273, 44509624, 0
10415349, 44690937, 0
14579507, 44914264, 0
7754168, 46332213, 0
7007784, 46153331, 0
8358934, 45803921, 0
9002875, 45354456, 0
11519444, 46514212, 0
15365975, 46734061, 0
9144027, 47176792, 0
9300808, 47622733, 0
17837807, 48413238, 0
7759140, 48366096, 0
8948661, 48074207, 0
