Host is running ...
size: 64000
Waiting for the board to finish...
       c0: 5	c1: 5	c2: 5	c3: 5	c4: 5	c5: 5	c6: 5	c7: 5	c8: 5	c9: 5	c10: 5	c11: 5	c13: 5	c14: 5	c15: 5	
Read data from board
197100, 234927247, 0
934292, 235618222, 0
500866, 236319708, 0
1051246, 237290997, 0
1379049, 243018020, 0
1006100, 242064118, 0
1308222, 240568517, 0
1399891, 239049432, 0
717985, 243978045, 0
1481958, 246021722, 0
1891736, 248800689, 0
1802949, 251649403, 0
0, 257211160, 0
2181587, 256925473, 0
1878702, 254546959, 0
Waiting for the board to finish...
       c0: 5	c1: 5	c2: 5	c3: 5	c4: 5	c5: 5	c6: 5	c7: 5	c8: 5	c9: 5	c10: 5	c11: 5	c13: 5	c14: 5	c15: 5	
Read data from board
197100, 234921591, 0
934974, 235612221, 0
500860, 236315473, 0
1051276, 237283715, 0
1379032, 243012080, 0
1006352, 242056783, 0
1308331, 240560580, 0
1399589, 239041057, 0
717977, 243972220, 0
1481960, 246016742, 0
1891424, 248795976, 0
1802866, 251654054, 0
0, 257212313, 0
2182435, 256920037, 0
1878706, 254552053, 0
Waiting for the board to finish...
       c0: 5	c1: 5	c2: 5	c3: 5	c4: 5	c5: 5	c6: 5	c7: 5	c8: 5	c9: 5	c10: 5	c11: 5	c13: 5	c14: 5	c15: 5	
Read data from board
197100, 234906110, 0
934472, 235597274, 0
500864, 236301473, 0
1054195, 237271922, 0
1379043, 242998727, 0
1006353, 242044486, 0
1308283, 240548538, 0
1401559, 239029121, 0
718243, 243960204, 0
1481980, 246004787, 0
1891435, 248782757, 0
1802906, 251638744, 0
0, 257203983, 0
2180815, 256916223, 0
1878419, 254537236, 0
Waiting for the board to finish...
       c0: 5	c1: 5	c2: 5	c3: 5	c4: 5	c5: 5	c6: 5	c7: 5	c8: 5	c9: 5	c10: 5	c11: 5	c13: 5	c14: 5	c15: 5	
Read data from board
197100, 234897795, 0
932965, 235589273, 0
497908, 236293269, 0
1048316, 237262454, 0
1377635, 242991322, 0
1004700, 242036713, 0
1308235, 240540459, 0
1397928, 239019997, 0
715124, 243951755, 0
1479089, 245996006, 0
1890593, 248774870, 0
1802918, 251626288, 0
0, 257192442, 0
2181462, 256902716, 0
1878699, 254524176, 0
Waiting for the board to finish...
       c0: 5	c1: 5	c2: 5	c3: 5	c4: 5	c5: 5	c6: 5	c7: 5	c8: 5	c9: 5	c10: 5	c11: 5	c13: 5	c14: 5	c15: 5	
Read data from board
197100, 234918711, 0
934809, 235610008, 0
499395, 236313405, 0
1048322, 237284121, 0
1379059, 243011250, 0
1006084, 242056088, 0
1308278, 240561054, 0
1398229, 239040895, 0
718273, 243971848, 0
1481948, 246016088, 0
1891434, 248794835, 0
1802926, 251651701, 0
0, 257213458, 0
2181495, 256923573, 0
1878661, 254548686, 0
Waiting for the board to finish...
       c0: 5	c1: 5	c2: 5	c3: 5	c4: 5	c5: 5	c6: 5	c7: 5	c8: 5	c9: 5	c10: 5	c11: 5	c13: 5	c14: 5	c15: 5	
Read data from board
197100, 234921829, 0
935429, 235614778, 0
500854, 236318773, 0
1054206, 237290796, 0
1379038, 243020753, 0
1006074, 242065632, 0
1308332, 240569821, 0
1399599, 239049009, 0
718002, 243980934, 0
1481972, 246024741, 0
1891403, 248805031, 0
1802913, 251659521, 0
0, 257225546, 0
2180365, 256932000, 0
1878750, 254556042, 0
Waiting for the board to finish...
       c0: 5	c1: 5	c2: 5	c3: 5	c4: 5	c5: 5	c6: 5	c7: 5	c8: 5	c9: 5	c10: 5	c11: 5	c13: 5	c14: 5	c15: 5	
Read data from board
197100, 234903055, 0
934820, 235595022, 0
499359, 236297219, 0
1048311, 237266747, 0
1379044, 242994566, 0
1006379, 242040464, 0
1308262, 240544611, 0
1397904, 239024335, 0
716550, 243955135, 0
1479069, 245999684, 0
1891461, 248779970, 0
1802890, 251632147, 0
0, 257196485, 0
2181478, 256905927, 0
1878707, 254529944, 0
Waiting for the board to finish...
       c0: 5	c1: 5	c2: 5	c3: 5	c4: 5	c5: 5	c6: 5	c7: 5	c8: 5	c9: 5	c10: 5	c11: 5	c13: 5	c14: 5	c15: 5	
Read data from board
197100, 234912712, 0
935018, 235602669, 0
500863, 236304424, 0
1051262, 237273766, 0
1379086, 243001372, 0
1006084, 242046463, 0
1308268, 240551603, 0
1397893, 239031937, 0
717975, 243960851, 0
1481949, 246005585, 0
1891450, 248784062, 0
1802904, 251641153, 0
0, 257202333, 0
2182155, 256914012, 0
1878727, 254538533, 0
Waiting for the board to finish...
       c0: 5	c1: 5	c2: 5	c3: 5	c4: 5	c5: 5	c6: 5	c7: 5	c8: 5	c9: 5	c10: 5	c11: 5	c13: 5	c14: 5	c15: 5	
Read data from board
197100, 234898954, 0
934930, 235590089, 0
499382, 236293873, 0
1048316, 237263861, 0
1379093, 242990463, 0
1005256, 242035597, 0
1308257, 240541332, 0
1398192, 239021786, 0
717990, 243951204, 0
1479089, 245995656, 0
1891757, 248773542, 0
1802933, 251624067, 0
0, 257179263, 0
2180139, 256890170, 0
1878652, 254523282, 0
Waiting for the board to finish...
       c0: 5	c1: 5	c2: 5	c3: 5	c4: 5	c5: 5	c6: 5	c7: 5	c8: 5	c9: 5	c10: 5	c11: 5	c13: 5	c14: 5	c15: 5	
Read data from board
197100, 234924857, 0
935128, 235615993, 0
500844, 236317943, 0
1054164, 237287888, 0
1379063, 243014351, 0
1006364, 242059866, 0
1308246, 240565320, 0
1399602, 239045567, 0
717966, 243974662, 0
1481966, 246018957, 0
1891726, 248795391, 0
1802923, 251649620, 0
0, 257201704, 0
2181019, 256914826, 0
1878700, 254548514, 0
Average:
197100, 234913286, 0
934683, 235604554, 0
500119, 236307556, 0
1050961, 237277626, 0
1378914, 243005290, 0
1005974, 242050621, 0
1308271, 240555183, 0
1399038, 239035313, 0
717608, 243965685, 0
1481098, 246009996, 0
1891441, 248788712, 0
1802912, 251642669, 0
0, 257203868, 0
2181295, 256914495, 0
1878672, 254540542, 0
