Host is running ...
size: 64000
Waiting for the board to finish...
       c0: 5	c1: 5	c2: 5	c3: 5	c4: 5	c5: 5	c6: 5	c7: 5	c8: 5	c9: 5	c10: 5	c11: 5	c13: 5	c14: 5	c15: 5	
Read data from board
0, 113846938, 0
7438, 113888331, 0
17775115, 113912744, 0
2168097, 113993762, 0
4358433, 114331613, 0
6434526, 114301216, 0
613849, 114181261, 0
1336644, 114095815, 0
40114149, 114343286, 0
55054987, 114354837, 0
55007588, 114371028, 0
56124672, 114388175, 0
75344554, 114513982, 0
29042211, 114512301, 0
55631477, 114439781, 0
Waiting for the board to finish...
       c0: 5	c1: 5	c2: 5	c3: 5	c4: 5	c5: 5	c6: 5	c7: 5	c8: 5	c9: 5	c10: 5	c11: 5	c13: 5	c14: 5	c15: 5	
Read data from board
0, 113846833, 0
7471, 113888090, 0
17775888, 113912473, 0
2160360, 113993433, 0
4358670, 114331322, 0
6434138, 114300919, 0
613233, 114180922, 0
1333704, 114095464, 0
40113413, 114343011, 0
55054797, 114354524, 0
55008382, 114370704, 0
56125929, 114387891, 0
76290951, 114513738, 0
29022456, 114512046, 0
55638371, 114439528, 0
Waiting for the board to finish...
       c0: 5	c1: 5	c2: 5	c3: 5	c4: 5	c5: 5	c6: 5	c7: 5	c8: 5	c9: 5	c10: 5	c11: 5	c13: 5	c14: 5	c15: 5	
Read data from board
0, 113845640, 0
7472, 113886849, 0
17769469, 113911281, 0
2150055, 113992299, 0
4358832, 114330293, 0
6434713, 114299931, 0
612843, 114179939, 0
1331241, 114094476, 0
40112419, 114342005, 0
55053200, 114353573, 0
55005932, 114369756, 0
56124891, 114386921, 0
76291713, 114512743, 0
29020076, 114511069, 0
55637693, 114438565, 0
Waiting for the board to finish...
       c0: 5	c1: 5	c2: 5	c3: 5	c4: 5	c5: 5	c6: 5	c7: 5	c8: 5	c9: 5	c10: 5	c11: 5	c13: 5	c14: 5	c15: 5	
Read data from board
0, 113846123, 0
7489, 113887347, 0
17771938, 113911730, 0
2156479, 113992764, 0
4358722, 114330541, 0
6434405, 114300173, 0
611515, 114180186, 0
1327612, 114094789, 0
40113626, 114342248, 0
55054025, 114353812, 0
55007175, 114370003, 0
56125444, 114387164, 0
76290806, 114513004, 0
29021681, 114511320, 0
55636070, 114438802, 0
Waiting for the board to finish...
       c0: 5	c1: 5	c2: 5	c3: 5	c4: 5	c5: 5	c6: 5	c7: 5	c8: 5	c9: 5	c10: 5	c11: 5	c13: 5	c14: 5	c15: 5	
Read data from board
0, 113846171, 0
7476, 113887460, 0
17776438, 113911850, 0
2165388, 113992798, 0
4359319, 114330740, 0
6434675, 114300375, 0
612584, 114180370, 0
1332136, 114094917, 0
40113019, 114342441, 0
55054196, 114354003, 0
55006669, 114370195, 0
56125467, 114387364, 0
76291706, 114513215, 0
29020601, 114511541, 0
55637908, 114439031, 0
Waiting for the board to finish...
       c0: 5	c1: 5	c2: 5	c3: 5	c4: 5	c5: 5	c6: 5	c7: 5	c8: 5	c9: 5	c10: 5	c11: 5	c13: 5	c14: 5	c15: 5	
Read data from board
0, 113846879, 0
7471, 113888225, 0
17772323, 113912597, 0
2152982, 113993594, 0
4358692, 114331391, 0
6434757, 114300996, 0
606724, 114181056, 0
1320447, 114095564, 0
40112997, 114343052, 0
55055240, 114354613, 0
55007570, 114370807, 0
56126166, 114387944, 0
76291636, 114513763, 0
29021705, 114512085, 0
55638566, 114439565, 0
Waiting for the board to finish...
       c0: 5	c1: 5	c2: 5	c3: 5	c4: 5	c5: 5	c6: 5	c7: 5	c8: 5	c9: 5	c10: 5	c11: 5	c13: 5	c14: 5	c15: 5	
Read data from board
0, 113846938, 0
7476, 113888169, 0
17774166, 113912588, 0
2160528, 113993647, 0
4357704, 114331465, 0
6434975, 114301101, 0
612594, 114181196, 0
1329329, 114095779, 0
40113404, 114343158, 0
55055502, 114354729, 0
55007614, 114370920, 0
56126233, 114388077, 0
76292526, 114513899, 0
29021432, 114512221, 0
55637813, 114439709, 0
Waiting for the board to finish...
       c0: 5	c1: 5	c2: 5	c3: 5	c4: 5	c5: 5	c6: 5	c7: 5	c8: 5	c9: 5	c10: 5	c11: 5	c13: 5	c14: 5	c15: 5	
Read data from board
0, 113848641, 0
7476, 113889810, 0
17770265, 113914219, 0
2157379, 113995214, 0
4359771, 114333048, 0
6434475, 114302668, 0
614278, 114182687, 0
1330920, 114097285, 0
40115386, 114344742, 0
55055953, 114356292, 0
55009398, 114372493, 0
56127973, 114389648, 0
76294201, 114515487, 0
29023064, 114513815, 0
55639407, 114441307, 0
Waiting for the board to finish...
       c0: 5	c1: 5	c2: 5	c3: 5	c4: 5	c5: 5	c6: 5	c7: 5	c8: 5	c9: 5	c10: 5	c11: 5	c13: 5	c14: 5	c15: 5	
Read data from board
0, 113847590, 0
7478, 113888971, 0
17775730, 113913373, 0
2170365, 113994278, 0
4359315, 114332212, 0
6434493, 114301830, 0
611902, 114181912, 0
1337463, 114096449, 0
40113675, 114343924, 0
55054934, 114355487, 0
55008328, 114371675, 0
56127543, 114388831, 0
76292725, 114514686, 0
29023796, 114513010, 0
55637930, 114440507, 0
Waiting for the board to finish...
       c0: 5	c1: 5	c2: 5	c3: 5	c4: 5	c5: 5	c6: 5	c7: 5	c8: 5	c9: 5	c10: 5	c11: 5	c13: 5	c14: 5	c15: 5	
Read data from board
0, 113849163, 0
7456, 113890321, 0
17776009, 113914743, 0
2171658, 113995807, 0
4360344, 114333667, 0
6434435, 114303279, 0
617454, 114183310, 0
1338377, 114097801, 0
40115860, 114345336, 0
55057313, 114356890, 0
55010595, 114373066, 0
56128019, 114390236, 0
76294550, 114516013, 0
29024655, 114514329, 0
55640380, 114441801, 0
Average:
0, 113847091, 0
7470, 113888357, 0
17773734, 113912759, 0
2161329, 113993759, 0
4358980, 114331629, 0
6434559, 114301248, 0
612697, 114181283, 0
1331787, 114095833, 0
40113794, 114343320, 0
55055014, 114354876, 0
55007925, 114371064, 0
56126233, 114388225, 0
76197536, 114514053, 0
29024167, 114512373, 0
55637561, 114439859, 0
