Host is running ...
size: 64000
Waiting for the board to finish...
       c0: 5	c1: 5	c2: 5	c3: 5	c4: 5	c5: 5	c6: 5	c7: 5	c8: 5	c9: 5	c10: 5	c11: 5	c13: 5	c14: 5	c15: 5	
Read data from board
2635906, 58381155, 0
46304, 58566651, 0
16740763, 58634760, 0
27109548, 58692460, 0
1176824, 59449546, 0
14277352, 59261254, 0
28248734, 58901375, 0
27074081, 58800002, 0
17362755, 59519882, 0
28053484, 59577458, 0
27893970, 59683394, 0
29124136, 59785987, 0
24785392, 60393336, 0
5241196, 60366536, 0
29315138, 60009061, 0
Waiting for the board to finish...
       c0: 5	c1: 5	c2: 5	c3: 5	c4: 5	c5: 5	c6: 5	c7: 5	c8: 5	c9: 5	c10: 5	c11: 5	c13: 5	c14: 5	c15: 5	
Read data from board
2635906, 58379599, 0
46323, 58565056, 0
16739034, 58633173, 0
27108139, 58690862, 0
1174626, 59448151, 0
14275667, 59259870, 0
28246006, 58899746, 0
27072520, 58798417, 0
17361294, 59518474, 0
28052156, 59576053, 0
27892845, 59681993, 0
29122924, 59784575, 0
25724753, 60391837, 0
5239854, 60365053, 0
29313407, 60007603, 0
Waiting for the board to finish...
       c0: 5	c1: 5	c2: 5	c3: 5	c4: 5	c5: 5	c6: 5	c7: 5	c8: 5	c9: 5	c10: 5	c11: 5	c13: 5	c14: 5	c15: 5	
Read data from board
2635906, 58380197, 0
46323, 58565670, 0
16739726, 58633785, 0
27108835, 58691465, 0
1176072, 59448564, 0
14276419, 59260259, 0
28247075, 58900380, 0
27073076, 58799023, 0
17361685, 59518877, 0
28052828, 59576437, 0
27893049, 59682378, 0
29123249, 59784927, 0
25725121, 60392184, 0
5240297, 60365386, 0
29313151, 60007921, 0
Waiting for the board to finish...
       c0: 5	c1: 5	c2: 5	c3: 5	c4: 5	c5: 5	c6: 5	c7: 5	c8: 5	c9: 5	c10: 5	c11: 5	c13: 5	c14: 5	c15: 5	
Read data from board
2635906, 58379725, 0
46323, 58565186, 0
16739267, 58633291, 0
27108226, 58690980, 0
1175364, 59448179, 0
14276025, 59259905, 0
28246373, 58899839, 0
27072566, 58798556, 0
17361398, 59518523, 0
28052016, 59576105, 0
27892865, 59682034, 0
29122911, 59784612, 0
25724857, 60391908, 0
5240096, 60365134, 0
29313279, 60007696, 0
Waiting for the board to finish...
       c0: 5	c1: 5	c2: 5	c3: 5	c4: 5	c5: 5	c6: 5	c7: 5	c8: 5	c9: 5	c10: 5	c11: 5	c13: 5	c14: 5	c15: 5	
Read data from board
2635906, 58380065, 0
46323, 58565531, 0
16739491, 58633642, 0
27108531, 58691325, 0
1176357, 59448524, 0
14275917, 59260224, 0
28246990, 58900100, 0
27073091, 58798820, 0
17361675, 59518814, 0
28052543, 59576395, 0
27893027, 59682336, 0
29123220, 59784891, 0
25725097, 60392163, 0
5240032, 60365371, 0
29313432, 60007927, 0
Waiting for the board to finish...
       c0: 5	c1: 5	c2: 5	c3: 5	c4: 5	c5: 5	c6: 5	c7: 5	c8: 5	c9: 5	c10: 5	c11: 5	c13: 5	c14: 5	c15: 5	
Read data from board
2635906, 58380345, 0
46323, 58565811, 0
16739950, 58633931, 0
27108737, 58691610, 0
1175918, 59448796, 0
14276439, 59260504, 0
28247212, 58900456, 0
27073320, 58799155, 0
17362047, 59519143, 0
28052756, 59576709, 0
27893361, 59682651, 0
29123408, 59785241, 0
25725472, 60392539, 0
5240580, 60365749, 0
29313641, 60008319, 0
Waiting for the board to finish...
       c0: 5	c1: 5	c2: 5	c3: 5	c4: 5	c5: 5	c6: 5	c7: 5	c8: 5	c9: 5	c10: 5	c11: 5	c13: 5	c14: 5	c15: 5	
Read data from board
2635906, 58379364, 0
46328, 58564839, 0
16738955, 58632944, 0
27107933, 58690629, 0
1175012, 59447853, 0
14275811, 59259548, 0
28245804, 58899492, 0
27072337, 58798192, 0
17361030, 59518173, 0
28051953, 59575748, 0
27892417, 59681702, 0
29122895, 59784292, 0
25724483, 60391595, 0
5239390, 60364803, 0
29312742, 60007375, 0
Waiting for the board to finish...
       c0: 5	c1: 5	c2: 5	c3: 5	c4: 5	c5: 5	c6: 5	c7: 5	c8: 5	c9: 5	c10: 5	c11: 5	c13: 5	c14: 5	c15: 5	
Read data from board
2635906, 58379391, 0
46323, 58564872, 0
16738969, 58632969, 0
27107829, 58690632, 0
1174790, 59447789, 0
14275394, 59259482, 0
28246064, 58899473, 0
27072084, 58798126, 0
17361022, 59518063, 0
28051951, 59575655, 0
27892339, 59681592, 0
29122698, 59784181, 0
25724386, 60391439, 0
5239406, 60364631, 0
29312294, 60007167, 0
Waiting for the board to finish...
       c0: 5	c1: 5	c2: 5	c3: 5	c4: 5	c5: 5	c6: 5	c7: 5	c8: 5	c9: 5	c10: 5	c11: 5	c13: 5	c14: 5	c15: 5	
Read data from board
2635906, 58379596, 0
46330, 58565093, 0
16739152, 58633201, 0
27108180, 58690890, 0
1175363, 59448041, 0
14275555, 59259751, 0
28246471, 58899716, 0
27072488, 58798413, 0
17361412, 59518375, 0
28052113, 59575942, 0
27892657, 59681883, 0
29122999, 59784487, 0
25724770, 60391833, 0
5239789, 60365041, 0
29313233, 60007579, 0
Waiting for the board to finish...
       c0: 5	c1: 5	c2: 5	c3: 5	c4: 5	c5: 5	c6: 5	c7: 5	c8: 5	c9: 5	c10: 5	c11: 5	c13: 5	c14: 5	c15: 5	
Read data from board
2635906, 58379920, 0
46323, 58565400, 0
16739390, 58633512, 0
27108591, 58691185, 0
1175038, 59448269, 0
14275920, 59259969, 0
28246178, 58900010, 0
27072952, 58798678, 0
17361391, 59518546, 0
28052364, 59576104, 0
27892747, 59682038, 0
29123165, 59784632, 0
25724860, 60391931, 0
5240009, 60365135, 0
29313053, 60007681, 0
Average:
2635906, 58379935, 0
46322, 58565410, 0
16739469, 58633520, 0
27108454, 58691203, 0
1175536, 59448371, 0
14276049, 59260076, 0
28246690, 58900058, 0
27072851, 58798738, 0
17361570, 59518687, 0
28052416, 59576260, 0
27892927, 59682200, 0
29123160, 59784782, 0
25630919, 60392076, 0
5240064, 60365283, 0
29313337, 60007832, 0
