Host is running ...
size: 64000
Waiting for the board to finish...
       c0: 5	c1: 5	c2: 5	c3: 5	c4: 5	c5: 5	c6: 5	c7: 5	c8: 5	c9: 5	c10: 5	c11: 5	c13: 5	c14: 5	c15: 5	
Read data from board
0, 226641334, 0
0, 227305000, 0
0, 228056576, 0
0, 229039437, 0
0, 235268754, 0
0, 234267531, 0
0, 232225532, 0
0, 230627060, 0
0, 236376594, 0
0, 237581043, 0
0, 240642085, 0
0, 243399516, 0
0, 250495722, 0
0, 249836038, 0
0, 246321769, 0
Waiting for the board to finish...
       c0: 5	c1: 5	c2: 5	c3: 5	c4: 5	c5: 5	c6: 5	c7: 5	c8: 5	c9: 5	c10: 5	c11: 5	c13: 5	c14: 5	c15: 5	
Read data from board
0, 226642438, 0
0, 227304708, 0
0, 228056241, 0
0, 229040452, 0
0, 235271823, 0
0, 234270115, 0
0, 232227915, 0
0, 230629005, 0
0, 236379192, 0
0, 237584332, 0
0, 240643899, 0
0, 243415652, 0
0, 250497665, 0
0, 249845989, 0
0, 246339875, 0
Waiting for the board to finish...
       c0: 5	c1: 5	c2: 5	c3: 5	c4: 5	c5: 5	c6: 5	c7: 5	c8: 5	c9: 5	c10: 5	c11: 5	c13: 5	c14: 5	c15: 5	
Read data from board
0, 226621184, 0
0, 227286169, 0
0, 228037158, 0
0, 229021358, 0
0, 235252546, 0
0, 234250911, 0
0, 232208005, 0
0, 230609589, 0
0, 236359703, 0
0, 237565742, 0
0, 240623805, 0
0, 243399610, 0
0, 250501187, 0
0, 249845944, 0
0, 246324509, 0
Waiting for the board to finish...
       c0: 5	c1: 5	c2: 5	c3: 5	c4: 5	c5: 5	c6: 5	c7: 5	c8: 5	c9: 5	c10: 5	c11: 5	c13: 5	c14: 5	c15: 5	
Read data from board
0, 226633222, 0
0, 227298200, 0
0, 228049926, 0
0, 229034037, 0
0, 235262233, 0
0, 234260904, 0
0, 232219219, 0
0, 230621155, 0
0, 236370013, 0
0, 237575201, 0
0, 240634118, 0
0, 243397482, 0
0, 250519584, 0
0, 249859004, 0
0, 246321807, 0
Waiting for the board to finish...
       c0: 5	c1: 5	c2: 5	c3: 5	c4: 5	c5: 5	c6: 5	c7: 5	c8: 5	c9: 5	c10: 5	c11: 5	c13: 5	c14: 5	c15: 5	
Read data from board
0, 226659814, 0
0, 227325776, 0
0, 228076393, 0
0, 229059904, 0
0, 235289278, 0
0, 234287186, 0
0, 232245530, 0
0, 230646880, 0
0, 236396573, 0
0, 237602121, 0
0, 240662274, 0
0, 243436398, 0
0, 250551352, 0
0, 249895878, 0
0, 246360120, 0
Waiting for the board to finish...
       c0: 5	c1: 5	c2: 5	c3: 5	c4: 5	c5: 5	c6: 5	c7: 5	c8: 5	c9: 5	c10: 5	c11: 5	c13: 5	c14: 5	c15: 5	
Read data from board
0, 226653926, 0
0, 227320772, 0
0, 228071458, 0
0, 229054713, 0
0, 235284044, 0
0, 234282434, 0
0, 232240556, 0
0, 230642521, 0
0, 236391638, 0
0, 237596907, 0
0, 240656494, 0
0, 243427442, 0
0, 250496095, 0
0, 249852331, 0
0, 246352150, 0
Waiting for the board to finish...
       c0: 5	c1: 5	c2: 5	c3: 5	c4: 5	c5: 5	c6: 5	c7: 5	c8: 5	c9: 5	c10: 5	c11: 5	c13: 5	c14: 5	c15: 5	
Read data from board
0, 226636783, 0
0, 227303235, 0
0, 228055243, 0
0, 229039998, 0
0, 235269067, 0
0, 234267484, 0
0, 232225511, 0
0, 230627303, 0
0, 236376238, 0
0, 237581790, 0
0, 240641555, 0
0, 243410740, 0
0, 250507245, 0
0, 249842982, 0
0, 246334969, 0
Waiting for the board to finish...
       c0: 5	c1: 5	c2: 5	c3: 5	c4: 5	c5: 5	c6: 5	c7: 5	c8: 5	c9: 5	c10: 5	c11: 5	c13: 5	c14: 5	c15: 5	
Read data from board
0, 226629223, 0
0, 227296388, 0
0, 228047601, 0
0, 229030307, 0
0, 235260965, 0
0, 234259148, 0
0, 232216896, 0
0, 230617529, 0
0, 236368184, 0
0, 237572262, 0
0, 240631704, 0
0, 243403646, 0
0, 250500909, 0
0, 249852070, 0
0, 246328624, 0
Waiting for the board to finish...
       c0: 5	c1: 5	c2: 5	c3: 5	c4: 5	c5: 5	c6: 5	c7: 5	c8: 5	c9: 5	c10: 5	c11: 5	c13: 5	c14: 5	c15: 5	
Read data from board
0, 226628079, 0
0, 227290414, 0
0, 228041487, 0
0, 229024984, 0
0, 235256422, 0
0, 234254195, 0
0, 232212137, 0
0, 230613453, 0
0, 236364333, 0
0, 237570330, 0
0, 240629151, 0
0, 243404142, 0
0, 250505468, 0
0, 249847536, 0
0, 246330405, 0
Waiting for the board to finish...
       c0: 5	c1: 5	c2: 5	c3: 5	c4: 5	c5: 5	c6: 5	c7: 5	c8: 5	c9: 5	c10: 5	c11: 5	c13: 5	c14: 5	c15: 5	
Read data from board
0, 226613977, 0
0, 227280449, 0
0, 228029271, 0
0, 229013240, 0
0, 235245756, 0
0, 234243736, 0
0, 232200480, 0
0, 230601329, 0
0, 236353249, 0
0, 237558833, 0
0, 240619206, 0
0, 243392619, 0
0, 250482335, 0
0, 249828858, 0
0, 246319354, 0
Average:
0, 226635998, 0
0, 227301111, 0
0, 228052135, 0
0, 229035843, 0
0, 235266088, 0
0, 234264364, 0
0, 232222178, 0
0, 230623582, 0
0, 236373571, 0
0, 237578856, 0
0, 240638429, 0
0, 243408724, 0
0, 250505756, 0
0, 249850663, 0
0, 246333358, 0
