Host is running ...
size: 64000
Waiting for the board to finish...
       c0: 5	c1: 5	c2: 5	c3: 5	c4: 5	c5: 5	c6: 5	c7: 5	c8: 5	c9: 5	c10: 5	c11: 5	c13: 5	c14: 5	c15: 5	
Read data from board
31963933, 55138762, 0
0, 55165509, 0
0, 55166480, 0
0, 55168249, 0
0, 55224230, 0
3964384, 55198789, 0
0, 55173386, 0
0, 55172302, 0
0, 55227085, 0
0, 55228860, 0
0, 55231058, 0
0, 55233311, 0
0, 55271361, 0
0, 55267294, 0
0, 55236911, 0
Waiting for the board to finish...
       c0: 5	c1: 5	c2: 5	c3: 5	c4: 5	c5: 5	c6: 5	c7: 5	c8: 5	c9: 5	c10: 5	c11: 5	c13: 5	c14: 5	c15: 5	
Read data from board
31958556, 55134722, 0
0, 55161488, 0
0, 55162444, 0
0, 55164197, 0
0, 55220178, 0
3967857, 55194734, 0
0, 55169383, 0
0, 55168265, 0
0, 55223024, 0
0, 55224815, 0
0, 55227027, 0
0, 55229289, 0
0, 55267266, 0
0, 55263174, 0
0, 55232844, 0
Waiting for the board to finish...
       c0: 5	c1: 5	c2: 5	c3: 5	c4: 5	c5: 5	c6: 5	c7: 5	c8: 5	c9: 5	c10: 5	c11: 5	c13: 5	c14: 5	c15: 5	
Read data from board
31961931, 55137915, 0
0, 55164638, 0
0, 55165624, 0
0, 55167368, 0
0, 55223218, 0
3964735, 55197766, 0
0, 55172484, 0
0, 55171380, 0
0, 55226019, 0
0, 55227770, 0
0, 55229964, 0
0, 55232217, 0
0, 55270272, 0
0, 55266177, 0
0, 55235780, 0
Waiting for the board to finish...
       c0: 5	c1: 5	c2: 5	c3: 5	c4: 5	c5: 5	c6: 5	c7: 5	c8: 5	c9: 5	c10: 5	c11: 5	c13: 5	c14: 5	c15: 5	
Read data from board
31959931, 55137262, 0
0, 55164041, 0
0, 55165015, 0
0, 55166783, 0
0, 55222818, 0
3962355, 55197364, 0
0, 55171941, 0
0, 55170811, 0
0, 55225632, 0
0, 55227429, 0
0, 55229629, 0
0, 55231884, 0
0, 55269941, 0
0, 55265854, 0
0, 55235491, 0
Waiting for the board to finish...
       c0: 5	c1: 5	c2: 5	c3: 5	c4: 5	c5: 5	c6: 5	c7: 5	c8: 5	c9: 5	c10: 5	c11: 5	c13: 5	c14: 5	c15: 5	
Read data from board
31959662, 55135513, 0
0, 55162251, 0
0, 55163228, 0
0, 55165022, 0
0, 55221008, 0
3963559, 55195548, 0
0, 55170169, 0
0, 55169051, 0
0, 55223813, 0
0, 55225581, 0
0, 55227799, 0
0, 55230075, 0
0, 55268107, 0
0, 55264022, 0
0, 55233651, 0
Waiting for the board to finish...
       c0: 5	c1: 5	c2: 5	c3: 5	c4: 5	c5: 5	c6: 5	c7: 5	c8: 5	c9: 5	c10: 5	c11: 5	c13: 5	c14: 5	c15: 5	
Read data from board
31964086, 55139423, 0
0, 55166179, 0
0, 55167151, 0
0, 55168917, 0
0, 55224901, 0
3966379, 55199444, 0
0, 55174080, 0
0, 55172970, 0
0, 55227710, 0
0, 55229490, 0
0, 55231722, 0
0, 55233992, 0
0, 55272007, 0
0, 55267938, 0
0, 55237535, 0
Waiting for the board to finish...
       c0: 5	c1: 5	c2: 5	c3: 5	c4: 5	c5: 5	c6: 5	c7: 5	c8: 5	c9: 5	c10: 5	c11: 5	c13: 5	c14: 5	c15: 5	
Read data from board
31961556, 55136533, 0
0, 55163296, 0
0, 55164265, 0
0, 55166038, 0
0, 55221919, 0
3964053, 55196458, 0
0, 55171200, 0
0, 55170083, 0
0, 55224724, 0
0, 55226515, 0
0, 55228725, 0
0, 55230990, 0
0, 55268982, 0
0, 55264893, 0
0, 55234543, 0
Waiting for the board to finish...
       c0: 5	c1: 5	c2: 5	c3: 5	c4: 5	c5: 5	c6: 5	c7: 5	c8: 5	c9: 5	c10: 5	c11: 5	c13: 5	c14: 5	c15: 5	
Read data from board
31959804, 55136275, 0
0, 55163022, 0
0, 55163969, 0
0, 55165729, 0
0, 55221655, 0
3963609, 55196193, 0
0, 55170884, 0
0, 55169754, 0
0, 55224440, 0
0, 55226229, 0
0, 55228424, 0
0, 55230670, 0
0, 55268712, 0
0, 55264603, 0
0, 55234231, 0
Waiting for the board to finish...
       c0: 5	c1: 5	c2: 5	c3: 5	c4: 5	c5: 5	c6: 5	c7: 5	c8: 5	c9: 5	c10: 5	c11: 5	c13: 5	c14: 5	c15: 5	
Read data from board
31961568, 55137741, 0
0, 55164522, 0
0, 55165493, 0
0, 55167259, 0
0, 55223145, 0
3965023, 55197706, 0
0, 55172400, 0
0, 55171306, 0
0, 55225975, 0
0, 55227750, 0
0, 55229956, 0
0, 55232215, 0
0, 55270283, 0
0, 55266206, 0
0, 55235820, 0
Waiting for the board to finish...
       c0: 5	c1: 5	c2: 5	c3: 5	c4: 5	c5: 5	c6: 5	c7: 5	c8: 5	c9: 5	c10: 5	c11: 5	c13: 5	c14: 5	c15: 5	
Read data from board
31958408, 55135516, 0
0, 55162276, 0
0, 55163238, 0
0, 55165022, 0
0, 55220928, 0
3966266, 55195470, 0
0, 55170119, 0
0, 55169021, 0
0, 55223725, 0
0, 55225498, 0
0, 55227687, 0
0, 55229945, 0
0, 55267947, 0
0, 55263852, 0
0, 55233455, 0
Average:
31960943, 55136966, 0
0, 55163722, 0
0, 55164690, 0
0, 55166458, 0
0, 55222400, 0
3964822, 55196947, 0
0, 55171604, 0
0, 55170494, 0
0, 55225214, 0
0, 55226993, 0
0, 55229199, 0
0, 55231458, 0
0, 55269487, 0
0, 55265401, 0
0, 55235026, 0
