Host is running ...
size: 64000
Waiting for the board to finish...
       c0: 5	c1: 5	c2: 5	c3: 5	c4: 5	c5: 5	c6: 5	c7: 5	c8: 5	c9: 5	c10: 5	c11: 5	c13: 5	c14: 5	c15: 5	
Read data from board
31748992, 54981779, 0
0, 55296931, 0
0, 55297902, 0
0, 55299655, 0
0, 55356988, 0
0, 55325569, 0
0, 55304760, 0
0, 55303658, 0
0, 55359766, 0
0, 55361521, 0
0, 55363723, 0
0, 55365981, 0
0, 55405427, 0
0, 55400142, 0
0, 55369372, 0
Waiting for the board to finish...
       c0: 5	c1: 5	c2: 5	c3: 5	c4: 5	c5: 5	c6: 5	c7: 5	c8: 5	c9: 5	c10: 5	c11: 5	c13: 5	c14: 5	c15: 5	
Read data from board
31752688, 54984445, 0
0, 55299592, 0
0, 55300562, 0
0, 55302340, 0
0, 55359937, 0
0, 55328346, 0
0, 55307513, 0
0, 55306403, 0
0, 55362751, 0
0, 55364525, 0
0, 55366742, 0
0, 55369015, 0
0, 55408141, 0
0, 55402863, 0
0, 55372466, 0
Waiting for the board to finish...
       c0: 5	c1: 5	c2: 5	c3: 5	c4: 5	c5: 5	c6: 5	c7: 5	c8: 5	c9: 5	c10: 5	c11: 5	c13: 5	c14: 5	c15: 5	
Read data from board
31758226, 54988073, 0
0, 55303229, 0
0, 55304189, 0
0, 55305954, 0
0, 55363440, 0
0, 55331866, 0
0, 55311063, 0
0, 55309944, 0
0, 55366212, 0
0, 55367998, 0
0, 55370191, 0
0, 55372471, 0
0, 55411607, 0
0, 55406331, 0
0, 55375920, 0
Waiting for the board to finish...
       c0: 5	c1: 5	c2: 5	c3: 5	c4: 5	c5: 5	c6: 5	c7: 5	c8: 5	c9: 5	c10: 5	c11: 5	c13: 5	c14: 5	c15: 5	
Read data from board
31757862, 54988422, 0
0, 55303564, 0
0, 55304534, 0
0, 55306300, 0
0, 55363898, 0
0, 55332255, 0
0, 55311467, 0
0, 55310357, 0
0, 55366711, 0
0, 55368482, 0
0, 55370707, 0
0, 55373005, 0
0, 55412221, 0
0, 55406986, 0
0, 55376494, 0
Waiting for the board to finish...
       c0: 5	c1: 5	c2: 5	c3: 5	c4: 5	c5: 5	c6: 5	c7: 5	c8: 5	c9: 5	c10: 5	c11: 5	c13: 5	c14: 5	c15: 5	
Read data from board
31750917, 54982954, 0
0, 55298136, 0
0, 55299094, 0
0, 55300858, 0
0, 55358440, 0
0, 55326817, 0
0, 55305992, 0
0, 55304914, 0
0, 55361260, 0
0, 55363039, 0
0, 55365238, 0
0, 55367539, 0
0, 55406790, 0
0, 55401420, 0
0, 55371026, 0
Waiting for the board to finish...
       c0: 5	c1: 5	c2: 5	c3: 5	c4: 5	c5: 5	c6: 5	c7: 5	c8: 5	c9: 5	c10: 5	c11: 5	c13: 5	c14: 5	c15: 5	
Read data from board
31752099, 54983659, 0
0, 55298700, 0
0, 55299712, 0
0, 55301469, 0
0, 55359024, 0
0, 55327425, 0
0, 55306604, 0
0, 55305487, 0
0, 55361800, 0
0, 55363579, 0
0, 55365767, 0
0, 55368022, 0
0, 55407165, 0
0, 55401882, 0
0, 55371486, 0
Waiting for the board to finish...
       c0: 5	c1: 5	c2: 5	c3: 5	c4: 5	c5: 5	c6: 5	c7: 5	c8: 5	c9: 5	c10: 5	c11: 5	c13: 5	c14: 5	c15: 5	
Read data from board
31756097, 54986528, 0
0, 55301653, 0
0, 55302619, 0
0, 55304398, 0
0, 55361544, 0
0, 55330365, 0
0, 55309551, 0
0, 55308439, 0
0, 55364354, 0
0, 55366133, 0
0, 55368333, 0
0, 55370624, 0
0, 55409907, 0
0, 55404519, 0
0, 55374107, 0
Waiting for the board to finish...
       c0: 5	c1: 5	c2: 5	c3: 5	c4: 5	c5: 5	c6: 5	c7: 5	c8: 5	c9: 5	c10: 5	c11: 5	c13: 5	c14: 5	c15: 5	
Read data from board
31751850, 54983599, 0
0, 55298683, 0
0, 55299651, 0
0, 55301399, 0
0, 55358904, 0
0, 55327437, 0
0, 55306555, 0
0, 55305450, 0
0, 55361689, 0
0, 55363448, 0
0, 55365674, 0
0, 55367935, 0
0, 55407083, 0
0, 55401800, 0
0, 55371393, 0
Waiting for the board to finish...
       c0: 5	c1: 5	c2: 5	c3: 5	c4: 5	c5: 5	c6: 5	c7: 5	c8: 5	c9: 5	c10: 5	c11: 5	c13: 5	c14: 5	c15: 5	
Read data from board
31753401, 54983676, 0
0, 55298696, 0
0, 55299671, 0
0, 55301423, 0
0, 55358816, 0
0, 55327426, 0
0, 55306587, 0
0, 55305465, 0
0, 55361641, 0
0, 55363427, 0
0, 55365647, 0
0, 55367917, 0
0, 55407326, 0
0, 55402068, 0
0, 55371356, 0
Waiting for the board to finish...
       c0: 5	c1: 5	c2: 5	c3: 5	c4: 5	c5: 5	c6: 5	c7: 5	c8: 5	c9: 5	c10: 5	c11: 5	c13: 5	c14: 5	c15: 5	
Read data from board
31755935, 54986791, 0
0, 55301866, 0
0, 55302827, 0
0, 55304613, 0
0, 55362214, 0
0, 55330578, 0
0, 55309765, 0
0, 55308635, 0
0, 55364995, 0
0, 55366773, 0
0, 55368957, 0
0, 55371231, 0
0, 55410615, 0
0, 55405369, 0
0, 55374671, 0
Average:
31753806, 54984992, 0
0, 55300105, 0
0, 55301076, 0
0, 55302840, 0
0, 55360320, 0
0, 55328808, 0
0, 55307985, 0
0, 55306875, 0
0, 55363117, 0
0, 55364892, 0
0, 55367097, 0
0, 55369374, 0
0, 55408628, 0
0, 55403338, 0
0, 55372829, 0
