Host is running ...
size: 64000
Waiting for the board to finish...
       c0: 5	c1: 5	c2: 5	c3: 5	c4: 5	c5: 5	c6: 5	c7: 5	c8: 5	c9: 5	c10: 5	c11: 5	c13: 5	c14: 5	c15: 5	
Read data from board
19540583, 232520295, 0
79714636, 233214807, 0
143091486, 233743610, 0
152557181, 234475201, 0
167589671, 240076028, 0
164633920, 239398947, 0
171892562, 237737382, 0
165512605, 236178481, 0
168868294, 241111781, 0
179535040, 242598618, 0
194664577, 245231772, 0
202376015, 247999836, 0
0, 253099131, 0
183410913, 252838460, 0
209416534, 250584527, 0
Waiting for the board to finish...
       c0: 5	c1: 5	c2: 5	c3: 5	c4: 5	c5: 5	c6: 5	c7: 5	c8: 5	c9: 5	c10: 5	c11: 5	c13: 5	c14: 5	c15: 5	
Read data from board
19551409, 232527856, 0
79760089, 233224711, 0
143158307, 233752025, 0
152608330, 234487800, 0
167583610, 240078872, 0
164644681, 239402247, 0
171902919, 237742831, 0
165566431, 236186648, 0
168862935, 241115370, 0
179538336, 242603416, 0
194686992, 245236950, 0
202397242, 248002798, 0
0, 253080804, 0
183398797, 252825254, 0
209443196, 250588574, 0
Waiting for the board to finish...
       c0: 5	c1: 5	c2: 5	c3: 5	c4: 5	c5: 5	c6: 5	c7: 5	c8: 5	c9: 5	c10: 5	c11: 5	c13: 5	c14: 5	c15: 5	
Read data from board
19552133, 232552269, 0
79776728, 233249014, 0
143180429, 233779407, 0
152625969, 234512830, 0
167653695, 240108124, 0
164694214, 239430319, 0
171948034, 237768827, 0
165600684, 236212417, 0
168935010, 241144774, 0
179597216, 242632477, 0
194747151, 245265270, 0
202450103, 248031940, 0
0, 253116026, 0
183427359, 252856147, 0
209464811, 250617374, 0
Waiting for the board to finish...
       c0: 5	c1: 5	c2: 5	c3: 5	c4: 5	c5: 5	c6: 5	c7: 5	c8: 5	c9: 5	c10: 5	c11: 5	c13: 5	c14: 5	c15: 5	
Read data from board
19542533, 232541884, 0
79741037, 233236862, 0
143149006, 233766368, 0
152602788, 234496560, 0
167586374, 240093571, 0
164635268, 239416333, 0
171910418, 237757391, 0
165576434, 236198547, 0
168863793, 241129042, 0
179542420, 242617285, 0
194704554, 245249590, 0
202414110, 248018321, 0
0, 253110456, 0
183416302, 252845318, 0
209445672, 250604077, 0
Waiting for the board to finish...
       c0: 5	c1: 5	c2: 5	c3: 5	c4: 5	c5: 5	c6: 5	c7: 5	c8: 5	c9: 5	c10: 5	c11: 5	c13: 5	c14: 5	c15: 5	
Read data from board
19564254, 232542802, 0
79820756, 233237567, 0
143244482, 233768005, 0
152657933, 234500910, 0
167633845, 240096074, 0
164694447, 239417866, 0
172016515, 237758462, 0
165662877, 236201200, 0
168915249, 241131753, 0
179573164, 242619877, 0
194713263, 245253500, 0
202415399, 248019218, 0
0, 253107429, 0
183426181, 252851935, 0
209451013, 250603766, 0
Waiting for the board to finish...
       c0: 5	c1: 5	c2: 5	c3: 5	c4: 5	c5: 5	c6: 5	c7: 5	c8: 5	c9: 5	c10: 5	c11: 5	c13: 5	c14: 5	c15: 5	
Read data from board
19567394, 232542397, 0
79816953, 233239193, 0
143241167, 233769176, 0
152657804, 234501695, 0
167673184, 240098999, 0
164735963, 239421771, 0
172030849, 237761537, 0
165695259, 236204239, 0
168955621, 241134537, 0
179615484, 242622095, 0
194777283, 245255486, 0
202439360, 248024620, 0
0, 253102695, 0
183416591, 252846431, 0
209459255, 250609697, 0
Waiting for the board to finish...
       c0: 5	c1: 5	c2: 5	c3: 5	c4: 5	c5: 5	c6: 5	c7: 5	c8: 5	c9: 5	c10: 5	c11: 5	c13: 5	c14: 5	c15: 5	
Read data from board
19546691, 232540281, 0
79763594, 233234561, 0
143159165, 233764004, 0
152596008, 234495988, 0
167591913, 240088189, 0
164629752, 239410243, 0
171899008, 237750060, 0
165560620, 236194614, 0
168869996, 241124626, 0
179547973, 242612398, 0
194686692, 245246149, 0
202407096, 248013468, 0
0, 253100985, 0
183415168, 252843411, 0
209430544, 250598334, 0
Waiting for the board to finish...
       c0: 5	c1: 5	c2: 5	c3: 5	c4: 5	c5: 5	c6: 5	c7: 5	c8: 5	c9: 5	c10: 5	c11: 5	c13: 5	c14: 5	c15: 5	
Read data from board
19534686, 232538116, 0
79749355, 233233144, 0
143148781, 233761802, 0
152597728, 234492990, 0
167591008, 240089053, 0
164633784, 239410808, 0
171894240, 237750816, 0
165548229, 236193486, 0
168870071, 241124042, 0
179548545, 242612397, 0
194684057, 245245798, 0
202401468, 248012639, 0
0, 253086728, 0
183402129, 252832197, 0
209447898, 250598007, 0
Waiting for the board to finish...
       c0: 5	c1: 5	c2: 5	c3: 5	c4: 5	c5: 5	c6: 5	c7: 5	c8: 5	c9: 5	c10: 5	c11: 5	c13: 5	c14: 5	c15: 5	
Read data from board
19549955, 232528452, 0
79767746, 233223303, 0
143168389, 233752649, 0
152604649, 234483884, 0
167571547, 240079979, 0
164623195, 239403022, 0
171870357, 237742327, 0
165550719, 236184947, 0
168846178, 241116192, 0
179533586, 242604057, 0
194674613, 245237452, 0
202386542, 248004323, 0
0, 253084331, 0
183401627, 252828946, 0
209433898, 250590887, 0
Waiting for the board to finish...
       c0: 5	c1: 5	c2: 5	c3: 5	c4: 5	c5: 5	c6: 5	c7: 5	c8: 5	c9: 5	c10: 5	c11: 5	c13: 5	c14: 5	c15: 5	
Read data from board
19576879, 232549499, 0
79841262, 233243316, 0
143263358, 233772123, 0
152667364, 234506371, 0
167651563, 240101051, 0
164698912, 239422324, 0
172015772, 237760975, 0
165678261, 236204852, 0
168932487, 241137335, 0
179601369, 242625366, 0
194753936, 245258142, 0
202439324, 248026253, 0
0, 253111369, 0
183424483, 252854324, 0
209452078, 250612303, 0
Average:
19552651, 232538385, 0
79775215, 233233647, 0
143180457, 233762916, 0
152617575, 234495422, 0
167612641, 240090994, 0
164662413, 239413388, 0
171938067, 237753060, 0
165595211, 236195943, 0
168891963, 241126945, 0
179563313, 242614798, 0
194709311, 245248010, 0
202412665, 248015341, 0
0, 253099995, 0
183413955, 252842242, 0
209444489, 250600754, 0
