Host is running ...
size: 64000
Waiting for the board to finish...
       c0: 5	c1: 5	c2: 5	c3: 5	c4: 5	c5: 5	c6: 5	c7: 5	c8: 5	c9: 5	c10: 5	c11: 5	c13: 5	c14: 5	c15: 5	
Read data from board
14667190, 226564065, 0
59581990, 227941569, 0
106290756, 229332862, 0
114869233, 230803892, 0
150369505, 242398050, 0
142786142, 240527959, 0
142448137, 237084964, 0
130698789, 233914999, 0
151809237, 244549665, 0
166744866, 247040690, 0
186771211, 252469163, 0
201540300, 258237069, 0
0, 268865501, 0
194569497, 268223984, 0
215519551, 264306576, 0
Waiting for the board to finish...
       c0: 5	c1: 5	c2: 5	c3: 5	c4: 5	c5: 5	c6: 5	c7: 5	c8: 5	c9: 5	c10: 5	c11: 5	c13: 5	c14: 5	c15: 5	
Read data from board
14664093, 226576642, 0
59562811, 227954259, 0
106282981, 229340757, 0
114876361, 230813194, 0
150386198, 242407685, 0
142796968, 240536730, 0
142457758, 237094874, 0
130700956, 233926181, 0
151823587, 244558259, 0
166796653, 247052263, 0
186825850, 252476146, 0
201602934, 258246535, 0
0, 268862011, 0
194567548, 268219840, 0
215558562, 264315621, 0
Waiting for the board to finish...
       c0: 5	c1: 5	c2: 5	c3: 5	c4: 5	c5: 5	c6: 5	c7: 5	c8: 5	c9: 5	c10: 5	c11: 5	c13: 5	c14: 5	c15: 5	
Read data from board
14656131, 226552195, 0
59556317, 227929899, 0
106248686, 229325250, 0
114840471, 230806992, 0
150340626, 242401240, 0
142759910, 240531561, 0
142416163, 237088919, 0
130672168, 233920435, 0
151778451, 244552189, 0
166730486, 247043381, 0
186781435, 252471552, 0
201564578, 258239086, 0
0, 268862308, 0
194564223, 268220428, 0
215531503, 264308111, 0
Waiting for the board to finish...
       c0: 5	c1: 5	c2: 5	c3: 5	c4: 5	c5: 5	c6: 5	c7: 5	c8: 5	c9: 5	c10: 5	c11: 5	c13: 5	c14: 5	c15: 5	
Read data from board
14649744, 226553910, 0
59533274, 227932618, 0
106223217, 229324901, 0
114815889, 230807086, 0
150346584, 242403626, 0
142760930, 240533510, 0
142410693, 237092012, 0
130680446, 233922512, 0
151783953, 244554204, 0
166743195, 247049192, 0
186792148, 252475701, 0
201583778, 258247558, 0
0, 268865461, 0
194556598, 268213531, 0
215555328, 264316861, 0
Waiting for the board to finish...
       c0: 5	c1: 5	c2: 5	c3: 5	c4: 5	c5: 5	c6: 5	c7: 5	c8: 5	c9: 5	c10: 5	c11: 5	c13: 5	c14: 5	c15: 5	
Read data from board
14654921, 226549645, 0
59574949, 227929641, 0
106292565, 229317539, 0
114870422, 230789098, 0
150331817, 242385154, 0
142758400, 240513865, 0
142434301, 237071446, 0
130693115, 233902640, 0
151769267, 244535461, 0
166750641, 247029022, 0
186752981, 252454588, 0
201544665, 258221597, 0
0, 268849617, 0
194545553, 268203665, 0
215513039, 264290837, 0
Waiting for the board to finish...
       c0: 5	c1: 5	c2: 5	c3: 5	c4: 5	c5: 5	c6: 5	c7: 5	c8: 5	c9: 5	c10: 5	c11: 5	c13: 5	c14: 5	c15: 5	
Read data from board
14663180, 226564442, 0
59601650, 227943544, 0
106363188, 229332931, 0
114953724, 230806086, 0
150422499, 242401361, 0
142829212, 240529865, 0
142515611, 237088627, 0
130769917, 233919739, 0
151857479, 244551644, 0
166811529, 247046535, 0
186833263, 252473803, 0
201590093, 258243283, 0
0, 268886333, 0
194585979, 268243094, 0
215534997, 264312619, 0
Waiting for the board to finish...
       c0: 5	c1: 5	c2: 5	c3: 5	c4: 5	c5: 5	c6: 5	c7: 5	c8: 5	c9: 5	c10: 5	c11: 5	c13: 5	c14: 5	c15: 5	
Read data from board
14644721, 226554003, 0
59536949, 227931965, 0
106258631, 229326258, 0
114851602, 230799170, 0
150385347, 242397433, 0
142771982, 240526820, 0
142413345, 237087026, 0
130688983, 233916757, 0
151822146, 244547223, 0
166791332, 247042795, 0
186827639, 252470998, 0
201588690, 258237455, 0
0, 268877282, 0
194576325, 268232419, 0
215526980, 264306566, 0
Waiting for the board to finish...
       c0: 5	c1: 5	c2: 5	c3: 5	c4: 5	c5: 5	c6: 5	c7: 5	c8: 5	c9: 5	c10: 5	c11: 5	c13: 5	c14: 5	c15: 5	
Read data from board
14655856, 226559686, 0
59553516, 227939188, 0
106265865, 229330281, 0
114849482, 230810010, 0
150398022, 242403955, 0
142783879, 240532910, 0
142468542, 237091672, 0
130719396, 233923513, 0
151835570, 244554586, 0
166786549, 247048986, 0
186789157, 252474722, 0
201568227, 258245349, 0
0, 268855707, 0
194558071, 268216173, 0
215537036, 264314657, 0
Waiting for the board to finish...
       c0: 5	c1: 5	c2: 5	c3: 5	c4: 5	c5: 5	c6: 5	c7: 5	c8: 5	c9: 5	c10: 5	c11: 5	c13: 5	c14: 5	c15: 5	
Read data from board
14642532, 226546320, 0
59545922, 227926565, 0
106237226, 229314347, 0
114800350, 230788289, 0
150274302, 242383657, 0
142702123, 240513230, 0
142354593, 237069574, 0
130635507, 233900426, 0
151713082, 244535173, 0
166691907, 247029115, 0
186733832, 252456652, 0
201523975, 258226106, 0
0, 268845023, 0
194547495, 268204336, 0
215518259, 264295447, 0
Waiting for the board to finish...
       c0: 5	c1: 5	c2: 5	c3: 5	c4: 5	c5: 5	c6: 5	c7: 5	c8: 5	c9: 5	c10: 5	c11: 5	c13: 5	c14: 5	c15: 5	
Read data from board
14670173, 226571255, 0
59565697, 227951227, 0
106269798, 229341103, 0
114852208, 230818164, 0
150340386, 242413195, 0
142747961, 240542579, 0
142410312, 237099362, 0
130692873, 233931499, 0
151778182, 244563801, 0
166765864, 247059916, 0
186783500, 252487884, 0
201577274, 258256944, 0
0, 268892851, 0
194603325, 268252125, 0
215549859, 264325666, 0
Average:
14656854, 226559216, 0
59561307, 227938047, 0
106273291, 229328622, 0
114857974, 230804198, 0
150359528, 242399535, 0
142769750, 240528902, 0
142432945, 237086847, 0
130695215, 233917870, 0
151797095, 244550220, 0
166761302, 247044189, 0
186789101, 252471120, 0
201568451, 258240098, 0
0, 268866209, 0
194567461, 268222959, 0
215534511, 264309296, 0
