Host is running ...
size: 64000
Waiting for the board to finish...
       c0: 5	c1: 5	c2: 5	c3: 5	c4: 5	c5: 5	c6: 5	c7: 5	c8: 5	c9: 5	c10: 5	c11: 5	c13: 5	c14: 5	c15: 5	
Read data from board
27174631, 64827424, 0
0, 64927757, 0
0, 64963676, 0
0, 64995591, 0
0, 65429836, 0
61558, 65330672, 0
0, 65107874, 0
0, 65056186, 0
0, 65467789, 0
0, 65499602, 0
0, 65558517, 0
0, 65611492, 0
0, 65929407, 0
0, 65916849, 0
33996, 65713582, 0
Waiting for the board to finish...
       c0: 5	c1: 5	c2: 5	c3: 5	c4: 5	c5: 5	c6: 5	c7: 5	c8: 5	c9: 5	c10: 5	c11: 5	c13: 5	c14: 5	c15: 5	
Read data from board
27174791, 64827119, 0
0, 64927429, 0
0, 64963338, 0
0, 64995215, 0
0, 65429275, 0
61558, 65330099, 0
0, 65107550, 0
0, 65055813, 0
0, 65467153, 0
0, 65498955, 0
0, 65557875, 0
0, 65610850, 0
0, 65928655, 0
0, 65916083, 0
33905, 65712824, 0
Waiting for the board to finish...
       c0: 5	c1: 5	c2: 5	c3: 5	c4: 5	c5: 5	c6: 5	c7: 5	c8: 5	c9: 5	c10: 5	c11: 5	c13: 5	c14: 5	c15: 5	
Read data from board
27174535, 64826957, 0
0, 64927282, 0
0, 64963185, 0
0, 64995075, 0
0, 65429346, 0
61697, 65330188, 0
0, 65107355, 0
0, 65055637, 0
0, 65467244, 0
0, 65499058, 0
0, 65558001, 0
0, 65610971, 0
0, 65928726, 0
0, 65916143, 0
33896, 65712884, 0
Waiting for the board to finish...
       c0: 5	c1: 5	c2: 5	c3: 5	c4: 5	c5: 5	c6: 5	c7: 5	c8: 5	c9: 5	c10: 5	c11: 5	c13: 5	c14: 5	c15: 5	
Read data from board
27174752, 64827437, 0
0, 64927784, 0
0, 64963699, 0
0, 64995607, 0
0, 65429972, 0
61716, 65330804, 0
0, 65107950, 0
0, 65056236, 0
0, 65467909, 0
0, 65499720, 0
0, 65558685, 0
0, 65611667, 0
0, 65929350, 0
0, 65916790, 0
33580, 65713526, 0
Waiting for the board to finish...
       c0: 5	c1: 5	c2: 5	c3: 5	c4: 5	c5: 5	c6: 5	c7: 5	c8: 5	c9: 5	c10: 5	c11: 5	c13: 5	c14: 5	c15: 5	
Read data from board
27172803, 64827249, 0
0, 64927559, 0
0, 64963521, 0
0, 64995445, 0
0, 65429685, 0
61573, 65330545, 0
0, 65107704, 0
0, 65056015, 0
0, 65467604, 0
0, 65499426, 0
0, 65558390, 0
0, 65611374, 0
0, 65929140, 0
0, 65916576, 0
33914, 65713319, 0
Waiting for the board to finish...
       c0: 5	c1: 5	c2: 5	c3: 5	c4: 5	c5: 5	c6: 5	c7: 5	c8: 5	c9: 5	c10: 5	c11: 5	c13: 5	c14: 5	c15: 5	
Read data from board
27174215, 64827449, 0
0, 64927772, 0
0, 64963675, 0
0, 64995576, 0
0, 65429786, 0
61601, 65330618, 0
0, 65107823, 0
0, 65056169, 0
0, 65467729, 0
0, 65499538, 0
0, 65558483, 0
0, 65611464, 0
0, 65929243, 0
0, 65916657, 0
33913, 65713396, 0
Waiting for the board to finish...
       c0: 5	c1: 5	c2: 5	c3: 5	c4: 5	c5: 5	c6: 5	c7: 5	c8: 5	c9: 5	c10: 5	c11: 5	c13: 5	c14: 5	c15: 5	
Read data from board
27176149, 64828887, 0
0, 64929222, 0
0, 64965136, 0
0, 64997044, 0
0, 65431097, 0
61514, 65331948, 0
0, 65109376, 0
0, 65057677, 0
0, 65469044, 0
0, 65500855, 0
0, 65559837, 0
0, 65612824, 0
0, 65930552, 0
0, 65917994, 0
33673, 65714721, 0
Waiting for the board to finish...
       c0: 5	c1: 5	c2: 5	c3: 5	c4: 5	c5: 5	c6: 5	c7: 5	c8: 5	c9: 5	c10: 5	c11: 5	c13: 5	c14: 5	c15: 5	
Read data from board
27175267, 64827720, 0
0, 64928050, 0
0, 64963969, 0
0, 64995884, 0
0, 65430000, 0
61539, 65330829, 0
0, 65108195, 0
0, 65056492, 0
0, 65467928, 0
0, 65499724, 0
0, 65558692, 0
0, 65611662, 0
0, 65929453, 0
0, 65916883, 0
33914, 65713608, 0
Waiting for the board to finish...
       c0: 5	c1: 5	c2: 5	c3: 5	c4: 5	c5: 5	c6: 5	c7: 5	c8: 5	c9: 5	c10: 5	c11: 5	c13: 5	c14: 5	c15: 5	
Read data from board
27175727, 64828301, 0
0, 64928621, 0
0, 64964532, 0
0, 64996462, 0
0, 65430723, 0
61615, 65331592, 0
0, 65108769, 0
0, 65057062, 0
0, 65468632, 0
0, 65500450, 0
0, 65559396, 0
0, 65612371, 0
0, 65930142, 0
0, 65917550, 0
33912, 65714286, 0
Waiting for the board to finish...
       c0: 5	c1: 5	c2: 5	c3: 5	c4: 5	c5: 5	c6: 5	c7: 5	c8: 5	c9: 5	c10: 5	c11: 5	c13: 5	c14: 5	c15: 5	
Read data from board
27174484, 64827128, 0
0, 64927461, 0
0, 64963372, 0
0, 64995282, 0
0, 65429463, 0
61606, 65330308, 0
0, 65107552, 0
0, 65055866, 0
0, 65467402, 0
0, 65499222, 0
0, 65558163, 0
0, 65611136, 0
0, 65928894, 0
0, 65916322, 0
33706, 65713063, 0
Average:
27174735, 64827567, 0
0, 64927893, 0
0, 64963810, 0
0, 64995718, 0
0, 65429918, 0
61597, 65330760, 0
0, 65108014, 0
0, 65056315, 0
0, 65467843, 0
0, 65499655, 0
0, 65558603, 0
0, 65611581, 0
0, 65929356, 0
0, 65916784, 0
33840, 65713520, 0
