Host is running ...
size: 64000
Waiting for the board to finish...
       c0: 5	c1: 5	c2: 5	c3: 5	c4: 5	c5: 5	c6: 5	c7: 5	c8: 5	c9: 5	c10: 5	c11: 5	c13: 5	c14: 5	c15: 5	
Read data from board
2734729, 250929174, 0
51867591, 251070516, 0
108414782, 251092097, 0
134551435, 251314734, 0
101922506, 252323756, 0
132167923, 252084726, 0
150033056, 251798885, 0
141405923, 251561224, 0
130581077, 252348493, 0
158628896, 252699789, 0
164383207, 253128279, 0
170330469, 253583520, 0
0, 254495993, 0
125629397, 254445785, 0
182074125, 254053936, 0
Waiting for the board to finish...
       c0: 5	c1: 5	c2: 5	c3: 5	c4: 5	c5: 5	c6: 5	c7: 5	c8: 5	c9: 5	c10: 5	c11: 5	c13: 5	c14: 5	c15: 5	
Read data from board
2731772, 250921792, 0
51828395, 251062590, 0
108331673, 251083939, 0
134472333, 251308189, 0
101823794, 252315803, 0
132068302, 252076952, 0
149915684, 251791390, 0
141269734, 251554693, 0
130443375, 252339287, 0
158445980, 252691079, 0
164108697, 253119324, 0
170133952, 253574761, 0
0, 254487651, 0
125593410, 254436580, 0
181984423, 254045003, 0
Waiting for the board to finish...
       c0: 5	c1: 5	c2: 5	c3: 5	c4: 5	c5: 5	c6: 5	c7: 5	c8: 5	c9: 5	c10: 5	c11: 5	c13: 5	c14: 5	c15: 5	
Read data from board
2730698, 250919467, 0
51847452, 251059942, 0
108419756, 251081336, 0
134613669, 251305249, 0
101785129, 252314296, 0
132091429, 252075080, 0
150056267, 251789470, 0
141417588, 251552789, 0
130413303, 252337521, 0
158510666, 252689789, 0
164105751, 253118223, 0
170148843, 253573415, 0
0, 254486873, 0
125639098, 254439737, 0
181989103, 254043481, 0
Waiting for the board to finish...
       c0: 5	c1: 5	c2: 5	c3: 5	c4: 5	c5: 5	c6: 5	c7: 5	c8: 5	c9: 5	c10: 5	c11: 5	c13: 5	c14: 5	c15: 5	
Read data from board
2745571, 250944155, 0
51979485, 251084899, 0
108670008, 251106243, 0
134908234, 251329908, 0
101986649, 252339079, 0
132232790, 252099800, 0
150270395, 251813724, 0
141703760, 251575858, 0
130645811, 252362544, 0
158697014, 252714585, 0
164282513, 253142719, 0
170298195, 253598659, 0
0, 254511132, 0
125617883, 254463482, 0
182030668, 254069400, 0
Waiting for the board to finish...
       c0: 5	c1: 5	c2: 5	c3: 5	c4: 5	c5: 5	c6: 5	c7: 5	c8: 5	c9: 5	c10: 5	c11: 5	c13: 5	c14: 5	c15: 5	
Read data from board
2760267, 250943324, 0
51922116, 251084148, 0
108520977, 251105501, 0
134708319, 251328622, 0
101892069, 252337092, 0
132171717, 252097297, 0
150109790, 251811779, 0
141488942, 251575886, 0
130524147, 252360310, 0
158624581, 252712306, 0
164294908, 253140624, 0
170252980, 253596147, 0
0, 254506461, 0
125590076, 254455640, 0
182060817, 254064740, 0
Waiting for the board to finish...
       c0: 5	c1: 5	c2: 5	c3: 5	c4: 5	c5: 5	c6: 5	c7: 5	c8: 5	c9: 5	c10: 5	c11: 5	c13: 5	c14: 5	c15: 5	
Read data from board
2727500, 250931233, 0
51882154, 251072537, 0
108515855, 251093873, 0
134768441, 251316420, 0
102056547, 252325039, 0
132304253, 252085387, 0
150332760, 251800148, 0
141606741, 251562475, 0
130734311, 252348480, 0
158796700, 252700717, 0
164509929, 253129540, 0
170438622, 253584941, 0
0, 254494570, 0
125634595, 254447061, 0
182131823, 254054534, 0
Waiting for the board to finish...
       c0: 5	c1: 5	c2: 5	c3: 5	c4: 5	c5: 5	c6: 5	c7: 5	c8: 5	c9: 5	c10: 5	c11: 5	c13: 5	c14: 5	c15: 5	
Read data from board
2746360, 250946524, 0
51894520, 251086278, 0
108458221, 251109154, 0
134617342, 251330640, 0
101815383, 252339080, 0
132119510, 252100142, 0
150027755, 251814252, 0
141410167, 251577581, 0
130453902, 252362564, 0
158564271, 252714025, 0
164268021, 253142809, 0
170315846, 253598214, 0
0, 254505692, 0
125645933, 254456345, 0
182061191, 254064795, 0
Waiting for the board to finish...
       c0: 5	c1: 5	c2: 5	c3: 5	c4: 5	c5: 5	c6: 5	c7: 5	c8: 5	c9: 5	c10: 5	c11: 5	c13: 5	c14: 5	c15: 5	
Read data from board
2740791, 250940148, 0
51968483, 251081218, 0
108580569, 251102831, 0
134711583, 251324604, 0
101926024, 252333114, 0
132200884, 252094171, 0
150149173, 251808643, 0
141484417, 251571100, 0
130552832, 252356552, 0
158666014, 252708986, 0
164337913, 253137037, 0
170276728, 253592578, 0
0, 254502138, 0
125597140, 254453753, 0
182017267, 254059045, 0
Waiting for the board to finish...
       c0: 5	c1: 5	c2: 5	c3: 5	c4: 5	c5: 5	c6: 5	c7: 5	c8: 5	c9: 5	c10: 5	c11: 5	c13: 5	c14: 5	c15: 5	
Read data from board
2729897, 250929284, 0
51884508, 251069208, 0
108468986, 251090827, 0
134686972, 251312413, 0
101922157, 252321510, 0
132211740, 252082123, 0
150264916, 251796580, 0
141557799, 251559746, 0
130530465, 252344984, 0
158637250, 252696593, 0
164372569, 253124667, 0
170333934, 253579938, 0
0, 254494793, 0
125606459, 254444979, 0
182046448, 254049178, 0
Waiting for the board to finish...
       c0: 5	c1: 5	c2: 5	c3: 5	c4: 5	c5: 5	c6: 5	c7: 5	c8: 5	c9: 5	c10: 5	c11: 5	c13: 5	c14: 5	c15: 5	
Read data from board
2738720, 250946980, 0
51900423, 251088550, 0
108462286, 251109880, 0
134608900, 251332757, 0
101791677, 252342587, 0
132078627, 252103199, 0
149939025, 251817204, 0
141420686, 251579839, 0
130431290, 252366041, 0
158513126, 252718060, 0
164134392, 253146315, 0
170178662, 253601839, 0
0, 254511201, 0
125608644, 254464794, 0
181979176, 254069933, 0
Average:
2738630, 250935208, 0
51897512, 251075988, 0
108484311, 251097568, 0
134664722, 251320353, 0
101892193, 252329135, 0
132164717, 252089887, 0
150109882, 251804207, 0
141476575, 251567119, 0
130531051, 252352677, 0
158608449, 252704592, 0
164279790, 253132953, 0
170270823, 253588401, 0
0, 254499650, 0
125616263, 254450815, 0
182037504, 254057404, 0
