Host is running ...
size: 64000
Waiting for the board to finish...
       c0: 5	c1: 5	c2: 5	c3: 5	c4: 5	c5: 5	c6: 5	c7: 5	c8: 5	c9: 5	c10: 5	c11: 5	c13: 5	c14: 5	c15: 5	
Read data from board
24670821, 60212711, 0
395, 60397691, 0
0, 60464810, 0
398, 60522019, 0
395, 61284251, 0
80256, 61096944, 0
414, 60729350, 0
399, 60628737, 0
0, 61353565, 0
395, 61410740, 0
411, 61515908, 0
403, 61617749, 0
0, 62226120, 0
0, 62200352, 0
109180, 61847580, 0
Waiting for the board to finish...
       c0: 5	c1: 5	c2: 5	c3: 5	c4: 5	c5: 5	c6: 5	c7: 5	c8: 5	c9: 5	c10: 5	c11: 5	c13: 5	c14: 5	c15: 5	
Read data from board
24672161, 60214579, 0
395, 60399601, 0
0, 60466732, 0
398, 60523973, 0
395, 61286299, 0
80452, 61098949, 0
397, 60731292, 0
395, 60630714, 0
0, 61355642, 0
395, 61412820, 0
411, 61517998, 0
404, 61619832, 0
0, 62228369, 0
0, 62202615, 0
109333, 61849857, 0
Waiting for the board to finish...
       c0: 5	c1: 5	c2: 5	c3: 5	c4: 5	c5: 5	c6: 5	c7: 5	c8: 5	c9: 5	c10: 5	c11: 5	c13: 5	c14: 5	c15: 5	
Read data from board
24671548, 60213392, 0
395, 60398376, 0
0, 60465509, 0
398, 60522729, 0
395, 61285095, 0
80346, 61097769, 0
421, 60730121, 0
399, 60629494, 0
0, 61354462, 0
395, 61411634, 0
424, 61516824, 0
398, 61618677, 0
0, 62227125, 0
0, 62201369, 0
109265, 61848654, 0
Waiting for the board to finish...
       c0: 5	c1: 5	c2: 5	c3: 5	c4: 5	c5: 5	c6: 5	c7: 5	c8: 5	c9: 5	c10: 5	c11: 5	c13: 5	c14: 5	c15: 5	
Read data from board
24669512, 60211806, 0
395, 60396821, 0
0, 60463957, 0
398, 60521192, 0
395, 61283496, 0
80270, 61096157, 0
415, 60728575, 0
395, 60627957, 0
0, 61352873, 0
395, 61410068, 0
411, 61515235, 0
399, 61617062, 0
0, 62225433, 0
0, 62199673, 0
109214, 61846939, 0
Waiting for the board to finish...
       c0: 5	c1: 5	c2: 5	c3: 5	c4: 5	c5: 5	c6: 5	c7: 5	c8: 5	c9: 5	c10: 5	c11: 5	c13: 5	c14: 5	c15: 5	
Read data from board
24671859, 60213456, 0
395, 60398473, 0
0, 60465603, 0
398, 60522841, 0
395, 61285173, 0
80301, 61097859, 0
405, 60730199, 0
400, 60629596, 0
0, 61354551, 0
395, 61411741, 0
406, 61516899, 0
399, 61618730, 0
0, 62227122, 0
0, 62201363, 0
109224, 61848627, 0
Waiting for the board to finish...
       c0: 5	c1: 5	c2: 5	c3: 5	c4: 5	c5: 5	c6: 5	c7: 5	c8: 5	c9: 5	c10: 5	c11: 5	c13: 5	c14: 5	c15: 5	
Read data from board
24672044, 60214054, 0
395, 60399063, 0
0, 60466199, 0
398, 60523441, 0
395, 61285713, 0
80253, 61098372, 0
414, 60730764, 0
404, 60630183, 0
0, 61355073, 0
395, 61412263, 0
417, 61517442, 0
398, 61619288, 0
0, 62227697, 0
0, 62201947, 0
109223, 61849208, 0
Waiting for the board to finish...
       c0: 5	c1: 5	c2: 5	c3: 5	c4: 5	c5: 5	c6: 5	c7: 5	c8: 5	c9: 5	c10: 5	c11: 5	c13: 5	c14: 5	c15: 5	
Read data from board
24671682, 60213231, 0
395, 60398244, 0
0, 60465374, 0
398, 60522601, 0
395, 61284869, 0
80384, 61097534, 0
437, 60730000, 0
403, 60629367, 0
0, 61354234, 0
395, 61411407, 0
403, 61516570, 0
402, 61618406, 0
0, 62226523, 0
0, 62200755, 0
108915, 61847998, 0
Waiting for the board to finish...
       c0: 5	c1: 5	c2: 5	c3: 5	c4: 5	c5: 5	c6: 5	c7: 5	c8: 5	c9: 5	c10: 5	c11: 5	c13: 5	c14: 5	c15: 5	
Read data from board
24671514, 60214045, 0
395, 60399055, 0
0, 60466165, 0
398, 60523391, 0
395, 61285639, 0
80268, 61098316, 0
421, 60730717, 0
395, 60630100, 0
0, 61354950, 0
395, 61412125, 0
411, 61517284, 0
400, 61619125, 0
0, 62227517, 0
0, 62201748, 0
109225, 61848997, 0
Waiting for the board to finish...
       c0: 5	c1: 5	c2: 5	c3: 5	c4: 5	c5: 5	c6: 5	c7: 5	c8: 5	c9: 5	c10: 5	c11: 5	c13: 5	c14: 5	c15: 5	
Read data from board
24671511, 60213854, 0
395, 60398845, 0
0, 60465962, 0
398, 60523181, 0
395, 61285488, 0
80286, 61098144, 0
418, 60730571, 0
403, 60629944, 0
0, 61354808, 0
395, 61411985, 0
411, 61517147, 0
398, 61618979, 0
0, 62227447, 0
0, 62201689, 0
109333, 61848939, 0
Waiting for the board to finish...
       c0: 5	c1: 5	c2: 5	c3: 5	c4: 5	c5: 5	c6: 5	c7: 5	c8: 5	c9: 5	c10: 5	c11: 5	c13: 5	c14: 5	c15: 5	
Read data from board
24671962, 60213417, 0
395, 60398454, 0
0, 60465592, 0
398, 60522828, 0
395, 61285078, 0
80383, 61097725, 0
424, 60730183, 0
399, 60629577, 0
0, 61354428, 0
395, 61411591, 0
403, 61516753, 0
398, 61618573, 0
0, 62227066, 0
0, 62201290, 0
109333, 61848531, 0
Average:
24671461, 60213454, 0
395, 60398462, 0
0, 60465590, 0
398, 60522819, 0
395, 61285110, 0
80319, 61097776, 0
416, 60730177, 0
399, 60629566, 0
0, 61354458, 0
395, 61411637, 0
410, 61516806, 0
399, 61618642, 0
0, 62227041, 0
0, 62201280, 0
109224, 61848533, 0
