Host is running ...
size: 64000
Waiting for the board to finish...
       c0: 5	c1: 5	c2: 5	c3: 5	c4: 5	c5: 5	c6: 5	c7: 5	c8: 5	c9: 5	c10: 5	c11: 5	c12: 5	c13: 5	c14: 5	
Read data from board
0, 63936004, 0
1228, 64140126, 0
1838281, 64335658, 0
4758532, 64563925, 0
3707846, 64968587, 0
2676567, 65371312, 0
506768, 65813966, 0
70441, 66015339, 0
13357722, 66016482, 0
28967795, 66018490, 0
29096290, 66020924, 0
29805627, 66023996, 0
32694211, 66025870, 0
10709269, 66059853, 0
25684287, 66066926, 0
Waiting for the board to finish...
       c0: 5	c1: 5	c2: 5	c3: 5	c4: 5	c5: 5	c6: 5	c7: 5	c8: 5	c9: 5	c10: 5	c11: 5	c12: 5	c13: 5	c14: 5	
Read data from board
0, 63937730, 0
1272, 64141982, 0
1840755, 64337347, 0
4759313, 64565403, 0
3713082, 64970075, 0
2678474, 65373464, 0
507505, 65815750, 0
70488, 66017006, 0
13363399, 66018137, 0
28969663, 66020135, 0
29098903, 66022566, 0
29806911, 66025564, 0
32693701, 66027354, 0
10769974, 66061372, 0
26355660, 66068450, 0
Waiting for the board to finish...
       c0: 5	c1: 5	c2: 5	c3: 5	c4: 5	c5: 5	c6: 5	c7: 5	c8: 5	c9: 5	c10: 5	c11: 5	c12: 5	c13: 5	c14: 5	
Read data from board
0, 63939122, 0
1231, 64143191, 0
1836287, 64338539, 0
4755186, 64566776, 0
3704644, 64971396, 0
2675064, 65374449, 0
505532, 65816801, 0
70538, 66018044, 0
13362338, 66019157, 0
28972302, 66021179, 0
29101066, 66023698, 0
29805467, 66026777, 0
32698836, 66028577, 0
10772498, 66062563, 0
26360081, 66069646, 0
Waiting for the board to finish...
       c0: 5	c1: 5	c2: 5	c3: 5	c4: 5	c5: 5	c6: 5	c7: 5	c8: 5	c9: 5	c10: 5	c11: 5	c12: 5	c13: 5	c14: 5	
Read data from board
0, 63939378, 0
1226, 64143442, 0
1835745, 64339245, 0
4752706, 64567450, 0
3709007, 64972274, 0
2675863, 65375399, 0
506583, 65817720, 0
70178, 66019023, 0
13364200, 66020133, 0
28971769, 66022158, 0
29102805, 66024666, 0
29806913, 66027719, 0
32699670, 66029593, 0
10772122, 66063565, 0
26358130, 66070630, 0
Waiting for the board to finish...
       c0: 5	c1: 5	c2: 5	c3: 5	c4: 5	c5: 5	c6: 5	c7: 5	c8: 5	c9: 5	c10: 5	c11: 5	c12: 5	c13: 5	c14: 5	
Read data from board
0, 63942738, 0
1232, 64146978, 0
1829944, 64342331, 0
4741695, 64570536, 0
3700850, 64975465, 0
2665171, 65378601, 0
501856, 65821120, 0
70540, 66022441, 0
13369291, 66023569, 0
28975067, 66025596, 0
29103169, 66028137, 0
29809827, 66031173, 0
32702195, 66033054, 0
10779525, 66067048, 0
26361143, 66074132, 0
Waiting for the board to finish...
       c0: 5	c1: 5	c2: 5	c3: 5	c4: 5	c5: 5	c6: 5	c7: 5	c8: 5	c9: 5	c10: 5	c11: 5	c12: 5	c13: 5	c14: 5	
Read data from board
0, 63943358, 0
1272, 64147630, 0
1833098, 64343128, 0
4745271, 64571225, 0
3694990, 64975954, 0
2666117, 65378854, 0
504537, 65821312, 0
70530, 66022691, 0
13365681, 66023807, 0
28974203, 66025866, 0
29105986, 66028391, 0
29808328, 66031432, 0
32700349, 66033209, 0
10776854, 66067209, 0
26361324, 66074289, 0
Waiting for the board to finish...
       c0: 5	c1: 5	c2: 5	c3: 5	c4: 5	c5: 5	c6: 5	c7: 5	c8: 5	c9: 5	c10: 5	c11: 5	c12: 5	c13: 5	c14: 5	
Read data from board
0, 63944087, 0
1272, 64148423, 0
1833348, 64343669, 0
4744775, 64571524, 0
3700951, 64976340, 0
2662509, 65379455, 0
502586, 65821756, 0
70530, 66023018, 0
13367469, 66024162, 0
28975912, 66026188, 0
29103635, 66028725, 0
29804049, 66031778, 0
32702738, 66033553, 0
10777074, 66067544, 0
26365473, 66074613, 0
Waiting for the board to finish...
       c0: 5	c1: 5	c2: 5	c3: 5	c4: 5	c5: 5	c6: 5	c7: 5	c8: 5	c9: 5	c10: 5	c11: 5	c12: 5	c13: 5	c14: 5	
Read data from board
0, 63939255, 0
1230, 64143292, 0
1838129, 64338671, 0
4752823, 64566587, 0
3707882, 64971401, 0
2668143, 65374496, 0
505525, 65816391, 0
70332, 66017802, 0
13358983, 66018954, 0
28973157, 66020981, 0
29099486, 66023523, 0
29800053, 66026581, 0
32693363, 66028356, 0
10771775, 66062350, 0
26359588, 66069427, 0
Waiting for the board to finish...
       c0: 5	c1: 5	c2: 5	c3: 5	c4: 5	c5: 5	c6: 5	c7: 5	c8: 5	c9: 5	c10: 5	c11: 5	c12: 5	c13: 5	c14: 5	
Read data from board
0, 63939396, 0
1272, 64143426, 0
1836662, 64339110, 0
4749516, 64566965, 0
3703090, 64971883, 0
2668107, 65374782, 0
504538, 65817101, 0
70443, 66018309, 0
13362713, 66019446, 0
28971219, 66021467, 0
29098787, 66024012, 0
29804420, 66027049, 0
32695186, 66028912, 0
10774709, 66062924, 0
26357546, 66069995, 0
Waiting for the board to finish...
       c0: 5	c1: 5	c2: 5	c3: 5	c4: 5	c5: 5	c6: 5	c7: 5	c8: 5	c9: 5	c10: 5	c11: 5	c12: 5	c13: 5	c14: 5	
Read data from board
0, 63935342, 0
1275, 64139443, 0
1836463, 64335184, 0
4754709, 64563258, 0
3704775, 64968008, 0
2670775, 65371245, 0
505367, 65813741, 0
70587, 66014999, 0
13353807, 66016135, 0
28967648, 66018168, 0
29094976, 66020600, 0
29797648, 66023636, 0
32696199, 66025429, 0
10769752, 66059415, 0
26356477, 66066497, 0
Average:
0, 63939641, 0
1251, 64143793, 0
1835871, 64339288, 0
4751452, 64567364, 0
3704711, 64972138, 0
2670679, 65375205, 0
505079, 65817565, 0
70460, 66018867, 0
13362560, 66019998, 0
28971873, 66022022, 0
29100510, 66024524, 0
29804924, 66027570, 0
32697644, 66029390, 0
10767355, 66063384, 0
26291970, 66070460, 0
