Host is running ...
size: 64000
Waiting for the board to finish...
       c0: 5	c1: 5	c2: 5	c3: 5	c4: 5	c5: 5	c6: 5	c7: 5	c8: 5	c9: 5	c10: 5	c11: 5	c12: 5	c13: 5	c14: 5	
Read data from board
0, 242773213, 0
0, 242777472, 0
0, 242996211, 0
0, 243013457, 0
0, 243273974, 0
35480, 243549348, 0
0, 244126736, 0
0, 244161900, 0
0, 244502277, 0
0, 244520059, 0
0, 244977714, 0
0, 245472991, 0
0, 245969864, 0
0, 246845952, 0
0, 246939846, 0
Waiting for the board to finish...
       c0: 5	c1: 5	c2: 5	c3: 5	c4: 5	c5: 5	c6: 5	c7: 5	c8: 5	c9: 5	c10: 5	c11: 5	c12: 5	c13: 5	c14: 5	
Read data from board
0, 242738486, 0
0, 242742798, 0
0, 242962030, 0
0, 242979095, 0
0, 243239648, 0
34487, 243514715, 0
0, 244090392, 0
0, 244125440, 0
0, 244465593, 0
0, 244483461, 0
0, 244941246, 0
0, 245435736, 0
0, 245932977, 0
0, 246813410, 0
0, 246902065, 0
Waiting for the board to finish...
       c0: 5	c1: 5	c2: 5	c3: 5	c4: 5	c5: 5	c6: 5	c7: 5	c8: 5	c9: 5	c10: 5	c11: 5	c12: 5	c13: 5	c14: 5	
Read data from board
0, 242745758, 0
0, 242750095, 0
0, 242969262, 0
0, 242986790, 0
0, 243247460, 0
28213, 243522641, 0
0, 244100460, 0
0, 244135503, 0
0, 244476300, 0
0, 244494107, 0
0, 244951233, 0
0, 245446680, 0
0, 245943546, 0
0, 246819201, 0
0, 246913094, 0
Waiting for the board to finish...
       c0: 5	c1: 5	c2: 5	c3: 5	c4: 5	c5: 5	c6: 5	c7: 5	c8: 5	c9: 5	c10: 5	c11: 5	c12: 5	c13: 5	c14: 5	
Read data from board
0, 242746069, 0
0, 242750233, 0
0, 242967616, 0
0, 242985127, 0
0, 243245413, 0
38564, 243520233, 0
0, 244097472, 0
0, 244132621, 0
0, 244473089, 0
0, 244491084, 0
0, 244948316, 0
0, 245443878, 0
0, 245940774, 0
0, 246823599, 0
0, 246915640, 0
Waiting for the board to finish...
       c0: 5	c1: 5	c2: 5	c3: 5	c4: 5	c5: 5	c6: 5	c7: 5	c8: 5	c9: 5	c10: 5	c11: 5	c12: 5	c13: 5	c14: 5	
Read data from board
0, 242724368, 0
0, 242728571, 0
0, 242947866, 0
0, 242965350, 0
0, 243225340, 0
25303, 243500444, 0
118, 244076658, 0
0, 244111766, 0
0, 244452566, 0
0, 244470501, 0
0, 244927445, 0
0, 245421570, 0
0, 245918579, 0
0, 246799686, 0
0, 246891176, 0
Waiting for the board to finish...
       c0: 5	c1: 5	c2: 5	c3: 5	c4: 5	c5: 5	c6: 5	c7: 5	c8: 5	c9: 5	c10: 5	c11: 5	c12: 5	c13: 5	c14: 5	
Read data from board
0, 242725907, 0
0, 242730796, 0
0, 242948319, 0
0, 242965422, 0
0, 243226159, 0
36949, 243500700, 0
0, 244076414, 0
0, 244111417, 0
0, 244451402, 0
0, 244469389, 0
0, 244926969, 0
0, 245422498, 0
0, 245919444, 0
0, 246797995, 0
0, 246885764, 0
Waiting for the board to finish...
       c0: 5	c1: 5	c2: 5	c3: 5	c4: 5	c5: 5	c6: 5	c7: 5	c8: 5	c9: 5	c10: 5	c11: 5	c12: 5	c13: 5	c14: 5	
Read data from board
0, 242755683, 0
0, 242760040, 0
0, 242979616, 0
0, 242997073, 0
0, 243257708, 0
38201, 243532836, 0
0, 244108806, 0
0, 244143981, 0
0, 244483817, 0
0, 244502024, 0
0, 244959303, 0
0, 245453882, 0
0, 245950678, 0
0, 246832805, 0
0, 246927081, 0
Waiting for the board to finish...
       c0: 5	c1: 5	c2: 5	c3: 5	c4: 5	c5: 5	c6: 5	c7: 5	c8: 5	c9: 5	c10: 5	c11: 5	c12: 5	c13: 5	c14: 5	
Read data from board
0, 242735182, 0
0, 242739373, 0
0, 242957701, 0
0, 242975248, 0
0, 243234679, 0
38842, 243509692, 0
0, 244085469, 0
0, 244120567, 0
0, 244461055, 0
0, 244479198, 0
0, 244936508, 0
0, 245431288, 0
0, 245928638, 0
0, 246804360, 0
0, 246893974, 0
Waiting for the board to finish...
       c0: 5	c1: 5	c2: 5	c3: 5	c4: 5	c5: 5	c6: 5	c7: 5	c8: 5	c9: 5	c10: 5	c11: 5	c12: 5	c13: 5	c14: 5	
Read data from board
0, 242761698, 0
0, 242766330, 0
0, 242986056, 0
0, 243003445, 0
0, 243263172, 0
28060, 243538805, 0
0, 244115851, 0
0, 244150882, 0
0, 244491133, 0
0, 244509371, 0
0, 244965826, 0
0, 245460304, 0
0, 245957220, 0
0, 246834337, 0
0, 246925876, 0
Waiting for the board to finish...
       c0: 5	c1: 5	c2: 5	c3: 5	c4: 5	c5: 5	c6: 5	c7: 5	c8: 5	c9: 5	c10: 5	c11: 5	c12: 5	c13: 5	c14: 5	
Read data from board
0, 242726978, 0
0, 242731514, 0
0, 242951048, 0
0, 242968263, 0
0, 243228997, 0
39640, 243503430, 0
0, 244079524, 0
0, 244114636, 0
0, 244455118, 0
0, 244472746, 0
0, 244929093, 0
0, 245424738, 0
0, 245922266, 0
0, 246806778, 0
0, 246896305, 0
Average:
0, 242743334, 0
0, 242747722, 0
0, 242966572, 0
0, 242983927, 0
0, 243244255, 0
34373, 243519284, 0
11, 244095778, 0
0, 244130871, 0
0, 244471235, 0
0, 244489194, 0
0, 244946365, 0
0, 245441356, 0
0, 245938398, 0
0, 246817812, 0
0, 246909082, 0
