Host is running ...
size: 64000
Waiting for the board to finish...
       c0: 5	c1: 5	c2: 5	c3: 5	c4: 5	c5: 5	c6: 5	c7: 5	c8: 5	c9: 5	c10: 5	c11: 5	c12: 5	c13: 5	c14: 5	
Read data from board
0, 61843564, 0
1227, 62252987, 0
3723292, 62675482, 0
9639966, 63080437, 0
7553173, 63889393, 0
5509321, 64731141, 0
1046604, 65578048, 0
70480, 65978686, 0
13308348, 65979829, 0
28922360, 65981830, 0
29048264, 65984259, 0
29774907, 65987339, 0
32619023, 65989132, 0
10561853, 66023140, 0
25492732, 66030201, 0
Waiting for the board to finish...
       c0: 5	c1: 5	c2: 5	c3: 5	c4: 5	c5: 5	c6: 5	c7: 5	c8: 5	c9: 5	c10: 5	c11: 5	c12: 5	c13: 5	c14: 5	
Read data from board
0, 61843682, 0
1230, 62252922, 0
3720805, 62675761, 0
9646965, 63081173, 0
7556886, 63890079, 0
5515491, 64732106, 0
1041698, 65579067, 0
70332, 65979474, 0
13309449, 65980572, 0
28924989, 65982621, 0
29053199, 65985153, 0
29771246, 65988185, 0
32608174, 65989956, 0
10630678, 66023933, 0
26167595, 66031015, 0
Waiting for the board to finish...
       c0: 5	c1: 5	c2: 5	c3: 5	c4: 5	c5: 5	c6: 5	c7: 5	c8: 5	c9: 5	c10: 5	c11: 5	c12: 5	c13: 5	c14: 5	
Read data from board
0, 61846880, 0
1272, 62256492, 0
3719399, 62679325, 0
9634235, 63084731, 0
7553289, 63893551, 0
5507509, 64735736, 0
1038151, 65582243, 0
70535, 65982707, 0
13310409, 65983830, 0
28927134, 65985851, 0
29054559, 65988270, 0
29774942, 65991314, 0
32616678, 65993108, 0
10631270, 66027100, 0
26171358, 66034161, 0
Waiting for the board to finish...
       c0: 5	c1: 5	c2: 5	c3: 5	c4: 5	c5: 5	c6: 5	c7: 5	c8: 5	c9: 5	c10: 5	c11: 5	c12: 5	c13: 5	c14: 5	
Read data from board
0, 61848535, 0
1272, 62257769, 0
3720080, 62680477, 0
9639191, 63085820, 0
7556208, 63894829, 0
5509034, 64737195, 0
1044114, 65584521, 0
70485, 65985414, 0
13315865, 65986547, 0
28930169, 65988570, 0
29056595, 65991100, 0
29771820, 65994195, 0
32618842, 65996084, 0
10633542, 66030061, 0
26176641, 66037131, 0
Waiting for the board to finish...
       c0: 5	c1: 5	c2: 5	c3: 5	c4: 5	c5: 5	c6: 5	c7: 5	c8: 5	c9: 5	c10: 5	c11: 5	c12: 5	c13: 5	c14: 5	
Read data from board
0, 61843665, 0
1272, 62253006, 0
3723351, 62676241, 0
9649456, 63081431, 0
7562954, 63889818, 0
5515573, 64732043, 0
1051068, 65579716, 0
70326, 65980542, 0
13312049, 65981657, 0
28924106, 65983672, 0
29053426, 65986180, 0
29775296, 65989250, 0
32613845, 65991031, 0
10630254, 66025049, 0
26169921, 66032117, 0
Waiting for the board to finish...
       c0: 5	c1: 5	c2: 5	c3: 5	c4: 5	c5: 5	c6: 5	c7: 5	c8: 5	c9: 5	c10: 5	c11: 5	c12: 5	c13: 5	c14: 5	
Read data from board
0, 61844883, 0
1272, 62253758, 0
3725535, 62677139, 0
9652375, 63082506, 0
7556797, 63891453, 0
5520133, 64733652, 0
1047422, 65580573, 0
70530, 65981116, 0
13308604, 65982258, 0
28922056, 65984272, 0
29055991, 65986704, 0
29771747, 65989704, 0
32611932, 65991474, 0
10632520, 66025464, 0
26168883, 66032546, 0
Waiting for the board to finish...
       c0: 5	c1: 5	c2: 5	c3: 5	c4: 5	c5: 5	c6: 5	c7: 5	c8: 5	c9: 5	c10: 5	c11: 5	c12: 5	c13: 5	c14: 5	
Read data from board
0, 61843064, 0
1226, 62252214, 0
3723852, 62674905, 0
9654889, 63079977, 0
7565176, 63887815, 0
5522569, 64730129, 0
1049991, 65576940, 0
70430, 65977592, 0
13314277, 65978693, 0
28921027, 65980715, 0
29048680, 65983226, 0
29771005, 65986279, 0
32610002, 65988074, 0
10627920, 66022049, 0
26169411, 66029121, 0
Waiting for the board to finish...
       c0: 5	c1: 5	c2: 5	c3: 5	c4: 5	c5: 5	c6: 5	c7: 5	c8: 5	c9: 5	c10: 5	c11: 5	c12: 5	c13: 5	c14: 5	
Read data from board
0, 61842770, 0
1323, 62252419, 0
3717352, 62675217, 0
9637378, 63080528, 0
7556014, 63889175, 0
5510352, 64731620, 0
1042847, 65579354, 0
70646, 65979784, 0
13307795, 65980905, 0
28922874, 65982918, 0
29053159, 65985354, 0
29772979, 65988433, 0
32608573, 65990306, 0
10632741, 66024305, 0
26169354, 66031391, 0
Waiting for the board to finish...
       c0: 5	c1: 5	c2: 5	c3: 5	c4: 5	c5: 5	c6: 5	c7: 5	c8: 5	c9: 5	c10: 5	c11: 5	c12: 5	c13: 5	c14: 5	
Read data from board
0, 61840902, 0
1226, 62250366, 0
3724577, 62673364, 0
9651903, 63078616, 0
7557410, 63887739, 0
5515310, 64729574, 0
1046850, 65576888, 0
70339, 65977638, 0
13306264, 65978762, 0
28921624, 65980786, 0
29049915, 65983213, 0
29771413, 65986254, 0
32611375, 65988012, 0
10628628, 66021993, 0
26169099, 66029059, 0
Waiting for the board to finish...
       c0: 5	c1: 5	c2: 5	c3: 5	c4: 5	c5: 5	c6: 5	c7: 5	c8: 5	c9: 5	c10: 5	c11: 5	c12: 5	c13: 5	c14: 5	
Read data from board
0, 61847375, 0
1226, 62256720, 0
3721000, 62679370, 0
9642088, 63084359, 0
7548302, 63893100, 0
5507805, 64735694, 0
1044074, 65582524, 0
70236, 65983123, 0
13312141, 65984255, 0
28927218, 65986256, 0
29055823, 65988689, 0
29775760, 65991717, 0
32610757, 65993490, 0
10631851, 66027484, 0
26174001, 66034556, 0
Average:
0, 61844532, 0
1254, 62253865, 0
3721924, 62676728, 0
9644844, 63081957, 0
7556620, 63890695, 0
5513309, 64732889, 0
1045281, 65579987, 0
70433, 65980607, 0
13310520, 65981730, 0
28924355, 65983749, 0
29052961, 65986214, 0
29773111, 65989267, 0
32612920, 65991066, 0
10624125, 66025057, 0
26102899, 66032129, 0
