Host is running ...
size: 64000
Waiting for the board to finish...
       c0: 5	c1: 5	c2: 5	c3: 5	c4: 5	c5: 5	c6: 5	c7: 5	c8: 5	c9: 5	c10: 5	c11: 5	c12: 5	c13: 5	c14: 5	
Read data from board
0, 70782525, 0
3476936, 70811908, 0
20056210, 70827950, 0
26200813, 70864724, 0
16282253, 70921990, 0
12630443, 70979490, 0
6317266, 71046895, 0
12549482, 71066326, 0
27995831, 71077577, 0
39407727, 71092122, 0
36577258, 71131413, 0
37554793, 71184316, 0
39149212, 71237192, 0
11137219, 71290975, 0
38373226, 71295426, 0
Waiting for the board to finish...
       c0: 5	c1: 5	c2: 5	c3: 5	c4: 5	c5: 5	c6: 5	c7: 5	c8: 5	c9: 5	c10: 5	c11: 5	c12: 5	c13: 5	c14: 5	
Read data from board
0, 70783094, 0
3473637, 70812503, 0
20055824, 70828558, 0
26200922, 70865281, 0
16281798, 70922560, 0
12630856, 70980091, 0
6317346, 71047483, 0
12550119, 71066912, 0
27995809, 71078143, 0
39408560, 71092699, 0
36578385, 71131424, 0
37555994, 71183690, 0
39170585, 71235955, 0
11732365, 71289657, 0
39305597, 71294114, 0
Waiting for the board to finish...
       c0: 5	c1: 5	c2: 5	c3: 5	c4: 5	c5: 5	c6: 5	c7: 5	c8: 5	c9: 5	c10: 5	c11: 5	c12: 5	c13: 5	c14: 5	
Read data from board
0, 70783766, 0
3472972, 70813195, 0
20055718, 70829242, 0
26201119, 70866038, 0
16282220, 70923272, 0
12631113, 70980768, 0
6317435, 71048185, 0
12551769, 71067633, 0
27996960, 71078871, 0
39408981, 71093400, 0
36579239, 71132065, 0
37555638, 71184356, 0
39171751, 71236615, 0
11732529, 71290301, 0
39306049, 71294745, 0
Waiting for the board to finish...
       c0: 5	c1: 5	c2: 5	c3: 5	c4: 5	c5: 5	c6: 5	c7: 5	c8: 5	c9: 5	c10: 5	c11: 5	c12: 5	c13: 5	c14: 5	
Read data from board
0, 70783802, 0
3470548, 70813208, 0
20054762, 70829256, 0
26200732, 70865986, 0
16281655, 70923204, 0
12630385, 70980768, 0
6317505, 71048145, 0
12551458, 71067590, 0
27996625, 71078837, 0
39409235, 71093357, 0
36579455, 71132050, 0
37555599, 71184315, 0
39171274, 71236562, 0
11732756, 71290247, 0
39306202, 71294685, 0
Waiting for the board to finish...
       c0: 5	c1: 5	c2: 5	c3: 5	c4: 5	c5: 5	c6: 5	c7: 5	c8: 5	c9: 5	c10: 5	c11: 5	c12: 5	c13: 5	c14: 5	
Read data from board
0, 70783953, 0
3473392, 70813328, 0
20056141, 70829383, 0
26200744, 70866126, 0
16282562, 70923349, 0
12631145, 70980830, 0
6317802, 71048220, 0
12552084, 71067644, 0
27996922, 71078905, 0
39408979, 71093445, 0
36579726, 71132198, 0
37555447, 71184465, 0
39171279, 71236747, 0
11732956, 71290447, 0
39306340, 71294906, 0
Waiting for the board to finish...
       c0: 5	c1: 5	c2: 5	c3: 5	c4: 5	c5: 5	c6: 5	c7: 5	c8: 5	c9: 5	c10: 5	c11: 5	c12: 5	c13: 5	c14: 5	
Read data from board
0, 70783400, 0
3475230, 70812815, 0
20055939, 70828927, 0
26201041, 70865636, 0
16281622, 70922821, 0
12630654, 70980309, 0
6317730, 71047707, 0
12550757, 71067131, 0
27994674, 71078381, 0
39408335, 71092938, 0
36579008, 71131616, 0
37555732, 71183930, 0
39171357, 71236211, 0
11731807, 71289908, 0
39305413, 71294363, 0
Waiting for the board to finish...
       c0: 5	c1: 5	c2: 5	c3: 5	c4: 5	c5: 5	c6: 5	c7: 5	c8: 5	c9: 5	c10: 5	c11: 5	c12: 5	c13: 5	c14: 5	
Read data from board
0, 70783801, 0
3476146, 70813161, 0
20055920, 70829189, 0
26201313, 70865940, 0
16281898, 70923182, 0
12630117, 70980686, 0
6317859, 71048074, 0
12551875, 71067494, 0
27996797, 71078741, 0
39408841, 71093274, 0
36579623, 71131978, 0
37555557, 71184259, 0
39171832, 71236542, 0
11732583, 71290229, 0
39306037, 71294673, 0
Waiting for the board to finish...
       c0: 5	c1: 5	c2: 5	c3: 5	c4: 5	c5: 5	c6: 5	c7: 5	c8: 5	c9: 5	c10: 5	c11: 5	c12: 5	c13: 5	c14: 5	
Read data from board
0, 70784538, 0
3471922, 70813934, 0
20056212, 70829987, 0
26200397, 70866696, 0
16281964, 70923947, 0
12630599, 70981386, 0
6317531, 71048766, 0
12553331, 71068165, 0
27997741, 71079405, 0
39409656, 71093923, 0
36580471, 71132616, 0
37555708, 71184905, 0
39172700, 71237181, 0
11733422, 71290860, 0
39307026, 71295297, 0
Waiting for the board to finish...
       c0: 5	c1: 5	c2: 5	c3: 5	c4: 5	c5: 5	c6: 5	c7: 5	c8: 5	c9: 5	c10: 5	c11: 5	c12: 5	c13: 5	c14: 5	
Read data from board
0, 70784342, 0
3472890, 70813736, 0
20055666, 70829789, 0
26200585, 70866488, 0
16281042, 70923710, 0
12631451, 70981220, 0
6317238, 71048593, 0
12551137, 71068031, 0
27997275, 71079270, 0
39409265, 71093804, 0
36579463, 71132518, 0
37556563, 71184800, 0
39172087, 71237057, 0
11733216, 71290760, 0
39306906, 71295196, 0
Waiting for the board to finish...
       c0: 5	c1: 5	c2: 5	c3: 5	c4: 5	c5: 5	c6: 5	c7: 5	c8: 5	c9: 5	c10: 5	c11: 5	c12: 5	c13: 5	c14: 5	
Read data from board
0, 70783719, 0
3472139, 70813131, 0
20055556, 70829166, 0
26200644, 70865859, 0
16281742, 70923020, 0
12631312, 70980539, 0
6317509, 71047903, 0
12551755, 71067301, 0
27996534, 71078534, 0
39408824, 71093074, 0
36579056, 71131798, 0
37555692, 71184067, 0
39171095, 71236363, 0
11732180, 71290038, 0
39305778, 71294483, 0
Average:
0, 70783694, 0
3473581, 70813091, 0
20055794, 70829144, 0
26200831, 70865877, 0
16281875, 70923105, 0
12630807, 70980608, 0
6317522, 71047997, 0
12551376, 71067422, 0
27996516, 71078666, 0
39408840, 71093203, 0
36579168, 71131967, 0
37555672, 71184310, 0
39169317, 71236642, 0
11673103, 71290342, 0
39212857, 71294788, 0
