Host is running ...
size: 64000
Waiting for the board to finish...
       c0: 5	c1: 5	c2: 5	c3: 5	c4: 5	c5: 5	c6: 5	c7: 5	c8: 5	c9: 5	c10: 5	c11: 5	c12: 5	c13: 5	c14: 5	
Read data from board
2645584, 49279613, 0
5350040, 49395428, 0
10517350, 49486380, 0
15051409, 49610348, 0
7962850, 49852943, 0
7806732, 50102040, 0
7346515, 50316048, 0
6158164, 50408367, 0
11044118, 50508706, 0
15640602, 50645132, 0
8356115, 50890447, 0
8713567, 51138704, 0
8454103, 51376617, 0
7769239, 51555501, 0
20095145, 51580146, 0
Waiting for the board to finish...
       c0: 5	c1: 5	c2: 5	c3: 5	c4: 5	c5: 5	c6: 5	c7: 5	c8: 5	c9: 5	c10: 5	c11: 5	c12: 5	c13: 5	c14: 5	
Read data from board
2645584, 49088165, 0
5352216, 49203153, 0
10516664, 49293999, 0
15053669, 49417302, 0
7964612, 49658514, 0
7805622, 49906078, 0
7345231, 50118637, 0
6157428, 50210983, 0
11044101, 50310551, 0
15642763, 50446409, 0
8362089, 50690194, 0
8717306, 50936984, 0
8454606, 51174147, 0
7769113, 51351701, 0
20830142, 51376343, 0
Waiting for the board to finish...
       c0: 5	c1: 5	c2: 5	c3: 5	c4: 5	c5: 5	c6: 5	c7: 5	c8: 5	c9: 5	c10: 5	c11: 5	c12: 5	c13: 5	c14: 5	
Read data from board
2645584, 49087759, 0
5352519, 49202715, 0
10517170, 49293657, 0
15053675, 49416916, 0
7962718, 49658142, 0
7805584, 49905762, 0
7345064, 50118233, 0
6157935, 50210629, 0
11044894, 50310167, 0
15642584, 50446013, 0
8362554, 50689800, 0
8717656, 50936591, 0
8454763, 51173770, 0
7768955, 51351336, 0
20829790, 51375983, 0
Waiting for the board to finish...
       c0: 5	c1: 5	c2: 5	c3: 5	c4: 5	c5: 5	c6: 5	c7: 5	c8: 5	c9: 5	c10: 5	c11: 5	c12: 5	c13: 5	c14: 5	
Read data from board
2645584, 49088170, 0
5352365, 49203119, 0
10517557, 49294042, 0
15054095, 49417377, 0
7965426, 49658505, 0
7805698, 49906096, 0
7347281, 50118536, 0
6159722, 50210936, 0
11044118, 50310540, 0
15642859, 50446387, 0
8362515, 50690191, 0
8717424, 50936942, 0
8454854, 51174123, 0
7769008, 51351687, 0
20830142, 51376326, 0
Waiting for the board to finish...
       c0: 5	c1: 5	c2: 5	c3: 5	c4: 5	c5: 5	c6: 5	c7: 5	c8: 5	c9: 5	c10: 5	c11: 5	c12: 5	c13: 5	c14: 5	
Read data from board
2645584, 49088083, 0
5352770, 49203102, 0
10516596, 49293997, 0
15053514, 49417285, 0
7964492, 49658543, 0
7805341, 49906085, 0
7347724, 50118566, 0
6160235, 50210934, 0
11044685, 50310503, 0
15642562, 50446344, 0
8362542, 50690138, 0
8717493, 50936889, 0
8454592, 51174092, 0
7769071, 51351672, 0
20830144, 51376303, 0
Waiting for the board to finish...
       c0: 5	c1: 5	c2: 5	c3: 5	c4: 5	c5: 5	c6: 5	c7: 5	c8: 5	c9: 5	c10: 5	c11: 5	c12: 5	c13: 5	c14: 5	
Read data from board
2645584, 49087792, 0
5352511, 49202787, 0
10517896, 49293719, 0
15054456, 49416939, 0
7964987, 49658203, 0
7805617, 49905775, 0
7349689, 50118266, 0
6161464, 50210660, 0
11044506, 50310236, 0
15642485, 50446083, 0
8362624, 50689889, 0
8717484, 50936654, 0
8454455, 51173842, 0
7768980, 51351431, 0
20829896, 51376069, 0
Waiting for the board to finish...
       c0: 5	c1: 5	c2: 5	c3: 5	c4: 5	c5: 5	c6: 5	c7: 5	c8: 5	c9: 5	c10: 5	c11: 5	c12: 5	c13: 5	c14: 5	
Read data from board
2645584, 49087843, 0
5351755, 49202806, 0
10517062, 49293725, 0
15053546, 49416946, 0
7965283, 49658220, 0
7807669, 49905817, 0
7346313, 50118293, 0
6158457, 50210635, 0
11044589, 50310243, 0
15642250, 50446111, 0
8363059, 50689928, 0
8717416, 50936687, 0
8454424, 51173873, 0
7768909, 51351422, 0
20829957, 51376065, 0
Waiting for the board to finish...
       c0: 5	c1: 5	c2: 5	c3: 5	c4: 5	c5: 5	c6: 5	c7: 5	c8: 5	c9: 5	c10: 5	c11: 5	c12: 5	c13: 5	c14: 5	
Read data from board
2645584, 49088251, 0
5352443, 49203234, 0
10517316, 49294163, 0
15053858, 49417405, 0
7964539, 49658624, 0
7805441, 49906134, 0
7347339, 50118667, 0
6158870, 50211092, 0
11043932, 50310686, 0
15642671, 50446567, 0
8362190, 50690402, 0
8717518, 50937164, 0
8454704, 51174348, 0
7769043, 51351920, 0
20830383, 51376574, 0
Waiting for the board to finish...
       c0: 5	c1: 5	c2: 5	c3: 5	c4: 5	c5: 5	c6: 5	c7: 5	c8: 5	c9: 5	c10: 5	c11: 5	c12: 5	c13: 5	c14: 5	
Read data from board
2645584, 49087811, 0
5353091, 49202758, 0
10517387, 49293684, 0
15053705, 49416974, 0
7964807, 49656545, 0
7805099, 49905803, 0
7343436, 50118285, 0
6156680, 50210691, 0
11044742, 50310287, 0
15642300, 50446100, 0
8362560, 50689937, 0
8717603, 50936694, 0
8454365, 51173889, 0
7769048, 51351474, 0
20829948, 51376127, 0
Waiting for the board to finish...
       c0: 5	c1: 5	c2: 5	c3: 5	c4: 5	c5: 5	c6: 5	c7: 5	c8: 5	c9: 5	c10: 5	c11: 5	c12: 5	c13: 5	c14: 5	
Read data from board
2645584, 49088276, 0
5352559, 49203303, 0
10516870, 49294167, 0
15053335, 49417396, 0
7964039, 49658685, 0
7805377, 49906246, 0
7345399, 50118731, 0
6157880, 50211125, 0
11044230, 50310677, 0
15642332, 50446568, 0
8362866, 50690404, 0
8717645, 50937194, 0
8454860, 51174361, 0
7769135, 51351930, 0
20830414, 51376569, 0
Average:
2645584, 49107176, 0
5352226, 49222240, 0
10517186, 49313153, 0
15053526, 49436488, 0
7964375, 49677692, 0
7805818, 49925583, 0
7346399, 50138226, 0
6158683, 50230605, 0
11044391, 50330259, 0
15642340, 50466171, 0
8361911, 50710133, 0
8717111, 50957050, 0
8454572, 51194306, 0
7769050, 51372007, 0
20756596, 51396650, 0
