Host is running ...
size: 64000
Waiting for the board to finish...
       c0: 5	c1: 5	c2: 5	c3: 5	c4: 5	c5: 5	c6: 5	c7: 5	c8: 5	c9: 5	c10: 5	c11: 5	c12: 5	c13: 5	c14: 5	
Read data from board
2755170, 44466234, 0
6402840, 44645818, 0
10505194, 44827725, 0
14542597, 45052584, 0
8992012, 45492835, 0
8464981, 45945142, 0
7052630, 46296627, 0
7814385, 46477907, 0
11628337, 46658618, 0
15547843, 46878692, 0
9191115, 47323088, 0
9187359, 47771124, 0
8955722, 48223123, 0
7819236, 48516840, 0
17209276, 48565619, 0
Waiting for the board to finish...
       c0: 5	c1: 5	c2: 5	c3: 5	c4: 5	c5: 5	c6: 5	c7: 5	c8: 5	c9: 5	c10: 5	c11: 5	c12: 5	c13: 5	c14: 5	
Read data from board
2755170, 44466723, 0
6404293, 44646308, 0
10506573, 44828237, 0
14543925, 45052982, 0
8985344, 45493173, 0
8465406, 45945552, 0
7055464, 46297029, 0
7821476, 46478317, 0
11635325, 46658988, 0
15553496, 46879075, 0
9190582, 47323474, 0
9186770, 47771477, 0
8955291, 48223452, 0
7819370, 48517187, 0
18147254, 48565409, 0
Waiting for the board to finish...
       c0: 5	c1: 5	c2: 5	c3: 5	c4: 5	c5: 5	c6: 5	c7: 5	c8: 5	c9: 5	c10: 5	c11: 5	c12: 5	c13: 5	c14: 5	
Read data from board
2755170, 44466921, 0
6404026, 44646486, 0
10506009, 44828435, 0
14543939, 45053240, 0
8990654, 45493390, 0
8465005, 45945734, 0
7052608, 46297203, 0
7814526, 46478456, 0
11627491, 46659137, 0
15547022, 46879180, 0
9190299, 47323586, 0
9186393, 47771643, 0
8955237, 48223616, 0
7819565, 48517309, 0
18147353, 48565508, 0
Waiting for the board to finish...
       c0: 5	c1: 5	c2: 5	c3: 5	c4: 5	c5: 5	c6: 5	c7: 5	c8: 5	c9: 5	c10: 5	c11: 5	c12: 5	c13: 5	c14: 5	
Read data from board
2755170, 44466686, 0
6403387, 44646378, 0
10505935, 44828244, 0
14543106, 45052983, 0
8991718, 45493207, 0
8464206, 45945489, 0
7052673, 46296983, 0
7815675, 46478281, 0
11628515, 46658943, 0
15547822, 46879028, 0
9191473, 47323416, 0
9187349, 47771468, 0
8955380, 48223431, 0
7819319, 48517135, 0
18147202, 48565357, 0
Waiting for the board to finish...
       c0: 5	c1: 5	c2: 5	c3: 5	c4: 5	c5: 5	c6: 5	c7: 5	c8: 5	c9: 5	c10: 5	c11: 5	c12: 5	c13: 5	c14: 5	
Read data from board
2755170, 44466753, 0
6404294, 44646243, 0
10506881, 44828240, 0
14544911, 45052971, 0
8984264, 45493233, 0
8462987, 45945513, 0
7055016, 46296999, 0
7821963, 46478298, 0
11635357, 46658959, 0
15553379, 46879063, 0
9190315, 47323480, 0
9186152, 47771532, 0
8955204, 48223523, 0
7819663, 48517254, 0
18147319, 48565474, 0
Waiting for the board to finish...
       c0: 5	c1: 5	c2: 5	c3: 5	c4: 5	c5: 5	c6: 5	c7: 5	c8: 5	c9: 5	c10: 5	c11: 5	c12: 5	c13: 5	c14: 5	
Read data from board
2755170, 44466368, 0
6404430, 44646077, 0
10506489, 44827986, 0
14543682, 45052729, 0
8992485, 45492932, 0
8467667, 45945256, 0
7052907, 46296735, 0
7814908, 46478042, 0
11628362, 46658721, 0
15547855, 46878760, 0
9191174, 47323139, 0
9187208, 47771191, 0
8955321, 48223189, 0
7819262, 48516909, 0
18146974, 48565129, 0
Waiting for the board to finish...
       c0: 5	c1: 5	c2: 5	c3: 5	c4: 5	c5: 5	c6: 5	c7: 5	c8: 5	c9: 5	c10: 5	c11: 5	c12: 5	c13: 5	c14: 5	
Read data from board
2755170, 44466546, 0
6404732, 44646119, 0
10506373, 44828105, 0
14544077, 45052844, 0
8984589, 45493133, 0
8465410, 45945412, 0
7055781, 46296956, 0
7822231, 46478251, 0
11635466, 46658929, 0
15553606, 46878997, 0
9189761, 47323391, 0
9186246, 47771480, 0
8955368, 48223468, 0
7819585, 48517179, 0
18147249, 48565404, 0
Waiting for the board to finish...
       c0: 5	c1: 5	c2: 5	c3: 5	c4: 5	c5: 5	c6: 5	c7: 5	c8: 5	c9: 5	c10: 5	c11: 5	c12: 5	c13: 5	c14: 5	
Read data from board
2755170, 44466910, 0
6403625, 44646513, 0
10506296, 44828460, 0
14544595, 45053177, 0
8990864, 45493425, 0
8464614, 45945755, 0
7053107, 46297242, 0
7815374, 46478508, 0
11628232, 46659177, 0
15547487, 46879256, 0
9190219, 47323643, 0
9186619, 47771704, 0
8955465, 48223721, 0
7819800, 48517425, 0
18147495, 48565650, 0
Waiting for the board to finish...
       c0: 5	c1: 5	c2: 5	c3: 5	c4: 5	c5: 5	c6: 5	c7: 5	c8: 5	c9: 5	c10: 5	c11: 5	c12: 5	c13: 5	c14: 5	
Read data from board
2755170, 44467075, 0
6404049, 44646617, 0
10505853, 44828596, 0
14544804, 45053353, 0
8989118, 45493571, 0
8461309, 45945874, 0
7055817, 46297287, 0
7822416, 46478582, 0
11635372, 46659278, 0
15553482, 46879312, 0
9190153, 47323764, 0
9186366, 47771879, 0
8955408, 48223861, 0
7819634, 48517578, 0
18147634, 48565789, 0
Waiting for the board to finish...
       c0: 5	c1: 5	c2: 5	c3: 5	c4: 5	c5: 5	c6: 5	c7: 5	c8: 5	c9: 5	c10: 5	c11: 5	c12: 5	c13: 5	c14: 5	
Read data from board
2755170, 44466763, 0
6403144, 44646426, 0
10505371, 44828362, 0
14542656, 45053101, 0
8991130, 45493310, 0
8467360, 45945667, 0
7053129, 46297129, 0
7815057, 46478416, 0
11628349, 46659115, 0
15547493, 46879207, 0
9190401, 47323598, 0
9186331, 47771654, 0
8955226, 48223651, 0
7819605, 48517348, 0
18147417, 48565572, 0
Average:
2755170, 44466697, 0
6403882, 44646298, 0
10506097, 44828239, 0
14543829, 45052996, 0
8989217, 45493220, 0
8464894, 45945539, 0
7053913, 46297019, 0
7817801, 46478305, 0
11631080, 46658986, 0
15549948, 46879057, 0
9190549, 47323457, 0
9186679, 47771515, 0
8955362, 48223503, 0
7819503, 48517216, 0
18053517, 48565491, 0
