Host is running ...
size: 64000
Waiting for the board to finish...
       c0: 5	c1: 5	c2: 5	c3: 5	c4: 5	c5: 5	c6: 5	c7: 5	c8: 5	c9: 5	c10: 5	c11: 5	c12: 5	c13: 5	c14: 5	
Read data from board
0, 113949424, 0
7467, 113990933, 0
17298563, 114015508, 0
2019606, 114096510, 0
1247200, 114196671, 0
583889, 114283557, 0
6451407, 114404966, 0
4113584, 114436776, 0
40282160, 114446613, 0
55280356, 114458086, 0
55071328, 114474267, 0
55801300, 114491611, 0
55810518, 114541205, 0
29145395, 114614913, 0
75467228, 114617791, 0
Waiting for the board to finish...
       c0: 5	c1: 5	c2: 5	c3: 5	c4: 5	c5: 5	c6: 5	c7: 5	c8: 5	c9: 5	c10: 5	c11: 5	c12: 5	c13: 5	c14: 5	
Read data from board
0, 113948099, 0
7482, 113989556, 0
17303392, 114015727, 0
2033320, 114095227, 0
1253387, 114195348, 0
588901, 114282294, 0
6451680, 114403677, 0
4113489, 114435484, 0
40282771, 114445341, 0
55278545, 114456815, 0
55070833, 114473010, 0
55799711, 114490367, 0
55807644, 114540013, 0
29133487, 114613727, 0
76470505, 114616621, 0
Waiting for the board to finish...
       c0: 5	c1: 5	c2: 5	c3: 5	c4: 5	c5: 5	c6: 5	c7: 5	c8: 5	c9: 5	c10: 5	c11: 5	c12: 5	c13: 5	c14: 5	
Read data from board
0, 113945602, 0
7464, 113987163, 0
17296249, 114011746, 0
2031242, 114092757, 0
1251086, 114192922, 0
586619, 114279821, 0
6451556, 114401206, 0
4112032, 114433006, 0
40279338, 114442853, 0
55277290, 114454330, 0
55068305, 114470523, 0
55797037, 114487895, 0
55806107, 114537453, 0
29131046, 114611201, 0
76468117, 114614092, 0
Waiting for the board to finish...
       c0: 5	c1: 5	c2: 5	c3: 5	c4: 5	c5: 5	c6: 5	c7: 5	c8: 5	c9: 5	c10: 5	c11: 5	c12: 5	c13: 5	c14: 5	
Read data from board
0, 113947213, 0
7465, 113988714, 0
17300228, 114013272, 0
2024462, 114094348, 0
1249956, 114194509, 0
585332, 114281399, 0
6451687, 114402854, 0
4112938, 114434657, 0
40280294, 114444508, 0
55278390, 114455991, 0
55069319, 114472185, 0
55799145, 114489557, 0
55807698, 114539183, 0
29133585, 114612899, 0
76469004, 114615784, 0
Waiting for the board to finish...
       c0: 5	c1: 5	c2: 5	c3: 5	c4: 5	c5: 5	c6: 5	c7: 5	c8: 5	c9: 5	c10: 5	c11: 5	c12: 5	c13: 5	c14: 5	
Read data from board
0, 113948180, 0
7469, 113989644, 0
17299416, 114014230, 0
2029279, 114095338, 0
1251440, 114195494, 0
586204, 114282383, 0
6451714, 114403856, 0
4112717, 114435655, 0
40281522, 114445527, 0
55279356, 114457004, 0
55070477, 114473189, 0
55799461, 114490541, 0
55808295, 114540176, 0
29132632, 114613900, 0
76470502, 114616783, 0
Waiting for the board to finish...
       c0: 5	c1: 5	c2: 5	c3: 5	c4: 5	c5: 5	c6: 5	c7: 5	c8: 5	c9: 5	c10: 5	c11: 5	c12: 5	c13: 5	c14: 5	
Read data from board
0, 113947733, 0
7482, 113989158, 0
17298516, 114013745, 0
2017038, 114094768, 0
1252013, 114194944, 0
586941, 114281770, 0
6451594, 114403237, 0
4114348, 114435055, 0
40281167, 114444911, 0
55279142, 114456380, 0
55069689, 114472575, 0
55799493, 114489926, 0
55807542, 114539579, 0
29133546, 114613304, 0
76469710, 114616189, 0
Waiting for the board to finish...
       c0: 5	c1: 5	c2: 5	c3: 5	c4: 5	c5: 5	c6: 5	c7: 5	c8: 5	c9: 5	c10: 5	c11: 5	c12: 5	c13: 5	c14: 5	
Read data from board
0, 113945219, 0
7463, 113986713, 0
17296607, 114011292, 0
2047698, 114092322, 0
1252080, 114192442, 0
586172, 114279372, 0
6451654, 114400738, 0
4111911, 114432547, 0
40279190, 114442393, 0
55276896, 114453906, 0
55067368, 114470075, 0
55796315, 114487412, 0
55805329, 114537042, 0
29130874, 114610747, 0
76467224, 114613638, 0
Waiting for the board to finish...
       c0: 5	c1: 5	c2: 5	c3: 5	c4: 5	c5: 5	c6: 5	c7: 5	c8: 5	c9: 5	c10: 5	c11: 5	c12: 5	c13: 5	c14: 5	
Read data from board
0, 113946805, 0
7471, 113988251, 0
17301366, 114012842, 0
2034563, 114093879, 0
1252581, 114194032, 0
588424, 114280938, 0
6451634, 114402343, 0
4113763, 114434199, 0
40281162, 114444054, 0
55277586, 114455540, 0
55068898, 114471724, 0
55798226, 114489074, 0
55806232, 114538723, 0
29132356, 114612448, 0
76468539, 114615330, 0
Waiting for the board to finish...
       c0: 5	c1: 5	c2: 5	c3: 5	c4: 5	c5: 5	c6: 5	c7: 5	c8: 5	c9: 5	c10: 5	c11: 5	c12: 5	c13: 5	c14: 5	
Read data from board
0, 113947079, 0
7482, 113988582, 0
17294051, 114013147, 0
2032909, 114094208, 0
1251324, 114194375, 0
587474, 114281242, 0
6451645, 114402686, 0
4112538, 114434455, 0
40280941, 114444320, 0
55278888, 114455800, 0
55070066, 114471997, 0
55798563, 114489349, 0
55806805, 114538994, 0
29132466, 114612711, 0
76469383, 114615604, 0
Waiting for the board to finish...
       c0: 5	c1: 5	c2: 5	c3: 5	c4: 5	c5: 5	c6: 5	c7: 5	c8: 5	c9: 5	c10: 5	c11: 5	c12: 5	c13: 5	c14: 5	
Read data from board
0, 113947647, 0
7482, 113989178, 0
17296376, 114013791, 0
2035026, 114094813, 0
1253509, 114195023, 0
587237, 114281895, 0
6451735, 114403267, 0
4112949, 114435080, 0
40280804, 114444938, 0
55278832, 114456406, 0
55070188, 114472605, 0
55798443, 114489952, 0
55807576, 114539595, 0
29132300, 114613315, 0
76470270, 114616202, 0
Average:
0, 113947300, 0
7472, 113988789, 0
17298476, 114013530, 0
2030514, 114094417, 0
1251457, 114194576, 0
586719, 114281467, 0
6451630, 114402883, 0
4113026, 114434691, 0
40280934, 114444545, 0
55278528, 114456025, 0
55069647, 114472215, 0
55798769, 114489568, 0
55807374, 114539196, 0
29133768, 114612916, 0
76369048, 114615803, 0
