Host is running ...
size: 64000
Waiting for the board to finish...
       c0: 5	c1: 5	c2: 5	c3: 5	c4: 5	c5: 5	c6: 5	c7: 5	c8: 5	c9: 5	c10: 5	c11: 5	c12: 5	c13: 5	c14: 5	
Read data from board
207320, 235632989, 0
975180, 236328316, 0
521272, 237028016, 0
1086317, 237996045, 0
1447743, 239745079, 0
1334715, 241237563, 0
1023582, 242704222, 0
1402050, 243636621, 0
725890, 244567882, 0
1496356, 246545301, 0
1893447, 249235309, 0
1805991, 251999926, 0
1878759, 254799285, 0
2179995, 257139471, 0
0, 257422314, 0
Waiting for the board to finish...
       c0: 5	c1: 5	c2: 5	c3: 5	c4: 5	c5: 5	c6: 5	c7: 5	c8: 5	c9: 5	c10: 5	c11: 5	c12: 5	c13: 5	c14: 5	
Read data from board
207320, 235628480, 0
977499, 236324772, 0
521270, 237023046, 0
1095000, 237988807, 0
1447733, 239737326, 0
1334610, 241230091, 0
1023591, 242696854, 0
1402050, 243628786, 0
726588, 244559754, 0
1496318, 246537837, 0
1893788, 249228371, 0
1808911, 251992841, 0
1878754, 254791426, 0
2180545, 257141092, 0
0, 257422069, 0
Waiting for the board to finish...
       c0: 5	c1: 5	c2: 5	c3: 5	c4: 5	c5: 5	c6: 5	c7: 5	c8: 5	c9: 5	c10: 5	c11: 5	c12: 5	c13: 5	c14: 5	
Read data from board
207320, 235631119, 0
975700, 236324680, 0
521291, 237023968, 0
1092143, 237989997, 0
1447707, 239738518, 0
1334917, 241231299, 0
1025130, 242697444, 0
1402059, 243630099, 0
726618, 244561422, 0
1499192, 246539157, 0
1893123, 249229404, 0
1808897, 251993346, 0
1878770, 254792739, 0
2180856, 257129045, 0
0, 257414792, 0
Waiting for the board to finish...
       c0: 5	c1: 5	c2: 5	c3: 5	c4: 5	c5: 5	c6: 5	c7: 5	c8: 5	c9: 5	c10: 5	c11: 5	c12: 5	c13: 5	c14: 5	
Read data from board
207320, 235653244, 0
975985, 236347357, 0
521264, 237045563, 0
1095000, 238013864, 0
1447721, 239761536, 0
1334656, 241254635, 0
1023865, 242720803, 0
1402051, 243653003, 0
726595, 244584129, 0
1499233, 246561523, 0
1893129, 249251925, 0
1808912, 252014281, 0
1878672, 254813438, 0
2180392, 257153506, 0
0, 257432274, 0
Waiting for the board to finish...
       c0: 5	c1: 5	c2: 5	c3: 5	c4: 5	c5: 5	c6: 5	c7: 5	c8: 5	c9: 5	c10: 5	c11: 5	c12: 5	c13: 5	c14: 5	
Read data from board
207320, 235628446, 0
975608, 236323902, 0
521268, 237022666, 0
1095027, 237993001, 0
1447729, 239741560, 0
1334611, 241234042, 0
1023855, 242699941, 0
1402069, 243632238, 0
726621, 244563431, 0
1496334, 246541572, 0
1893458, 249231843, 0
1808956, 251997042, 0
1878635, 254795949, 0
2180251, 257141113, 0
0, 257424285, 0
Waiting for the board to finish...
       c0: 5	c1: 5	c2: 5	c3: 5	c4: 5	c5: 5	c6: 5	c7: 5	c8: 5	c9: 5	c10: 5	c11: 5	c12: 5	c13: 5	c14: 5	
Read data from board
207320, 235641573, 0
976160, 236336848, 0
521285, 237036776, 0
1092084, 238006409, 0
1447991, 239755362, 0
1334661, 241248259, 0
1025273, 242714120, 0
1402051, 243647000, 0
726644, 244578374, 0
1499183, 246555453, 0
1893382, 249245532, 0
1808928, 252009729, 0
1878697, 254809037, 0
2179976, 257147642, 0
0, 257432659, 0
Waiting for the board to finish...
       c0: 5	c1: 5	c2: 5	c3: 5	c4: 5	c5: 5	c6: 5	c7: 5	c8: 5	c9: 5	c10: 5	c11: 5	c12: 5	c13: 5	c14: 5	
Read data from board
207320, 235643162, 0
976391, 236335146, 0
521301, 237031866, 0
1092078, 238001892, 0
1447714, 239749738, 0
1334671, 241242913, 0
1023591, 242709342, 0
1402051, 243642105, 0
726605, 244572900, 0
1496601, 246551765, 0
1893531, 249241783, 0
1805960, 252005512, 0
1879013, 254803967, 0
2180760, 257151536, 0
0, 257432337, 0
Waiting for the board to finish...
       c0: 5	c1: 5	c2: 5	c3: 5	c4: 5	c5: 5	c6: 5	c7: 5	c8: 5	c9: 5	c10: 5	c11: 5	c12: 5	c13: 5	c14: 5	
Read data from board
207320, 235628180, 0
974974, 236323767, 0
521277, 237022999, 0
1086287, 237992914, 0
1447693, 239741129, 0
1334656, 241233397, 0
1024120, 242700113, 0
1402050, 243633141, 0
726599, 244563899, 0
1496368, 246542982, 0
1893239, 249233508, 0
1808914, 251997823, 0
1878972, 254795774, 0
2182290, 257145641, 0
0, 257431819, 0
Waiting for the board to finish...
       c0: 5	c1: 5	c2: 5	c3: 5	c4: 5	c5: 5	c6: 5	c7: 5	c8: 5	c9: 5	c10: 5	c11: 5	c12: 5	c13: 5	c14: 5	
Read data from board
207320, 235640386, 0
975410, 236334891, 0
521266, 237031363, 0
1092100, 237999523, 0
1447653, 239747998, 0
1334610, 241241253, 0
1025836, 242707224, 0
1402057, 243639302, 0
726650, 244570488, 0
1499216, 246548180, 0
1893088, 249238597, 0
1808950, 252002514, 0
1878695, 254801598, 0
2181505, 257154415, 0
0, 257436420, 0
Waiting for the board to finish...
       c0: 5	c1: 5	c2: 5	c3: 5	c4: 5	c5: 5	c6: 5	c7: 5	c8: 5	c9: 5	c10: 5	c11: 5	c12: 5	c13: 5	c14: 5	
Read data from board
207320, 235637649, 0
977907, 236332858, 0
521272, 237031997, 0
1095000, 237999652, 0
1447994, 239748120, 0
1334648, 241240922, 0
1024119, 242707230, 0
1402051, 243639459, 0
726932, 244570649, 0
1499215, 246548278, 0
1893069, 249238882, 0
1808973, 252002246, 0
1878728, 254800738, 0
2180362, 257137420, 0
0, 257421837, 0
Average:
207320, 235636522, 0
976081, 236331253, 0
521276, 237029826, 0
1092103, 237998210, 0
1447767, 239746636, 0
1334675, 241239437, 0
1024296, 242705729, 0
1402053, 243638175, 0
726574, 244569292, 0
1497801, 246547204, 0
1893325, 249237515, 0
1808339, 252001526, 0
1878769, 254800395, 0
2180693, 257144088, 0
0, 257427080, 0
