Host is running ...
size: 64000
Waiting for the board to finish...
       c0: 5	c1: 5	c2: 5	c3: 5	c4: 5	c5: 5	c6: 5	c7: 5	c8: 5	c9: 5	c10: 5	c11: 5	c12: 5	c13: 5	c14: 5	
Read data from board
59332, 223978811, 0
294657, 225415944, 0
216547, 226831944, 0
568785, 228915245, 0
811672, 232268232, 0
1077668, 235342038, 0
1056819, 238270222, 0
1400041, 240185284, 0
779816, 242111675, 0
1658115, 246207930, 0
1950624, 251769377, 0
2212950, 257865293, 0
2444312, 263979682, 0
2548720, 268071208, 0
0, 268769182, 0
Waiting for the board to finish...
       c0: 5	c1: 5	c2: 5	c3: 5	c4: 5	c5: 5	c6: 5	c7: 5	c8: 5	c9: 5	c10: 5	c11: 5	c12: 5	c13: 5	c14: 5	
Read data from board
59332, 223974711, 0
294355, 225412124, 0
216541, 226828445, 0
560300, 228909960, 0
812413, 232263655, 0
1077706, 235338752, 0
1056550, 238266074, 0
1400320, 240180827, 0
779794, 242107352, 0
1658103, 246202960, 0
1950624, 251766156, 0
2212921, 257864388, 0
2444226, 263978362, 0
2547416, 268073188, 0
0, 268774772, 0
Waiting for the board to finish...
       c0: 5	c1: 5	c2: 5	c3: 5	c4: 5	c5: 5	c6: 5	c7: 5	c8: 5	c9: 5	c10: 5	c11: 5	c12: 5	c13: 5	c14: 5	
Read data from board
59332, 223961777, 0
294429, 225399533, 0
216541, 226814594, 0
560276, 228901506, 0
810739, 232253679, 0
1069623, 235329746, 0
1055849, 238257963, 0
1400957, 240172828, 0
779801, 242099175, 0
1658066, 246195285, 0
1950967, 251758213, 0
2214924, 257867273, 0
2444292, 263981972, 0
2549883, 268076296, 0
0, 268774035, 0
Waiting for the board to finish...
       c0: 5	c1: 5	c2: 5	c3: 5	c4: 5	c5: 5	c6: 5	c7: 5	c8: 5	c9: 5	c10: 5	c11: 5	c12: 5	c13: 5	c14: 5	
Read data from board
59332, 223963263, 0
295135, 225401050, 0
216595, 226815707, 0
551822, 228898538, 0
811005, 232250102, 0
1061862, 235324155, 0
1055851, 238251816, 0
1392073, 240166442, 0
779776, 242091034, 0
1658071, 246186723, 0
1951000, 251747992, 0
2212913, 257848953, 0
2444289, 263964010, 0
2547871, 268062738, 0
0, 268763927, 0
Waiting for the board to finish...
       c0: 5	c1: 5	c2: 5	c3: 5	c4: 5	c5: 5	c6: 5	c7: 5	c8: 5	c9: 5	c10: 5	c11: 5	c12: 5	c13: 5	c14: 5	
Read data from board
59332, 223957180, 0
294111, 225393791, 0
216588, 226808168, 0
553917, 228893095, 0
811597, 232246305, 0
1077668, 235322128, 0
1056129, 238251002, 0
1400328, 240165997, 0
779898, 242091986, 0
1658358, 246187408, 0
1950651, 251748228, 0
2212921, 257849904, 0
2444197, 263963083, 0
2549809, 268048743, 0
0, 268746455, 0
Waiting for the board to finish...
       c0: 5	c1: 5	c2: 5	c3: 5	c4: 5	c5: 5	c6: 5	c7: 5	c8: 5	c9: 5	c10: 5	c11: 5	c12: 5	c13: 5	c14: 5	
Read data from board
59332, 223967828, 0
294142, 225404957, 0
216541, 226821597, 0
560258, 228905801, 0
811288, 232258171, 0
1077688, 235332522, 0
1057927, 238260648, 0
1400030, 240175639, 0
779812, 242101068, 0
1658133, 246197536, 0
1950598, 251759452, 0
2212921, 257860327, 0
2444272, 263972490, 0
2547618, 268069748, 0
0, 268768063, 0
Waiting for the board to finish...
       c0: 5	c1: 5	c2: 5	c3: 5	c4: 5	c5: 5	c6: 5	c7: 5	c8: 5	c9: 5	c10: 5	c11: 5	c12: 5	c13: 5	c14: 5	
Read data from board
59332, 223967786, 0
294425, 225404385, 0
216541, 226821571, 0
560277, 228907263, 0
811526, 232258790, 0
1071597, 235333685, 0
1055868, 238261164, 0
1400325, 240176094, 0
779793, 242102363, 0
1658110, 246198247, 0
1950671, 251758534, 0
2212915, 257867009, 0
2444228, 263979297, 0
2547958, 268076117, 0
0, 268776038, 0
Waiting for the board to finish...
       c0: 5	c1: 5	c2: 5	c3: 5	c4: 5	c5: 5	c6: 5	c7: 5	c8: 5	c9: 5	c10: 5	c11: 5	c12: 5	c13: 5	c14: 5	
Read data from board
59332, 223967749, 0
294482, 225407784, 0
216595, 226823414, 0
558180, 228905609, 0
810734, 232259724, 0
1069651, 235335728, 0
1055576, 238262730, 0
1394641, 240177581, 0
779844, 242103293, 0
1658080, 246199305, 0
1950561, 251759949, 0
2212921, 257861333, 0
2443989, 263973441, 0
2548454, 268064598, 0
0, 268764537, 0
Waiting for the board to finish...
       c0: 5	c1: 5	c2: 5	c3: 5	c4: 5	c5: 5	c6: 5	c7: 5	c8: 5	c9: 5	c10: 5	c11: 5	c12: 5	c13: 5	c14: 5	
Read data from board
59332, 223967626, 0
294466, 225404397, 0
216541, 226819678, 0
560260, 228905686, 0
811583, 232258646, 0
1077701, 235333170, 0
1056793, 238260491, 0
1400322, 240175499, 0
779796, 242101986, 0
1658113, 246198819, 0
1950660, 251759114, 0
2214946, 257860611, 0
2444629, 263973457, 0
2549971, 268074669, 0
0, 268768612, 0
Waiting for the board to finish...
       c0: 5	c1: 5	c2: 5	c3: 5	c4: 5	c5: 5	c6: 5	c7: 5	c8: 5	c9: 5	c10: 5	c11: 5	c12: 5	c13: 5	c14: 5	
Read data from board
59332, 223970049, 0
293875, 225409563, 0
216541, 226823869, 0
560291, 228907483, 0
811582, 232260730, 0
1077699, 235334495, 0
1056810, 238262921, 0
1400145, 240177735, 0
779795, 242103261, 0
1658058, 246199511, 0
1950702, 251764992, 0
2212920, 257862186, 0
2444235, 263975721, 0
2548330, 268080177, 0
0, 268776629, 0
Average:
59332, 223967678, 0
294407, 225405352, 0
216557, 226820898, 0
559436, 228905018, 0
811413, 232257803, 0
1073886, 235332641, 0
1056417, 238260503, 0
1398918, 240175392, 0
779812, 242101319, 0
1658120, 246197372, 0
1950705, 251759200, 0
2213325, 257860727, 0
2444266, 263974151, 0
2548603, 268069748, 0
0, 268768225, 0
