Host is running ...
size: 64000
Waiting for the board to finish...
       c0: 5	c1: 5	c2: 5	c3: 5	c4: 5	c5: 5	c6: 5	c7: 5	c8: 5	c9: 5	c10: 5	c11: 5	c12: 5	c13: 5	c14: 5	
Read data from board
60978475, 73922774, 64000
38923570, 74413420, 128000
29370642, 74916846, 64000
39639158, 75401060, 64000
42841251, 76367414, 64000
49257429, 77374138, 64000
44168390, 78384666, 64000
44602408, 78866478, 128000
18090514, 78867744, 64000
17881456, 78870045, 64000
18068858, 78873050, 64000
22242910, 78876346, 64000
17536897, 78878486, 64000
18019235, 78920183, 64000
0, 78921065, 0
Waiting for the board to finish...
       c0: 5	c1: 5	c2: 5	c3: 5	c4: 5	c5: 5	c6: 5	c7: 5	c8: 5	c9: 5	c10: 5	c11: 5	c12: 5	c13: 5	c14: 5	
Read data from board
60980426, 73924725, 64000
38925836, 74415066, 128000
29385957, 74918192, 64000
39641769, 75402495, 64000
42832576, 76368969, 64000
49267328, 77375582, 64000
44174070, 78386412, 64000
44604756, 78868208, 128000
18089703, 78869448, 64000
17880723, 78871730, 64000
18070814, 78874697, 64000
22241500, 78877998, 64000
17543696, 78880114, 64000
18177591, 78921819, 64000
0, 78922711, 0
Waiting for the board to finish...
       c0: 5	c1: 5	c2: 5	c3: 5	c4: 5	c5: 5	c6: 5	c7: 5	c8: 5	c9: 5	c10: 5	c11: 5	c12: 5	c13: 5	c14: 5	
Read data from board
60977408, 73921707, 64000
38921174, 74412131, 128000
29358236, 74915267, 64000
39620909, 75399775, 64000
42822307, 76365990, 64000
49254971, 77372572, 64000
44169281, 78383111, 64000
44601576, 78865064, 128000
18091253, 78866305, 64000
17881371, 78868613, 64000
18071218, 78871582, 64000
22241230, 78874908, 64000
17543723, 78877023, 64000
18176729, 78918707, 64000
0, 78919572, 0
Waiting for the board to finish...
       c0: 5	c1: 5	c2: 5	c3: 5	c4: 5	c5: 5	c6: 5	c7: 5	c8: 5	c9: 5	c10: 5	c11: 5	c12: 5	c13: 5	c14: 5	
Read data from board
60976349, 73920648, 64000
38921758, 74410887, 128000
29362065, 74914104, 64000
39626915, 75398533, 64000
42821634, 76365208, 64000
49255924, 77371656, 64000
44163535, 78382328, 64000
44602138, 78864135, 128000
18091488, 78865400, 64000
17881535, 78867673, 64000
18070687, 78870659, 64000
22245145, 78873963, 64000
17546821, 78876077, 64000
18177288, 78917719, 64000
0, 78918593, 0
Waiting for the board to finish...
       c0: 5	c1: 5	c2: 5	c3: 5	c4: 5	c5: 5	c6: 5	c7: 5	c8: 5	c9: 5	c10: 5	c11: 5	c12: 5	c13: 5	c14: 5	
Read data from board
60975573, 73919872, 64000
38920262, 74410351, 128000
29358687, 74913409, 64000
39626070, 75397638, 64000
42821378, 76364192, 64000
49253416, 77371147, 64000
44168478, 78381999, 64000
44600342, 78863692, 128000
18090952, 78864945, 64000
17881967, 78867255, 64000
18070263, 78870226, 64000
22243230, 78873552, 64000
17542046, 78875681, 64000
18176106, 78917368, 64000
0, 78918247, 0
Waiting for the board to finish...
       c0: 5	c1: 5	c2: 5	c3: 5	c4: 5	c5: 5	c6: 5	c7: 5	c8: 5	c9: 5	c10: 5	c11: 5	c12: 5	c13: 5	c14: 5	
Read data from board
60977241, 73921540, 64000
38921362, 74411809, 128000
29376000, 74914850, 64000
39644782, 75399504, 64000
42827609, 76366047, 64000
49259926, 77372772, 64000
44167592, 78383380, 64000
44601529, 78865190, 128000
18092135, 78866451, 64000
17881253, 78868749, 64000
18070688, 78871732, 64000
22242080, 78875066, 64000
17545877, 78877179, 64000
18175425, 78918885, 64000
0, 78919758, 0
Waiting for the board to finish...
       c0: 5	c1: 5	c2: 5	c3: 5	c4: 5	c5: 5	c6: 5	c7: 5	c8: 5	c9: 5	c10: 5	c11: 5	c12: 5	c13: 5	c14: 5	
Read data from board
60975182, 73919481, 64000
38921559, 74409947, 128000
29359968, 74913170, 64000
39625971, 75397712, 64000
42821315, 76363943, 64000
49244063, 77371049, 64000
44156551, 78381466, 64000
44603009, 78863362, 128000
18091445, 78864628, 64000
17881048, 78866929, 64000
18071166, 78869928, 64000
22244831, 78873236, 64000
17544011, 78875369, 64000
18177686, 78917038, 64000
0, 78917917, 0
Waiting for the board to finish...
       c0: 5	c1: 5	c2: 5	c3: 5	c4: 5	c5: 5	c6: 5	c7: 5	c8: 5	c9: 5	c10: 5	c11: 5	c12: 5	c13: 5	c14: 5	
Read data from board
60976599, 73920898, 64000
38921057, 74411454, 128000
29373024, 74914362, 64000
39639068, 75398752, 64000
42833660, 76365353, 64000
49259358, 77372040, 64000
44170390, 78382690, 64000
44601987, 78864774, 128000
18091607, 78866044, 64000
17881551, 78868343, 64000
18070575, 78871343, 64000
22243720, 78874621, 64000
17543562, 78876752, 64000
18178037, 78918440, 64000
0, 78919317, 0
Waiting for the board to finish...
       c0: 5	c1: 5	c2: 5	c3: 5	c4: 5	c5: 5	c6: 5	c7: 5	c8: 5	c9: 5	c10: 5	c11: 5	c12: 5	c13: 5	c14: 5	
Read data from board
60976460, 73920759, 64000
38919622, 74411255, 128000
29352907, 74914546, 64000
39623943, 75398823, 64000
42822380, 76365603, 64000
49255919, 77372610, 64000
44167470, 78383252, 64000
44601282, 78865194, 128000
18090612, 78866502, 64000
17881599, 78868804, 64000
18069345, 78871767, 64000
22243301, 78875103, 64000
17548157, 78877229, 64000
18176898, 78918919, 64000
0, 78919797, 0
Waiting for the board to finish...
       c0: 5	c1: 5	c2: 5	c3: 5	c4: 5	c5: 5	c6: 5	c7: 5	c8: 5	c9: 5	c10: 5	c11: 5	c12: 5	c13: 5	c14: 5	
Read data from board
60974472, 73918771, 64000
38917374, 74409030, 128000
29358877, 74912092, 64000
39622563, 75396574, 64000
42820736, 76362772, 64000
49245967, 77369859, 64000
44161908, 78380638, 64000
44600485, 78862572, 128000
18090321, 78863830, 64000
17881316, 78866114, 64000
18069755, 78869088, 64000
22239367, 78872434, 64000
17548323, 78874553, 64000
18177229, 78916244, 64000
0, 78917118, 0
Average:
60976818, 73921117, 64000
38921357, 74411535, 128000
29365636, 74914683, 64000
39631114, 75399086, 64000
42826484, 76365549, 64000
49255430, 77372342, 64000
44166766, 78382994, 64000
44601951, 78864866, 128000
18091003, 78866129, 64000
17881381, 78868425, 64000
18070336, 78871407, 64000
22242731, 78874722, 64000
17544311, 78876846, 64000
18161222, 78918532, 64000
0, 78919409, 0
