Host is running ...
size: 64000
Waiting for the board to finish...
       c0: 5	c1: 5	c2: 5	c3: 5	c4: 5	c5: 5	c6: 5	c7: 5	c8: 5	c9: 5	c10: 5	c11: 5	c12: 5	c13: 5	c14: 5	
Read data from board
40185693, 53242400, 64000
22696231, 53353877, 128000
14129214, 53457579, 64000
22586437, 53576762, 64000
29863997, 53826596, 64000
31671918, 54079800, 64000
20792221, 54286437, 64000
22487798, 54376373, 128000
14334134, 54477916, 64000
23488090, 54621491, 64000
31197314, 54868456, 64000
32588772, 55118527, 64000
33454611, 55364883, 64000
11357121, 55553540, 64000
0, 55577142, 0
Waiting for the board to finish...
       c0: 5	c1: 5	c2: 5	c3: 5	c4: 5	c5: 5	c6: 5	c7: 5	c8: 5	c9: 5	c10: 5	c11: 5	c12: 5	c13: 5	c14: 5	
Read data from board
39982341, 53039066, 64000
22609733, 53156114, 128000
14020781, 53252551, 64000
22369032, 53378693, 64000
29507040, 53624492, 64000
31448155, 53867236, 64000
20589102, 54083960, 64000
22310242, 54169729, 128000
14234511, 54272225, 64000
23329134, 54413736, 64000
30914420, 54659652, 64000
32318035, 54908596, 64000
33225663, 55154157, 64000
11120050, 55342005, 64000
0, 55365626, 0
Waiting for the board to finish...
       c0: 5	c1: 5	c2: 5	c3: 5	c4: 5	c5: 5	c6: 5	c7: 5	c8: 5	c9: 5	c10: 5	c11: 5	c12: 5	c13: 5	c14: 5	
Read data from board
39981598, 53038323, 64000
22603785, 53155877, 128000
14010600, 53252377, 64000
22358094, 53378800, 64000
29508793, 53624043, 64000
31423802, 53866511, 64000
20588362, 54083188, 64000
22311197, 54169012, 128000
14209446, 54271771, 64000
23307146, 54413220, 64000
30920765, 54659096, 64000
32324995, 54908027, 64000
33228641, 55153614, 64000
11120080, 55341469, 64000
0, 55365077, 0
Waiting for the board to finish...
       c0: 5	c1: 5	c2: 5	c3: 5	c4: 5	c5: 5	c6: 5	c7: 5	c8: 5	c9: 5	c10: 5	c11: 5	c12: 5	c13: 5	c14: 5	
Read data from board
39982278, 53038994, 64000
22613927, 53156223, 128000
14023398, 53252727, 64000
22369809, 53378906, 64000
29513227, 53624291, 64000
31437192, 53866993, 64000
20589067, 54083765, 64000
22313106, 54169548, 128000
14223314, 54272018, 64000
23319998, 54413515, 64000
30920618, 54659440, 64000
32321207, 54908356, 64000
33231261, 55153948, 64000
11120194, 55341770, 64000
0, 55365376, 0
Waiting for the board to finish...
       c0: 5	c1: 5	c2: 5	c3: 5	c4: 5	c5: 5	c6: 5	c7: 5	c8: 5	c9: 5	c10: 5	c11: 5	c12: 5	c13: 5	c14: 5	
Read data from board
39982511, 53039218, 64000
22609562, 53156558, 128000
14016624, 53253053, 64000
22362753, 53379462, 64000
29505702, 53624350, 64000
31429486, 53867113, 64000
20588724, 54083766, 64000
22312511, 54169554, 128000
14222746, 54272348, 64000
23317561, 54413798, 64000
30919436, 54659743, 64000
32323890, 54908639, 64000
33227484, 55154238, 64000
11120245, 55342095, 64000
0, 55365703, 0
Waiting for the board to finish...
       c0: 5	c1: 5	c2: 5	c3: 5	c4: 5	c5: 5	c6: 5	c7: 5	c8: 5	c9: 5	c10: 5	c11: 5	c12: 5	c13: 5	c14: 5	
Read data from board
39982387, 53039118, 64000
22608413, 53156665, 128000
14019732, 53253105, 64000
22368989, 53379298, 64000
29509395, 53625067, 64000
31412458, 53868043, 64000
20589707, 54084513, 64000
22314462, 54170320, 128000
14209232, 54272481, 64000
23307009, 54413979, 64000
30925274, 54659900, 64000
32330832, 54908812, 64000
33231202, 55154425, 64000
11120146, 55342272, 64000
0, 55365879, 0
Waiting for the board to finish...
       c0: 5	c1: 5	c2: 5	c3: 5	c4: 5	c5: 5	c6: 5	c7: 5	c8: 5	c9: 5	c10: 5	c11: 5	c12: 5	c13: 5	c14: 5	
Read data from board
39982039, 53038782, 64000
22615005, 53156252, 128000
14013255, 53252746, 64000
22353872, 53379110, 64000
29511931, 53624384, 64000
31430802, 53867137, 64000
20589297, 54083854, 64000
22312353, 54169606, 128000
14229635, 54272016, 64000
23326692, 54413536, 64000
30925515, 54659422, 64000
32327814, 54908353, 64000
33231310, 55153953, 64000
11119784, 55341779, 64000
0, 55365394, 0
Waiting for the board to finish...
       c0: 5	c1: 5	c2: 5	c3: 5	c4: 5	c5: 5	c6: 5	c7: 5	c8: 5	c9: 5	c10: 5	c11: 5	c12: 5	c13: 5	c14: 5	
Read data from board
39982210, 53038991, 64000
22611650, 53156848, 128000
14017924, 53253337, 64000
22364006, 53379490, 64000
29508420, 53624629, 64000
31430434, 53867649, 64000
20589641, 54084073, 64000
22314367, 54169851, 128000
14220361, 54272314, 64000
23316146, 54413834, 64000
30920318, 54659730, 64000
32325562, 54908624, 64000
33230038, 55154198, 64000
11120103, 55342045, 64000
0, 55365639, 0
Waiting for the board to finish...
       c0: 5	c1: 5	c2: 5	c3: 5	c4: 5	c5: 5	c6: 5	c7: 5	c8: 5	c9: 5	c10: 5	c11: 5	c12: 5	c13: 5	c14: 5	
Read data from board
39981976, 53038683, 64000
22606633, 53156523, 128000
14015652, 53253022, 64000
22359602, 53379468, 64000
29508187, 53624054, 64000
31394971, 53866797, 64000
20588112, 54083485, 64000
22311845, 54169264, 128000
14234487, 54272144, 64000
23337717, 54413582, 64000
30929587, 54659541, 64000
32335007, 54908426, 64000
33232740, 55154028, 64000
11120229, 55341882, 64000
0, 55365492, 0
Waiting for the board to finish...
       c0: 5	c1: 5	c2: 5	c3: 5	c4: 5	c5: 5	c6: 5	c7: 5	c8: 5	c9: 5	c10: 5	c11: 5	c12: 5	c13: 5	c14: 5	
Read data from board
39981999, 53038724, 64000
22607925, 53156564, 128000
14019395, 53253065, 64000
22363887, 53379252, 64000
29505803, 53624674, 64000
31456842, 53867388, 64000
20588948, 54083816, 64000
22312451, 54169586, 128000
14223450, 54272145, 64000
23313909, 54413613, 64000
30914688, 54659563, 64000
32315390, 54908462, 64000
33225655, 55154040, 64000
11120090, 55341889, 64000
0, 55365495, 0
Average:
40002503, 53059229, 64000
22618286, 53176150, 128000
14028657, 53273356, 64000
22385648, 53398924, 64000
29544249, 53644658, 64000
31453606, 53888466, 64000
20609318, 54104085, 64000
22330033, 54190284, 128000
14234131, 54292737, 64000
23336340, 54434430, 64000
30948793, 54680454, 64000
32351150, 54929482, 64000
33251860, 55175148, 64000
11143804, 55363074, 64000
0, 55386682, 0
