Host is running ...
size: 64000
Waiting for the board to finish...
       c0: 5	c1: 5	c2: 5	c3: 5	c4: 5	c5: 5	c6: 5	c7: 5	c8: 5	c9: 5	c10: 5	c11: 5	c12: 5	c13: 5	c14: 5	
Read data from board
37540463, 50645666, 64000
19509675, 50816366, 128000
8177195, 50929616, 64000
9863105, 51103338, 64000
11498533, 51582170, 64000
15095779, 52063716, 64000
17760003, 52438272, 64000
19678199, 52606390, 128000
9795391, 52806821, 64000
15326650, 53048763, 64000
21741508, 53523239, 64000
25990708, 54005949, 64000
29938404, 54486166, 64000
10373569, 54819212, 64000
0, 54866028, 0
Waiting for the board to finish...
       c0: 5	c1: 5	c2: 5	c3: 5	c4: 5	c5: 5	c6: 5	c7: 5	c8: 5	c9: 5	c10: 5	c11: 5	c12: 5	c13: 5	c14: 5	
Read data from board
37540395, 50645650, 64000
19509261, 50816343, 128000
8177035, 50929596, 64000
9865320, 51113692, 64000
11506236, 51586556, 64000
15095878, 52068401, 64000
17754736, 52442963, 64000
19677166, 52613787, 128000
9831900, 52808374, 64000
15369113, 53049979, 64000
21749379, 53524431, 64000
25987084, 54007118, 64000
29939111, 54487319, 64000
10373839, 54820351, 64000
0, 54866594, 0
Waiting for the board to finish...
       c0: 5	c1: 5	c2: 5	c3: 5	c4: 5	c5: 5	c6: 5	c7: 5	c8: 5	c9: 5	c10: 5	c11: 5	c12: 5	c13: 5	c14: 5	
Read data from board
37540278, 50645510, 64000
19509456, 50816224, 128000
8176910, 50929469, 64000
9858045, 51109433, 64000
11522036, 51588065, 64000
15133907, 52069937, 64000
17754894, 52444504, 64000
19685465, 52615334, 128000
9786483, 52807699, 64000
15326926, 53049597, 64000
21771570, 53524101, 64000
26011169, 54006818, 64000
29939832, 54486994, 64000
10373856, 54820046, 64000
0, 54866303, 0
Waiting for the board to finish...
       c0: 5	c1: 5	c2: 5	c3: 5	c4: 5	c5: 5	c6: 5	c7: 5	c8: 5	c9: 5	c10: 5	c11: 5	c12: 5	c13: 5	c14: 5	
Read data from board
37540580, 50645806, 64000
19510132, 50816508, 128000
8177104, 50929776, 64000
9863079, 51103447, 64000
11481612, 51582594, 64000
15073789, 52064161, 64000
17760735, 52438715, 64000
19678090, 52609514, 128000
9773451, 52806151, 64000
15297398, 53047786, 64000
21705466, 53521922, 64000
25973793, 54004645, 64000
29936609, 54484846, 64000
10373836, 54817880, 64000
0, 54864132, 0
Waiting for the board to finish...
       c0: 5	c1: 5	c2: 5	c3: 5	c4: 5	c5: 5	c6: 5	c7: 5	c8: 5	c9: 5	c10: 5	c11: 5	c12: 5	c13: 5	c14: 5	
Read data from board
37540364, 50645587, 64000
19509264, 50816302, 128000
8176954, 50929539, 64000
9854768, 51109460, 64000
11527865, 51588203, 64000
15137623, 52070076, 64000
17766300, 52444642, 64000
19684463, 52615456, 128000
9796146, 52808975, 64000
15351405, 53050291, 64000
21776891, 53524459, 64000
26010237, 54007199, 64000
29940813, 54487385, 64000
10373981, 54820412, 64000
0, 54866656, 0
Waiting for the board to finish...
       c0: 5	c1: 5	c2: 5	c3: 5	c4: 5	c5: 5	c6: 5	c7: 5	c8: 5	c9: 5	c10: 5	c11: 5	c12: 5	c13: 5	c14: 5	
Read data from board
37540539, 50645767, 64000
19509730, 50816469, 128000
8177030, 50929718, 64000
9870478, 51103554, 64000
11514366, 51582717, 64000
15116470, 52064279, 64000
17759543, 52438852, 64000
19679445, 52606978, 128000
9794510, 52807757, 64000
15335667, 53049688, 64000
21753596, 53524187, 64000
25994443, 54006873, 64000
29939156, 54487109, 64000
10373977, 54820154, 64000
0, 54866410, 0
Waiting for the board to finish...
       c0: 5	c1: 5	c2: 5	c3: 5	c4: 5	c5: 5	c6: 5	c7: 5	c8: 5	c9: 5	c10: 5	c11: 5	c12: 5	c13: 5	c14: 5	
Read data from board
37540520, 50645724, 64000
19509424, 50816444, 128000
8176951, 50929705, 64000
9870429, 51103383, 64000
11508849, 51581717, 64000
15112471, 52063584, 64000
17759542, 52438169, 64000
19672329, 52610208, 128000
9820570, 52808028, 64000
15362280, 53049357, 64000
21752313, 53523840, 64000
25998821, 54006545, 64000
29942390, 54486730, 64000
10373920, 54819770, 64000
0, 54866030, 0
Waiting for the board to finish...
       c0: 5	c1: 5	c2: 5	c3: 5	c4: 5	c5: 5	c6: 5	c7: 5	c8: 5	c9: 5	c10: 5	c11: 5	c12: 5	c13: 5	c14: 5	
Read data from board
37540536, 50645771, 64000
19510129, 50816448, 128000
8177138, 50929704, 64000
9863074, 51107715, 64000
11515895, 51586901, 64000
15127837, 52068433, 64000
17753482, 52442986, 64000
19678206, 52613796, 128000
9821400, 52808453, 64000
15366401, 53050095, 64000
21777328, 53524260, 64000
26017598, 54006933, 64000
29940706, 54487130, 64000
10373871, 54820161, 64000
0, 54866411, 0
Waiting for the board to finish...
       c0: 5	c1: 5	c2: 5	c3: 5	c4: 5	c5: 5	c6: 5	c7: 5	c8: 5	c9: 5	c10: 5	c11: 5	c12: 5	c13: 5	c14: 5	
Read data from board
37540468, 50645723, 64000
19509959, 50816431, 128000
8177099, 50929695, 64000
9854001, 51110112, 64000
11494894, 51588625, 64000
15083970, 52059224, 64000
17754490, 52433637, 64000
19670949, 52610423, 128000
9799205, 52806787, 64000
15323427, 53048471, 64000
21716447, 53522951, 64000
25988148, 54005650, 64000
29938757, 54485870, 64000
10373912, 54818910, 64000
0, 54865171, 0
Waiting for the board to finish...
       c0: 5	c1: 5	c2: 5	c3: 5	c4: 5	c5: 5	c6: 5	c7: 5	c8: 5	c9: 5	c10: 5	c11: 5	c12: 5	c13: 5	c14: 5	
Read data from board
37540336, 50645571, 64000
19509834, 50816282, 128000
8177193, 50929517, 64000
9858047, 51104556, 64000
11542342, 51582928, 64000
15162667, 52064763, 64000
17761069, 52439294, 64000
19675884, 52607419, 128000
9811266, 52808239, 64000
15361852, 53050139, 64000
21761072, 53524328, 64000
26009572, 54007022, 64000
29939422, 54487204, 64000
10373902, 54820250, 64000
0, 54866497, 0
Average:
37540447, 50645677, 64000
19509686, 50816381, 128000
8177060, 50929633, 64000
9862034, 51106869, 64000
11511262, 51585047, 64000
15114039, 52065657, 64000
17758479, 52440203, 64000
19678019, 52610930, 128000
9803032, 52807728, 64000
15342111, 53049416, 64000
21750557, 53523771, 64000
25998157, 54006475, 64000
29939520, 54486675, 64000
10373866, 54819714, 64000
0, 54866023, 0
