Host is running ...
size: 64000
Waiting for the board to finish...
       c0: 5	c1: 5	c2: 5	c3: 5	c4: 5	c5: 5	c6: 5	c7: 5	c8: 5	c9: 5	c10: 5	c11: 5	c12: 5	c13: 5	c14: 5	
Read data from board
46987040, 254574312, 64000
91221284, 254593419, 128000
47085485, 254607082, 64000
46132450, 254621214, 64000
45644154, 254642024, 64000
45650596, 254710966, 64000
87378502, 254856505, 64000
92009675, 254894669, 128000
46928988, 254908341, 64000
45674225, 254922353, 64000
45843552, 255019009, 64000
46209128, 255478310, 64000
49741075, 255942964, 64000
177780141, 256335348, 64000
0, 256386339, 0
Waiting for the board to finish...
       c0: 5	c1: 5	c2: 5	c3: 5	c4: 5	c5: 5	c6: 5	c7: 5	c8: 5	c9: 5	c10: 5	c11: 5	c12: 5	c13: 5	c14: 5	
Read data from board
46987743, 254538811, 64000
91220747, 254557737, 128000
47085812, 254571101, 64000
46132623, 254584937, 64000
45645386, 254605775, 64000
45650066, 254675456, 64000
87374912, 254821042, 64000
92009287, 254859230, 128000
46931391, 254872914, 64000
45674906, 254886943, 64000
45843845, 254983591, 64000
46208802, 255443312, 64000
49742927, 255906617, 64000
177756513, 256297783, 64000
0, 256347017, 0
Waiting for the board to finish...
       c0: 5	c1: 5	c2: 5	c3: 5	c4: 5	c5: 5	c6: 5	c7: 5	c8: 5	c9: 5	c10: 5	c11: 5	c12: 5	c13: 5	c14: 5	
Read data from board
46987867, 254554817, 64000
91221499, 254573628, 128000
47086124, 254587303, 64000
46132399, 254601474, 64000
45645278, 254622268, 64000
45651234, 254690986, 64000
87374662, 254836543, 64000
92009341, 254874691, 128000
46931166, 254888373, 64000
45673880, 254902495, 64000
45845099, 254999264, 64000
46209168, 255458436, 64000
49739350, 255922711, 64000
177787027, 256318213, 64000
0, 256365802, 0
Waiting for the board to finish...
       c0: 5	c1: 5	c2: 5	c3: 5	c4: 5	c5: 5	c6: 5	c7: 5	c8: 5	c9: 5	c10: 5	c11: 5	c12: 5	c13: 5	c14: 5	
Read data from board
46987118, 254555662, 64000
91220422, 254574440, 128000
47085826, 254587819, 64000
46132102, 254601900, 64000
45645092, 254622944, 64000
45649640, 254691834, 64000
87379908, 254837420, 64000
92009734, 254875688, 128000
46931104, 254889369, 64000
45672720, 254903196, 64000
45844752, 255000283, 64000
46208826, 255458777, 64000
49743894, 255921656, 64000
177741921, 256313243, 64000
0, 256362044, 0
Waiting for the board to finish...
       c0: 5	c1: 5	c2: 5	c3: 5	c4: 5	c5: 5	c6: 5	c7: 5	c8: 5	c9: 5	c10: 5	c11: 5	c12: 5	c13: 5	c14: 5	
Read data from board
46986266, 254571001, 64000
91221028, 254590196, 128000
47085474, 254603539, 64000
46131801, 254617755, 64000
45644845, 254638520, 64000
45649900, 254707660, 64000
87375036, 254853143, 64000
92009524, 254891410, 128000
46933188, 254904760, 64000
45672782, 254918787, 64000
45843983, 255016678, 64000
46210936, 255476371, 64000
49746949, 255940039, 64000
177747166, 256334520, 64000
0, 256387458, 0
Waiting for the board to finish...
       c0: 5	c1: 5	c2: 5	c3: 5	c4: 5	c5: 5	c6: 5	c7: 5	c8: 5	c9: 5	c10: 5	c11: 5	c12: 5	c13: 5	c14: 5	
Read data from board
46986902, 254566302, 64000
91222892, 254585441, 128000
47085709, 254599105, 64000
46132884, 254612959, 64000
45644943, 254633701, 64000
45650453, 254703120, 64000
87375878, 254848651, 64000
92008840, 254886921, 128000
46932780, 254900559, 64000
45674303, 254914675, 64000
45844203, 255010911, 64000
46207702, 255470712, 64000
49741204, 255935250, 64000
177773012, 256326451, 64000
0, 256377417, 0
Waiting for the board to finish...
       c0: 5	c1: 5	c2: 5	c3: 5	c4: 5	c5: 5	c6: 5	c7: 5	c8: 5	c9: 5	c10: 5	c11: 5	c12: 5	c13: 5	c14: 5	
Read data from board
46986955, 254566147, 64000
91221489, 254585268, 128000
47084907, 254598704, 64000
46133722, 254612493, 64000
45644429, 254633295, 64000
45650192, 254702550, 64000
87376449, 254848133, 64000
92008378, 254886294, 128000
46931575, 254899922, 64000
45675260, 254913975, 64000
45844304, 255012927, 64000
46211378, 255472258, 64000
49743745, 255935767, 64000
177769189, 256332265, 64000
0, 256381387, 0
Waiting for the board to finish...
       c0: 5	c1: 5	c2: 5	c3: 5	c4: 5	c5: 5	c6: 5	c7: 5	c8: 5	c9: 5	c10: 5	c11: 5	c12: 5	c13: 5	c14: 5	
Read data from board
46986515, 254560503, 64000
91221612, 254579678, 128000
47085616, 254593401, 64000
46132614, 254607276, 64000
45645299, 254628078, 64000
45650133, 254697106, 64000
87372693, 254842591, 64000
92008440, 254880905, 128000
46931360, 254894583, 64000
45675111, 254908299, 64000
45846317, 255005763, 64000
46209263, 255465615, 64000
49742792, 255929876, 64000
177812470, 256320375, 64000
0, 256369354, 0
Waiting for the board to finish...
       c0: 5	c1: 5	c2: 5	c3: 5	c4: 5	c5: 5	c6: 5	c7: 5	c8: 5	c9: 5	c10: 5	c11: 5	c12: 5	c13: 5	c14: 5	
Read data from board
46986906, 254557175, 64000
91220625, 254576349, 128000
47084972, 254589948, 64000
46132154, 254603850, 64000
45644500, 254624603, 64000
45650207, 254693660, 64000
87379325, 254839216, 64000
92010421, 254877377, 128000
46932614, 254891021, 64000
45674184, 254904776, 64000
45844734, 255002410, 64000
46208321, 255462655, 64000
49740127, 255926471, 64000
177814670, 256318591, 64000
0, 256367459, 0
Waiting for the board to finish...
       c0: 5	c1: 5	c2: 5	c3: 5	c4: 5	c5: 5	c6: 5	c7: 5	c8: 5	c9: 5	c10: 5	c11: 5	c12: 5	c13: 5	c14: 5	
Read data from board
46988189, 254544254, 64000
91221788, 254563194, 128000
47086367, 254576579, 64000
46132189, 254590406, 64000
45643677, 254611140, 64000
45650531, 254681133, 64000
87374507, 254826784, 64000
92007893, 254865046, 128000
46932735, 254878697, 64000
45675550, 254892808, 64000
45845348, 254989159, 64000
46208031, 255448875, 64000
49741183, 255912235, 64000
177800871, 256306262, 64000
0, 256357905, 0
Average:
46987150, 254558898, 64000
91221338, 254577935, 128000
47085629, 254591458, 64000
46132493, 254605426, 64000
45644760, 254626234, 64000
45650295, 254695447, 64000
87376187, 254841002, 64000
92009153, 254879223, 128000
46931690, 254892853, 64000
45674292, 254906830, 64000
45844613, 255003999, 64000
46209155, 255463532, 64000
49742324, 255927358, 64000
177778298, 256320305, 64000
0, 256370218, 0
