Host is running ...
size: 64000
Waiting for the board to finish...
       c0: 5	c1: 5	c2: 5	c3: 5	c4: 5	c5: 5	c6: 5	c7: 5	c8: 5	c9: 5	c10: 5	c11: 5	c12: 5	c13: 5	c14: 5	
Read data from board
63602380, 76575440, 64000
46098003, 76698929, 128000
23098265, 76740078, 64000
22847587, 76777563, 64000
22888260, 76847363, 64000
22937474, 76911177, 64000
23541279, 77206053, 64000
46024474, 77329295, 128000
23186406, 77370712, 64000
22907575, 77408195, 64000
22792906, 77477932, 64000
22883623, 77541706, 64000
22939702, 77628230, 64000
23860295, 77861980, 64000
0, 77875688, 0
Waiting for the board to finish...
       c0: 5	c1: 5	c2: 5	c3: 5	c4: 5	c5: 5	c6: 5	c7: 5	c8: 5	c9: 5	c10: 5	c11: 5	c12: 5	c13: 5	c14: 5	
Read data from board
63601837, 76574856, 64000
46097645, 76698383, 128000
23098290, 76739546, 64000
22847305, 76777061, 64000
22888383, 76846865, 64000
22937927, 76910658, 64000
23541210, 77205336, 64000
46024608, 77328583, 128000
23186394, 77370023, 64000
22907494, 77407514, 64000
22792897, 77477272, 64000
22883188, 77541039, 64000
22940182, 77627588, 64000
23861400, 77861357, 64000
0, 77875067, 0
Waiting for the board to finish...
       c0: 5	c1: 5	c2: 5	c3: 5	c4: 5	c5: 5	c6: 5	c7: 5	c8: 5	c9: 5	c10: 5	c11: 5	c12: 5	c13: 5	c14: 5	
Read data from board
63602140, 76575149, 64000
46097761, 76698689, 128000
23097972, 76739831, 64000
22847765, 76777319, 64000
22888452, 76847124, 64000
22937626, 76910918, 64000
23541908, 77205714, 64000
46024277, 77328969, 128000
23186239, 77370384, 64000
22907528, 77407864, 64000
22792816, 77477591, 64000
22883495, 77541393, 64000
22940206, 77627844, 64000
23861362, 77861579, 64000
0, 77875278, 0
Waiting for the board to finish...
       c0: 5	c1: 5	c2: 5	c3: 5	c4: 5	c5: 5	c6: 5	c7: 5	c8: 5	c9: 5	c10: 5	c11: 5	c12: 5	c13: 5	c14: 5	
Read data from board
63601289, 76574349, 64000
46097269, 76697830, 128000
23098804, 76738987, 64000
22847469, 76776492, 64000
22888272, 76846305, 64000
22937779, 76910075, 64000
23541176, 77204814, 64000
46024357, 77328046, 128000
23186737, 77369452, 64000
22907544, 77406944, 64000
22792983, 77476681, 64000
22883293, 77540471, 64000
22940034, 77626983, 64000
23861089, 77860735, 64000
0, 77874446, 0
Waiting for the board to finish...
       c0: 5	c1: 5	c2: 5	c3: 5	c4: 5	c5: 5	c6: 5	c7: 5	c8: 5	c9: 5	c10: 5	c11: 5	c12: 5	c13: 5	c14: 5	
Read data from board
63602271, 76575331, 64000
46098316, 76698805, 128000
23098536, 76739945, 64000
22847773, 76777434, 64000
22888281, 76847230, 64000
22938048, 76911039, 64000
23541805, 77205828, 64000
46024378, 77329062, 128000
23186627, 77370483, 64000
22907314, 77407968, 64000
22792706, 77477698, 64000
22883184, 77541485, 64000
22940422, 77627952, 64000
23861446, 77861706, 64000
0, 77875411, 0
Waiting for the board to finish...
       c0: 5	c1: 5	c2: 5	c3: 5	c4: 5	c5: 5	c6: 5	c7: 5	c8: 5	c9: 5	c10: 5	c11: 5	c12: 5	c13: 5	c14: 5	
Read data from board
63602671, 76575773, 64000
46098096, 76699300, 128000
23098167, 76740464, 64000
22847550, 76777966, 64000
22888589, 76847768, 64000
22937455, 76911554, 64000
23541308, 77206293, 64000
46024724, 77329557, 128000
23186846, 77370964, 64000
22907571, 77408473, 64000
22792597, 77478198, 64000
22883222, 77541990, 64000
22941104, 77628476, 64000
23861242, 77862234, 64000
0, 77875943, 0
Waiting for the board to finish...
       c0: 5	c1: 5	c2: 5	c3: 5	c4: 5	c5: 5	c6: 5	c7: 5	c8: 5	c9: 5	c10: 5	c11: 5	c12: 5	c13: 5	c14: 5	
Read data from board
63603164, 76576195, 64000
46098360, 76699677, 128000
23098232, 76740843, 64000
22847304, 76778339, 64000
22888379, 76848149, 64000
22937698, 76911958, 64000
23542224, 77206794, 64000
46025079, 77330070, 128000
23186571, 77371493, 64000
22907488, 77408981, 64000
22792761, 77478716, 64000
22883116, 77542499, 64000
22940383, 77629044, 64000
23861525, 77862818, 64000
0, 77876531, 0
Waiting for the board to finish...
       c0: 5	c1: 5	c2: 5	c3: 5	c4: 5	c5: 5	c6: 5	c7: 5	c8: 5	c9: 5	c10: 5	c11: 5	c12: 5	c13: 5	c14: 5	
Read data from board
63601646, 76574711, 64000
46097902, 76698206, 128000
23097606, 76739362, 64000
22847316, 76776859, 64000
22888318, 76846667, 64000
22937797, 76910460, 64000
23541090, 77205185, 64000
46023925, 77328392, 128000
23186491, 77369809, 64000
22907459, 77407322, 64000
22792943, 77477071, 64000
22883423, 77540869, 64000
22940151, 77627334, 64000
23861430, 77861081, 64000
0, 77874789, 0
Waiting for the board to finish...
       c0: 5	c1: 5	c2: 5	c3: 5	c4: 5	c5: 5	c6: 5	c7: 5	c8: 5	c9: 5	c10: 5	c11: 5	c12: 5	c13: 5	c14: 5	
Read data from board
63602362, 76575398, 64000
46098037, 76698928, 128000
23097836, 76740096, 64000
22847331, 76777574, 64000
22888440, 76847384, 64000
22937997, 76911169, 64000
23541637, 77205881, 64000
46024540, 77329147, 128000
23186698, 77370556, 64000
22907696, 77408048, 64000
22792719, 77477775, 64000
22882979, 77541563, 64000
22940532, 77628021, 64000
23861271, 77861762, 64000
0, 77875468, 0
Waiting for the board to finish...
       c0: 5	c1: 5	c2: 5	c3: 5	c4: 5	c5: 5	c6: 5	c7: 5	c8: 5	c9: 5	c10: 5	c11: 5	c12: 5	c13: 5	c14: 5	
Read data from board
63602491, 76575556, 64000
46098094, 76699065, 128000
23098349, 76740208, 64000
22847485, 76777723, 64000
22888270, 76847545, 64000
22937987, 76911359, 64000
23541393, 77206104, 64000
46024128, 77329351, 128000
23186570, 77370763, 64000
22907595, 77408259, 64000
22792755, 77477989, 64000
22883431, 77541784, 64000
22940699, 77628336, 64000
23861614, 77862098, 64000
0, 77875811, 0
Average:
63602225, 76575275, 64000
46097948, 76698781, 128000
23098205, 76739936, 64000
22847488, 76777433, 64000
22888364, 76847240, 64000
22937778, 76911036, 64000
23541503, 77205800, 64000
46024449, 77329047, 128000
23186557, 77370463, 64000
22907526, 77407956, 64000
22792808, 77477692, 64000
22883295, 77541479, 64000
22940341, 77627980, 64000
23861267, 77861735, 64000
0, 77875443, 0
