Host is running ...
size: 64000
Waiting for the board to finish...
       c0: 5	c1: 5	c2: 5	c3: 5	c4: 5	c5: 5	c6: 5	c7: 5	c8: 5	c9: 5	c10: 5	c11: 5	c12: 5	c13: 5	c14: 5	
Read data from board
58631284, 71681142, 64000
41437986, 71908645, 128000
20377540, 71986135, 64000
20566977, 72053844, 64000
20734777, 72179773, 64000
20602636, 72302849, 64000
20832998, 72760993, 64000
41328828, 72988891, 128000
20451502, 73066914, 64000
20615638, 73134360, 64000
20678037, 73260508, 64000
20555543, 73383682, 64000
20592757, 73600927, 64000
21292388, 74004681, 64000
0, 74031477, 0
Waiting for the board to finish...
       c0: 5	c1: 5	c2: 5	c3: 5	c4: 5	c5: 5	c6: 5	c7: 5	c8: 5	c9: 5	c10: 5	c11: 5	c12: 5	c13: 5	c14: 5	
Read data from board
58632903, 71682556, 64000
41438448, 71910027, 128000
20377377, 71987517, 64000
20567048, 72055224, 64000
20734756, 72181187, 64000
20602095, 72304277, 64000
20833546, 72762375, 64000
41328786, 72989954, 128000
20451468, 73067970, 64000
20615642, 73135408, 64000
20678202, 73261552, 64000
20555307, 73384648, 64000
20591905, 73601880, 64000
21292550, 74005648, 64000
0, 74032424, 0
Waiting for the board to finish...
       c0: 5	c1: 5	c2: 5	c3: 5	c4: 5	c5: 5	c6: 5	c7: 5	c8: 5	c9: 5	c10: 5	c11: 5	c12: 5	c13: 5	c14: 5	
Read data from board
58632006, 71681811, 64000
41438552, 71909296, 128000
20377471, 71986778, 64000
20566772, 72054507, 64000
20734778, 72180425, 64000
20602048, 72303489, 64000
20833651, 72761570, 64000
41328618, 72989199, 128000
20451690, 73067209, 64000
20615695, 73134643, 64000
20677961, 73260768, 64000
20555365, 73383921, 64000
20592099, 73601081, 64000
21292534, 74004835, 64000
0, 74031615, 0
Waiting for the board to finish...
       c0: 5	c1: 5	c2: 5	c3: 5	c4: 5	c5: 5	c6: 5	c7: 5	c8: 5	c9: 5	c10: 5	c11: 5	c12: 5	c13: 5	c14: 5	
Read data from board
58632173, 71681943, 64000
41438196, 71909393, 128000
20377249, 71986869, 64000
20567010, 72054604, 64000
20734792, 72180521, 64000
20602330, 72303560, 64000
20833269, 72761615, 64000
41328393, 72989503, 128000
20451715, 73067539, 64000
20615760, 73134977, 64000
20678132, 73261106, 64000
20555366, 73384216, 64000
20592225, 73601370, 64000
21292452, 74005131, 64000
0, 74031910, 0
Waiting for the board to finish...
       c0: 5	c1: 5	c2: 5	c3: 5	c4: 5	c5: 5	c6: 5	c7: 5	c8: 5	c9: 5	c10: 5	c11: 5	c12: 5	c13: 5	c14: 5	
Read data from board
58631611, 71681391, 64000
41437950, 71908837, 128000
20377481, 71986326, 64000
20567089, 72054058, 64000
20734586, 72179980, 64000
20602072, 72303080, 64000
20833469, 72761093, 64000
41328653, 72988976, 128000
20451568, 73067003, 64000
20615632, 73134439, 64000
20678043, 73260559, 64000
20555363, 73383686, 64000
20592145, 73600929, 64000
21292417, 74004683, 64000
0, 74031466, 0
Waiting for the board to finish...
       c0: 5	c1: 5	c2: 5	c3: 5	c4: 5	c5: 5	c6: 5	c7: 5	c8: 5	c9: 5	c10: 5	c11: 5	c12: 5	c13: 5	c14: 5	
Read data from board
58631379, 71681158, 64000
41437947, 71908610, 128000
20377618, 71986104, 64000
20567292, 72053838, 64000
20734673, 72179748, 64000
20602447, 72302836, 64000
20832976, 72760849, 64000
41329072, 72988447, 128000
20451558, 73066461, 64000
20615739, 73133896, 64000
20678227, 73260030, 64000
20555277, 73383121, 64000
20591914, 73600379, 64000
21292448, 74004133, 64000
0, 74030911, 0
Waiting for the board to finish...
       c0: 5	c1: 5	c2: 5	c3: 5	c4: 5	c5: 5	c6: 5	c7: 5	c8: 5	c9: 5	c10: 5	c11: 5	c12: 5	c13: 5	c14: 5	
Read data from board
58631596, 71681425, 64000
41437876, 71908915, 128000
20377313, 71986393, 64000
20567048, 72054125, 64000
20735040, 72180053, 64000
20602005, 72303091, 64000
20833280, 72761163, 64000
41328675, 72989033, 128000
20451552, 73067052, 64000
20615612, 73134487, 64000
20677987, 73260600, 64000
20555078, 73383743, 64000
20592394, 73600901, 64000
21292565, 74004660, 64000
0, 74031438, 0
Waiting for the board to finish...
       c0: 5	c1: 5	c2: 5	c3: 5	c4: 5	c5: 5	c6: 5	c7: 5	c8: 5	c9: 5	c10: 5	c11: 5	c12: 5	c13: 5	c14: 5	
Read data from board
58630631, 71680397, 64000
41437032, 71907894, 128000
20377629, 71985390, 64000
20566830, 72053117, 64000
20734608, 72179042, 64000
20602288, 72302091, 64000
20833035, 72760135, 64000
41329104, 72987998, 128000
20451590, 73066012, 64000
20615705, 73133450, 64000
20678252, 73259605, 64000
20555109, 73382762, 64000
20592210, 73600008, 64000
21292819, 74003740, 64000
0, 74030529, 0
Waiting for the board to finish...
       c0: 5	c1: 5	c2: 5	c3: 5	c4: 5	c5: 5	c6: 5	c7: 5	c8: 5	c9: 5	c10: 5	c11: 5	c12: 5	c13: 5	c14: 5	
Read data from board
58631807, 71681456, 64000
41437547, 71908953, 128000
20377786, 71986451, 64000
20567269, 72054192, 64000
20734775, 72180135, 64000
20601821, 72303196, 64000
20833417, 72761455, 64000
41328955, 72989356, 128000
20451662, 73067377, 64000
20615730, 73134828, 64000
20678230, 73260967, 64000
20555240, 73384102, 64000
20592508, 73601340, 64000
21292729, 74005114, 64000
0, 74031910, 0
Waiting for the board to finish...
       c0: 5	c1: 5	c2: 5	c3: 5	c4: 5	c5: 5	c6: 5	c7: 5	c8: 5	c9: 5	c10: 5	c11: 5	c12: 5	c13: 5	c14: 5	
Read data from board
58632154, 71681868, 64000
41437843, 71909370, 128000
20377262, 71986860, 64000
20567162, 72054608, 64000
20734665, 72180527, 64000
20602758, 72303577, 64000
20833124, 72761849, 64000
41327962, 72989738, 128000
20451664, 73067761, 64000
20615787, 73135193, 64000
20678152, 73261349, 64000
20555221, 73384468, 64000
20592164, 73601718, 64000
21292332, 74005488, 64000
0, 74032286, 0
Average:
58631754, 71681514, 64000
41437937, 71908994, 128000
20377472, 71986482, 64000
20567049, 72054211, 64000
20734745, 72180139, 64000
20602250, 72303204, 64000
20833276, 72761309, 64000
41328704, 72989109, 128000
20451596, 73067129, 64000
20615694, 73134568, 64000
20678122, 73260704, 64000
20555286, 73383834, 64000
20592232, 73601053, 64000
21292523, 74004811, 64000
0, 74031596, 0
