Host is running ...
size: 64000
Waiting for the board to finish...
       c0: 5	c1: 5	c2: 5	c3: 5	c4: 5	c5: 5	c6: 5	c7: 5	c8: 5	c9: 5	c10: 5	c11: 5	c12: 5	c13: 5	c14: 5	
Read data from board
0, 68854971, 0
10653755, 69013077, 64000
23614851, 69114546, 128000
24088982, 69310861, 64000
13067491, 69650690, 64000
13344889, 70011830, 64000
18441827, 70315916, 128000
13530056, 70428114, 64000
24503740, 70585181, 128000
24102824, 70775232, 64000
14119099, 71125100, 64000
14118993, 71478068, 64000
13639979, 71800223, 64000
19233843, 72058148, 128000
38600874, 72102337, 250000
Waiting for the board to finish...
       c0: 5	c1: 5	c2: 5	c3: 5	c4: 5	c5: 5	c6: 5	c7: 5	c8: 5	c9: 5	c10: 5	c11: 5	c12: 5	c13: 5	c14: 5	
Read data from board
0, 68705095, 0
10650612, 68862676, 64000
23600135, 68963246, 128000
24080742, 69159053, 64000
13064404, 69496952, 64000
13337808, 69857611, 64000
18435049, 70160495, 128000
13514013, 70272700, 64000
24483006, 70429774, 128000
24095956, 70618202, 64000
14119078, 70966755, 64000
14104338, 71318829, 64000
13643216, 71640307, 64000
19232438, 71897152, 128000
39312080, 71941324, 250000
Waiting for the board to finish...
       c0: 5	c1: 5	c2: 5	c3: 5	c4: 5	c5: 5	c6: 5	c7: 5	c8: 5	c9: 5	c10: 5	c11: 5	c12: 5	c13: 5	c14: 5	
Read data from board
0, 68700982, 0
10652466, 68862150, 64000
23604662, 68961531, 128000
24078422, 69155642, 64000
13062641, 69494593, 64000
13335304, 69854984, 64000
18435532, 70158086, 128000
13510985, 70269959, 64000
24479032, 70426322, 128000
24093385, 70615596, 64000
14119815, 70964016, 64000
14104534, 71316105, 64000
13632130, 71637461, 64000
19231804, 71894326, 128000
39309179, 71938523, 250000
Waiting for the board to finish...
       c0: 5	c1: 5	c2: 5	c3: 5	c4: 5	c5: 5	c6: 5	c7: 5	c8: 5	c9: 5	c10: 5	c11: 5	c12: 5	c13: 5	c14: 5	
Read data from board
0, 68703784, 0
10647702, 68861050, 64000
23594199, 68962352, 128000
24081698, 69157640, 64000
13068931, 69495749, 64000
13332096, 69856850, 64000
18434642, 70160000, 128000
13507907, 70271516, 64000
24476480, 70429363, 128000
24095418, 70616869, 64000
14119847, 70965375, 64000
14104849, 71317888, 64000
13637879, 71639230, 64000
19231872, 71896063, 128000
39310750, 71940249, 250000
Waiting for the board to finish...
       c0: 5	c1: 5	c2: 5	c3: 5	c4: 5	c5: 5	c6: 5	c7: 5	c8: 5	c9: 5	c10: 5	c11: 5	c12: 5	c13: 5	c14: 5	
Read data from board
0, 68702153, 0
10649439, 68856880, 64000
23594982, 68959547, 128000
24079170, 69155073, 64000
13067834, 69493237, 64000
13335368, 69854222, 64000
18432943, 70157250, 128000
13509825, 70269163, 64000
24479291, 70425500, 128000
24093211, 70615107, 64000
14119109, 70963878, 64000
14103848, 71315601, 64000
13635166, 71636975, 64000
19231411, 71893818, 128000
39308859, 71938007, 250000
Waiting for the board to finish...
       c0: 5	c1: 5	c2: 5	c3: 5	c4: 5	c5: 5	c6: 5	c7: 5	c8: 5	c9: 5	c10: 5	c11: 5	c12: 5	c13: 5	c14: 5	
Read data from board
0, 68705930, 0
10650807, 68858371, 64000
23602429, 68961667, 128000
24084922, 69157974, 64000
13060510, 69496665, 64000
13335962, 69857081, 64000
18436045, 70160455, 128000
13501713, 70271995, 64000
24469393, 70428068, 128000
24096061, 70617540, 64000
14119646, 70965947, 64000
14099750, 71318255, 64000
13632972, 71639580, 64000
19232280, 71896430, 128000
39311383, 71940618, 250000
Waiting for the board to finish...
       c0: 5	c1: 5	c2: 5	c3: 5	c4: 5	c5: 5	c6: 5	c7: 5	c8: 5	c9: 5	c10: 5	c11: 5	c12: 5	c13: 5	c14: 5	
Read data from board
0, 68702138, 0
10651333, 68859295, 64000
23599408, 68960804, 128000
24075416, 69156428, 64000
13065957, 69494347, 64000
13336795, 69855515, 64000
18432931, 70158482, 128000
13515387, 70270243, 64000
24484036, 70426238, 128000
24091698, 70615616, 64000
14119620, 70964669, 64000
14109060, 71316189, 64000
13638795, 71637659, 64000
19231240, 71894538, 128000
39309574, 71938724, 250000
Waiting for the board to finish...
       c0: 5	c1: 5	c2: 5	c3: 5	c4: 5	c5: 5	c6: 5	c7: 5	c8: 5	c9: 5	c10: 5	c11: 5	c12: 5	c13: 5	c14: 5	
Read data from board
0, 68701565, 0
10649954, 68861433, 64000
23605225, 68961746, 128000
24082916, 69156285, 64000
13064903, 69495403, 64000
13338155, 69855388, 64000
18435457, 70159370, 128000
13514576, 70270463, 64000
24482336, 70426880, 128000
24089969, 70617187, 64000
14120120, 70965060, 64000
14105996, 71317113, 64000
13641901, 71638477, 64000
19230777, 71895324, 128000
39310075, 71939521, 250000
Waiting for the board to finish...
       c0: 5	c1: 5	c2: 5	c3: 5	c4: 5	c5: 5	c6: 5	c7: 5	c8: 5	c9: 5	c10: 5	c11: 5	c12: 5	c13: 5	c14: 5	
Read data from board
0, 68702391, 0
10651860, 68858087, 64000
23608730, 68960821, 128000
24081848, 69155778, 64000
13070562, 69493481, 64000
13336252, 69854650, 64000
18435712, 70157683, 128000
13517555, 70269881, 64000
24483421, 70425966, 128000
24089331, 70615669, 64000
14120341, 70964131, 64000
14105600, 71316406, 64000
13636600, 71637662, 64000
19230025, 71894535, 128000
39309371, 71938724, 250000
Waiting for the board to finish...
       c0: 5	c1: 5	c2: 5	c3: 5	c4: 5	c5: 5	c6: 5	c7: 5	c8: 5	c9: 5	c10: 5	c11: 5	c12: 5	c13: 5	c14: 5	
Read data from board
0, 68700092, 0
10649539, 68860484, 64000
23600856, 68961617, 128000
24084272, 69155293, 64000
13059446, 69493003, 64000
13336396, 69854582, 64000
18435811, 70157195, 128000
13517149, 70270162, 64000
24485037, 70426256, 128000
24092695, 70615514, 64000
14119911, 70963851, 64000
14103468, 71315849, 64000
13641132, 71637278, 64000
19230304, 71894137, 128000
39308793, 71938316, 250000
Average:
0, 68717910, 0
10650746, 68875350, 64000
23602547, 68976787, 128000
24081838, 69172002, 64000
13065267, 69510412, 64000
13336902, 69871271, 64000
18435594, 70174493, 128000
13513916, 70286419, 64000
24482577, 70442954, 128000
24094054, 70632253, 64000
14119658, 70980878, 64000
14106043, 71333030, 64000
13637977, 71654485, 64000
19231599, 71911447, 128000
39239093, 71955634, 250000
