Host is running ...
size: 64000
Waiting for the board to finish...
       c0: 5	c1: 5	c2: 5	c3: 5	c4: 5	c5: 5	c6: 5	c7: 5	c8: 5	c9: 5	c10: 5	c11: 5	c12: 5	c13: 5	c14: 5	
Read data from board
0, 276173515, 0
7009334, 276341880, 64000
14076811, 276360903, 128000
6946835, 276597953, 64000
6978811, 276864941, 64000
7166833, 277138426, 64000
13127348, 277448888, 128000
7379950, 277743581, 64000
13831335, 277762717, 128000
6926989, 278135852, 64000
7198107, 278588598, 64000
7213631, 279076699, 64000
6905929, 279587034, 64000
13084992, 280005091, 128000
25214438, 280053873, 255980
Waiting for the board to finish...
       c0: 5	c1: 5	c2: 5	c3: 5	c4: 5	c5: 5	c6: 5	c7: 5	c8: 5	c9: 5	c10: 5	c11: 5	c12: 5	c13: 5	c14: 5	
Read data from board
0, 276194335, 0
7009296, 276360442, 64000
14076678, 276379463, 128000
6946776, 276614521, 64000
6980095, 276880747, 64000
7166575, 277155390, 64000
13128620, 277464465, 128000
7381347, 277758397, 64000
13832328, 277777345, 128000
6927383, 278150310, 64000
7198494, 278604298, 64000
7214018, 279089528, 64000
6905905, 279599239, 64000
13084903, 280014272, 128000
25213068, 280067742, 255980
Waiting for the board to finish...
       c0: 5	c1: 5	c2: 5	c3: 5	c4: 5	c5: 5	c6: 5	c7: 5	c8: 5	c9: 5	c10: 5	c11: 5	c12: 5	c13: 5	c14: 5	
Read data from board
0, 276195827, 0
7010421, 276362771, 64000
14076803, 276381788, 128000
6946812, 276616631, 64000
6979320, 276883207, 64000
7165741, 277157067, 64000
13128039, 277467368, 128000
7380928, 277762447, 64000
13833089, 277781502, 128000
6927400, 278154966, 64000
7198482, 278607078, 64000
7213690, 279095799, 64000
6905229, 279605025, 64000
13084976, 280023642, 128000
25213589, 280073337, 255980
Waiting for the board to finish...
       c0: 5	c1: 5	c2: 5	c3: 5	c4: 5	c5: 5	c6: 5	c7: 5	c8: 5	c9: 5	c10: 5	c11: 5	c12: 5	c13: 5	c14: 5	
Read data from board
0, 276174159, 0
7009915, 276341469, 64000
14077094, 276360597, 128000
6946731, 276597842, 64000
6979019, 276865539, 64000
7166237, 277139327, 64000
13127109, 277447631, 128000
7379474, 277741246, 64000
13831302, 277760445, 128000
6926347, 278134175, 64000
7198740, 278587470, 64000
7213733, 279076930, 64000
6905863, 279586888, 64000
13082349, 280001831, 128000
25212626, 280054319, 255980
Waiting for the board to finish...
       c0: 5	c1: 5	c2: 5	c3: 5	c4: 5	c5: 5	c6: 5	c7: 5	c8: 5	c9: 5	c10: 5	c11: 5	c12: 5	c13: 5	c14: 5	
Read data from board
0, 276176766, 0
7009075, 276343544, 64000
14076473, 276362696, 128000
6946725, 276597925, 64000
6980766, 276865161, 64000
7165974, 277137996, 64000
13127277, 277447727, 128000
7380061, 277742471, 64000
13830267, 277761391, 128000
6927159, 278134010, 64000
7198476, 278588253, 64000
7213870, 279073487, 64000
6905719, 279583325, 64000
13084885, 280001301, 128000
25215123, 280048894, 255980
Waiting for the board to finish...
       c0: 5	c1: 5	c2: 5	c3: 5	c4: 5	c5: 5	c6: 5	c7: 5	c8: 5	c9: 5	c10: 5	c11: 5	c12: 5	c13: 5	c14: 5	
Read data from board
0, 276187135, 0
7009521, 276353483, 64000
14077166, 276372568, 128000
6946744, 276609006, 64000
6979481, 276875923, 64000
7164314, 277150150, 64000
13127452, 277460389, 128000
7381471, 277754560, 64000
13831349, 277773691, 128000
6927651, 278146755, 64000
7198451, 278600113, 64000
7213777, 279086754, 64000
6906097, 279597120, 64000
13083962, 280018081, 128000
25213114, 280067676, 255980
Waiting for the board to finish...
       c0: 5	c1: 5	c2: 5	c3: 5	c4: 5	c5: 5	c6: 5	c7: 5	c8: 5	c9: 5	c10: 5	c11: 5	c12: 5	c13: 5	c14: 5	
Read data from board
0, 276194204, 0
7009400, 276360271, 64000
14076760, 276379436, 128000
6946753, 276614248, 64000
6980570, 276882372, 64000
7165271, 277154928, 64000
13127003, 277465244, 128000
7380096, 277759319, 64000
13832040, 277778243, 128000
6927926, 278152319, 64000
7198522, 278604913, 64000
7213573, 279090379, 64000
6905418, 279600727, 64000
13085017, 280020648, 128000
25212716, 280069818, 255980
Waiting for the board to finish...
       c0: 5	c1: 5	c2: 5	c3: 5	c4: 5	c5: 5	c6: 5	c7: 5	c8: 5	c9: 5	c10: 5	c11: 5	c12: 5	c13: 5	c14: 5	
Read data from board
0, 276205791, 0
7009235, 276373612, 64000
14076482, 276392686, 128000
6946676, 276627763, 64000
6979259, 276896031, 64000
7166025, 277170008, 64000
13127626, 277479296, 128000
7379257, 277773628, 64000
13830784, 277792811, 128000
6928737, 278165531, 64000
7197881, 278619367, 64000
7213915, 279105078, 64000
6905286, 279615878, 64000
13084906, 280034973, 128000
25212593, 280084428, 255980
Waiting for the board to finish...
       c0: 5	c1: 5	c2: 5	c3: 5	c4: 5	c5: 5	c6: 5	c7: 5	c8: 5	c9: 5	c10: 5	c11: 5	c12: 5	c13: 5	c14: 5	
Read data from board
0, 276191484, 0
7009160, 276360069, 64000
14076253, 276378997, 128000
6946812, 276616696, 64000
6979353, 276883714, 64000
7165865, 277158568, 64000
13127403, 277467221, 128000
7381142, 277760985, 64000
13832299, 277780075, 128000
6926367, 278152558, 64000
7198426, 278605738, 64000
7214110, 279092188, 64000
6905242, 279601936, 64000
13084712, 280019754, 128000
25212337, 280069449, 255980
Waiting for the board to finish...
       c0: 5	c1: 5	c2: 5	c3: 5	c4: 5	c5: 5	c6: 5	c7: 5	c8: 5	c9: 5	c10: 5	c11: 5	c12: 5	c13: 5	c14: 5	
Read data from board
0, 276182637, 0
7009333, 276350202, 64000
14076906, 276369076, 128000
6946780, 276604561, 64000
6979893, 276871107, 64000
7165439, 277144486, 64000
13128546, 277453997, 128000
7380416, 277748018, 64000
13832087, 277766973, 128000
6926967, 278139884, 64000
7198474, 278592894, 64000
7213628, 279078076, 64000
6905587, 279589261, 64000
13085378, 280008917, 128000
25213551, 280057772, 255980
Average:
0, 276187585, 0
7009469, 276354774, 64000
14076742, 276373821, 128000
6946764, 276609714, 64000
6979656, 276876874, 64000
7165827, 277150634, 64000
13127642, 277460222, 128000
7380414, 277754465, 64000
13831688, 277773519, 128000
6927292, 278146636, 64000
7198405, 278599872, 64000
7213794, 279086491, 64000
6905627, 279596643, 64000
13084608, 280014851, 128000
25213315, 280064730, 255980
