Host is running ...
size: 64000
Waiting for the board to finish...
       c0: 5	c1: 5	c2: 5	c3: 5	c4: 5	c5: 5	c6: 5	c7: 5	c8: 5	c9: 5	c10: 5	c11: 5	c12: 5	c13: 5	c14: 5	
Read data from board
0, 284182669, 0
8351771, 284356587, 64000
16807725, 284381593, 128000
8395050, 284627624, 64000
8371097, 284913337, 64000
8405762, 285187416, 64000
15321136, 285503384, 128000
8548939, 285769508, 64000
16683006, 285794430, 128000
8346626, 286169635, 64000
8470456, 286625932, 64000
8477414, 287108233, 64000
8391437, 287603210, 64000
15281024, 288022890, 128000
30234056, 288071561, 255980
Waiting for the board to finish...
       c0: 5	c1: 5	c2: 5	c3: 5	c4: 5	c5: 5	c6: 5	c7: 5	c8: 5	c9: 5	c10: 5	c11: 5	c12: 5	c13: 5	c14: 5	
Read data from board
0, 284176955, 0
8351681, 284353042, 64000
16805232, 284378120, 128000
8394735, 284623723, 64000
8371572, 284898346, 64000
8410929, 285171645, 64000
15321038, 285487957, 128000
8548025, 285753977, 64000
16682183, 285779025, 128000
8346669, 286154027, 64000
8469294, 286610348, 64000
8483941, 287092812, 64000
8392262, 287586288, 64000
15276538, 288005749, 128000
30239344, 288057310, 255980
Waiting for the board to finish...
       c0: 5	c1: 5	c2: 5	c3: 5	c4: 5	c5: 5	c6: 5	c7: 5	c8: 5	c9: 5	c10: 5	c11: 5	c12: 5	c13: 5	c14: 5	
Read data from board
0, 284179095, 0
8353142, 284353270, 64000
16805370, 284378256, 128000
8395318, 284624116, 64000
8382747, 284895002, 64000
8411545, 285169573, 64000
15320640, 285486058, 128000
8549188, 285751327, 64000
16683598, 285776267, 128000
8346314, 286151268, 64000
8470653, 286607824, 64000
8482606, 287089795, 64000
8391853, 287585919, 64000
15276098, 288006185, 128000
30238454, 288059173, 255980
Waiting for the board to finish...
       c0: 5	c1: 5	c2: 5	c3: 5	c4: 5	c5: 5	c6: 5	c7: 5	c8: 5	c9: 5	c10: 5	c11: 5	c12: 5	c13: 5	c14: 5	
Read data from board
0, 284136201, 0
8352953, 284310278, 64000
16807796, 284335267, 128000
8394594, 284581232, 64000
8383270, 284861486, 64000
8411193, 285135969, 64000
15319973, 285451844, 128000
8548877, 285717172, 64000
16682925, 285742217, 128000
8343718, 286117538, 64000
8471412, 286573456, 64000
8480098, 287055598, 64000
8388072, 287549855, 64000
15279555, 287969327, 128000
30236411, 288024823, 255980
Waiting for the board to finish...
       c0: 5	c1: 5	c2: 5	c3: 5	c4: 5	c5: 5	c6: 5	c7: 5	c8: 5	c9: 5	c10: 5	c11: 5	c12: 5	c13: 5	c14: 5	
Read data from board
0, 284162940, 0
8351545, 284337308, 64000
16804406, 284362426, 128000
8394622, 284610409, 64000
8372337, 284893515, 64000
8409945, 285166821, 64000
15319039, 285483074, 128000
8549472, 285748995, 64000
16683989, 285773929, 128000
8345408, 286149350, 64000
8471368, 286605367, 64000
8478889, 287087849, 64000
8391871, 287581862, 64000
15277332, 287999958, 128000
30237445, 288049741, 255980
Waiting for the board to finish...
       c0: 5	c1: 5	c2: 5	c3: 5	c4: 5	c5: 5	c6: 5	c7: 5	c8: 5	c9: 5	c10: 5	c11: 5	c12: 5	c13: 5	c14: 5	
Read data from board
0, 284184683, 0
8351625, 284359336, 64000
16805435, 284384433, 128000
8394568, 284629450, 64000
8371806, 284908233, 64000
8410140, 285181971, 64000
15321451, 285498056, 128000
8547558, 285763890, 64000
16683240, 285788948, 128000
8345138, 286164216, 64000
8472914, 286619955, 64000
8479172, 287102286, 64000
8385713, 287597316, 64000
15278575, 288017596, 128000
30238037, 288070185, 255980
Waiting for the board to finish...
       c0: 5	c1: 5	c2: 5	c3: 5	c4: 5	c5: 5	c6: 5	c7: 5	c8: 5	c9: 5	c10: 5	c11: 5	c12: 5	c13: 5	c14: 5	
Read data from board
0, 284159569, 0
8352625, 284333995, 64000
16807412, 284358968, 128000
8394594, 284605451, 64000
8383277, 284878053, 64000
8412139, 285151659, 64000
15320710, 285467978, 128000
8547241, 285733545, 64000
16682492, 285758458, 128000
8345890, 286134108, 64000
8471887, 286589875, 64000
8476488, 287072657, 64000
8391770, 287569343, 64000
15280959, 287991464, 128000
30238159, 288044269, 255980
Waiting for the board to finish...
       c0: 5	c1: 5	c2: 5	c3: 5	c4: 5	c5: 5	c6: 5	c7: 5	c8: 5	c9: 5	c10: 5	c11: 5	c12: 5	c13: 5	c14: 5	
Read data from board
0, 284177749, 0
8351283, 284353462, 64000
16807391, 284378542, 128000
8395198, 284624629, 64000
8371657, 284905292, 64000
8410735, 285178530, 64000
15320290, 285494835, 128000
8548645, 285760861, 64000
16683048, 285785737, 128000
8345838, 286160800, 64000
8472618, 286616931, 64000
8482891, 287099038, 64000
8392167, 287595606, 64000
15279437, 288017786, 128000
30237287, 288072750, 255980
Waiting for the board to finish...
       c0: 5	c1: 5	c2: 5	c3: 5	c4: 5	c5: 5	c6: 5	c7: 5	c8: 5	c9: 5	c10: 5	c11: 5	c12: 5	c13: 5	c14: 5	
Read data from board
0, 284168821, 0
8350964, 284342893, 64000
16804785, 284367982, 128000
8394268, 284614145, 64000
8371267, 284897656, 64000
8405242, 285171358, 64000
15320775, 285488004, 128000
8547078, 285753458, 64000
16683043, 285778383, 128000
8345978, 286153578, 64000
8471749, 286610091, 64000
8479446, 287092370, 64000
8388224, 287588193, 64000
15279878, 288012188, 128000
30238450, 288067472, 255980
Waiting for the board to finish...
       c0: 5	c1: 5	c2: 5	c3: 5	c4: 5	c5: 5	c6: 5	c7: 5	c8: 5	c9: 5	c10: 5	c11: 5	c12: 5	c13: 5	c14: 5	
Read data from board
0, 284160784, 0
8352321, 284334768, 64000
16807109, 284359769, 128000
8394709, 284605198, 64000
8382041, 284877865, 64000
8407839, 285151959, 64000
15321996, 285468451, 128000
8547856, 285733890, 64000
16682137, 285758835, 128000
8345227, 286133652, 64000
8473266, 286589262, 64000
8479866, 287071162, 64000
8386140, 287566609, 64000
15278153, 287987064, 128000
30237031, 288040044, 255980
Average:
0, 284168946, 0
8351991, 284343493, 64000
16806266, 284368535, 128000
8394765, 284614597, 64000
8376107, 284892878, 64000
8409546, 285166690, 64000
15320704, 285482964, 128000
8548287, 285748662, 64000
16682966, 285773622, 128000
8345680, 286148817, 64000
8471561, 286604904, 64000
8480081, 287087180, 64000
8389950, 287582420, 64000
15278754, 288003020, 128000
30237467, 288055732, 255980
