Host is running ...
size: 64000
Waiting for the board to finish...
       c0: 5	c1: 5	c2: 5	c3: 5	c4: 5	c5: 5	c6: 5	c7: 5	c8: 5	c9: 5	c10: 5	c11: 5	c12: 5	c13: 5	c14: 5	
Read data from board
0, 262196437, 0
7970357, 262963587, 64000
16249098, 263711521, 128000
8133528, 264743842, 64000
8108514, 266617085, 64000
8347617, 268253473, 64000
14975883, 269837089, 128000
8238983, 270833484, 64000
16082130, 271810950, 128000
8106247, 273900072, 64000
8425128, 276741006, 64000
8497615, 279646926, 64000
8224041, 282615557, 64000
15074464, 285091633, 128000
28966908, 285392932, 255980
Waiting for the board to finish...
       c0: 5	c1: 5	c2: 5	c3: 5	c4: 5	c5: 5	c6: 5	c7: 5	c8: 5	c9: 5	c10: 5	c11: 5	c12: 5	c13: 5	c14: 5	
Read data from board
0, 262207337, 0
7972706, 262974569, 64000
16250871, 263723601, 128000
8115741, 264767568, 64000
8110349, 266645175, 64000
8344876, 268282864, 64000
14978009, 269865578, 128000
8244962, 270862706, 64000
16081382, 271840131, 128000
8107835, 273929766, 64000
8422618, 276769441, 64000
8495342, 279675350, 64000
8224061, 282641957, 64000
15074424, 285126182, 128000
28965668, 285416200, 255980
Waiting for the board to finish...
       c0: 5	c1: 5	c2: 5	c3: 5	c4: 5	c5: 5	c6: 5	c7: 5	c8: 5	c9: 5	c10: 5	c11: 5	c12: 5	c13: 5	c14: 5	
Read data from board
0, 262202600, 0
7973587, 262969247, 64000
16249752, 263718685, 128000
8133563, 264762743, 64000
8109627, 266640239, 64000
8347519, 268277223, 64000
14975950, 269859209, 128000
8235544, 270856672, 64000
16062449, 271834015, 128000
8097093, 273923879, 64000
8423961, 276762927, 64000
8496489, 279667057, 64000
8224184, 282638869, 64000
15075890, 285113129, 128000
28966157, 285408798, 255980
Waiting for the board to finish...
       c0: 5	c1: 5	c2: 5	c3: 5	c4: 5	c5: 5	c6: 5	c7: 5	c8: 5	c9: 5	c10: 5	c11: 5	c12: 5	c13: 5	c14: 5	
Read data from board
0, 262200158, 0
7973925, 262968131, 64000
16249956, 263716339, 128000
8132901, 264760346, 64000
8110074, 266659029, 64000
8346857, 268297776, 64000
14977112, 269880407, 128000
8236194, 270878163, 64000
16062544, 271855636, 128000
8107543, 273945199, 64000
8423794, 276785100, 64000
8494590, 279692085, 64000
8224506, 282658195, 64000
15076264, 285137084, 128000
28965957, 285437951, 255980
Waiting for the board to finish...
       c0: 5	c1: 5	c2: 5	c3: 5	c4: 5	c5: 5	c6: 5	c7: 5	c8: 5	c9: 5	c10: 5	c11: 5	c12: 5	c13: 5	c14: 5	
Read data from board
0, 262193902, 0
7973010, 262960693, 64000
16249699, 263709638, 128000
8117700, 264741585, 64000
8110571, 266610560, 64000
8347629, 268245556, 64000
14977454, 269829439, 128000
8238037, 270826749, 64000
16081710, 271804054, 128000
8098562, 273894128, 64000
8421321, 276734376, 64000
8494866, 279638652, 64000
8224644, 282602798, 64000
15075395, 285072863, 128000
28965836, 285369935, 255980
Waiting for the board to finish...
       c0: 5	c1: 5	c2: 5	c3: 5	c4: 5	c5: 5	c6: 5	c7: 5	c8: 5	c9: 5	c10: 5	c11: 5	c12: 5	c13: 5	c14: 5	
Read data from board
0, 262191810, 0
7971216, 262958034, 64000
16252973, 263707355, 128000
8133626, 264748858, 64000
8109594, 266623442, 64000
8346595, 268260662, 64000
14980384, 269843321, 128000
8239560, 270840114, 64000
16080899, 271817511, 128000
8099646, 273907400, 64000
8425976, 276747753, 64000
8498715, 279652561, 64000
8223401, 282618557, 64000
15071689, 285092122, 128000
28965534, 285387375, 255980
Waiting for the board to finish...
       c0: 5	c1: 5	c2: 5	c3: 5	c4: 5	c5: 5	c6: 5	c7: 5	c8: 5	c9: 5	c10: 5	c11: 5	c12: 5	c13: 5	c14: 5	
Read data from board
0, 262199134, 0
7974091, 262966228, 64000
16253887, 263714845, 128000
8134905, 264746440, 64000
8110543, 266619669, 64000
8346135, 268256927, 64000
14976707, 269840597, 128000
8239323, 270837791, 64000
16082179, 271814312, 128000
8100738, 273904341, 64000
8425043, 276744609, 64000
8499188, 279650623, 64000
8224212, 282620471, 64000
15075144, 285090303, 128000
28965912, 285387947, 255980
Waiting for the board to finish...
       c0: 5	c1: 5	c2: 5	c3: 5	c4: 5	c5: 5	c6: 5	c7: 5	c8: 5	c9: 5	c10: 5	c11: 5	c12: 5	c13: 5	c14: 5	
Read data from board
0, 262191871, 0
7975019, 262959995, 64000
16251055, 263707217, 128000
8133110, 264747432, 64000
8109579, 266619338, 64000
8348658, 268255142, 64000
14975244, 269838661, 128000
8237822, 270835675, 64000
16081741, 271813113, 128000
8106434, 273902745, 64000
8424196, 276742153, 64000
8497267, 279647650, 64000
8223514, 282612700, 64000
15075554, 285096140, 128000
28965963, 285391428, 255980
Waiting for the board to finish...
       c0: 5	c1: 5	c2: 5	c3: 5	c4: 5	c5: 5	c6: 5	c7: 5	c8: 5	c9: 5	c10: 5	c11: 5	c12: 5	c13: 5	c14: 5	
Read data from board
0, 262211961, 0
7974074, 262979133, 64000
16248087, 263727725, 128000
8118037, 264773249, 64000
8110254, 266651107, 64000
8349042, 268286457, 64000
14975523, 269869919, 128000
8246467, 270866757, 64000
16079966, 271843884, 128000
8098842, 273933420, 64000
8424306, 276774636, 64000
8497939, 279679512, 64000
8224954, 282647226, 64000
15076022, 285118949, 128000
28965078, 285419987, 255980
Waiting for the board to finish...
       c0: 5	c1: 5	c2: 5	c3: 5	c4: 5	c5: 5	c6: 5	c7: 5	c8: 5	c9: 5	c10: 5	c11: 5	c12: 5	c13: 5	c14: 5	
Read data from board
0, 262187482, 0
7966806, 262954046, 64000
16253678, 263704564, 128000
8117372, 264736996, 64000
8108910, 266612888, 64000
8346028, 268248244, 64000
14977441, 269831231, 128000
8240775, 270828046, 64000
16081500, 271806017, 128000
8107189, 273894769, 64000
8423710, 276732978, 64000
8497647, 279638583, 64000
8222853, 282606927, 64000
15077412, 285076360, 128000
28967012, 285377067, 255980
Average:
0, 262198269, 0
7972479, 262965366, 64000
16250905, 263714149, 128000
8127048, 264752905, 64000
8109801, 266629853, 64000
8347095, 268266432, 64000
14976970, 269849545, 128000
8239766, 270846615, 64000
16077650, 271823962, 128000
8103012, 273913571, 64000
8424005, 276753497, 64000
8496965, 279658899, 64000
8224037, 282626325, 64000
15075225, 285101476, 128000
28966002, 285398962, 255980
