Host is running ...
size: 64000
Waiting for the board to finish...
       c0: 5	c1: 5	c2: 5	c3: 5	c4: 5	c5: 5	c6: 5	c7: 5	c8: 5	c9: 5	c10: 5	c11: 5	c12: 5	c13: 5	c14: 5	
Read data from board
0, 67022445, 0
8257660, 67227340, 64000
28381294, 67314654, 128000
37501601, 67381816, 64000
37420867, 67506878, 64000
38757115, 67629146, 64000
24944856, 67994526, 128000
11900216, 68203033, 64000
29149915, 68290907, 128000
38531418, 68358033, 64000
38329364, 68483043, 64000
39673898, 68669968, 64000
37070375, 69391206, 64000
16449028, 69838354, 128000
36624684, 69903811, 250000
Waiting for the board to finish...
       c0: 5	c1: 5	c2: 5	c3: 5	c4: 5	c5: 5	c6: 5	c7: 5	c8: 5	c9: 5	c10: 5	c11: 5	c12: 5	c13: 5	c14: 5	
Read data from board
0, 67025427, 0
8257357, 67230317, 64000
28384127, 67317638, 128000
37504590, 67384779, 64000
37423653, 67509836, 64000
38759381, 67632110, 64000
24947971, 67997545, 128000
11897850, 68205713, 64000
29152580, 68293585, 128000
38533995, 68360713, 64000
38332117, 68485719, 64000
39676921, 68670820, 64000
37077910, 69392380, 64000
16451168, 69839520, 128000
37562967, 69904424, 250000
Waiting for the board to finish...
       c0: 5	c1: 5	c2: 5	c3: 5	c4: 5	c5: 5	c6: 5	c7: 5	c8: 5	c9: 5	c10: 5	c11: 5	c12: 5	c13: 5	c14: 5	
Read data from board
0, 67016605, 0
8257121, 67221479, 64000
28375448, 67308826, 128000
37495932, 67375988, 64000
37414940, 67501048, 64000
38750988, 67623312, 64000
24939001, 67988624, 128000
11890444, 68197125, 64000
29143785, 68285001, 128000
38525428, 68352144, 64000
38323597, 68477177, 64000
39667535, 68678693, 64000
36831785, 69399286, 64000
16453746, 69846439, 128000
37570027, 69911348, 250000
Waiting for the board to finish...
       c0: 5	c1: 5	c2: 5	c3: 5	c4: 5	c5: 5	c6: 5	c7: 5	c8: 5	c9: 5	c10: 5	c11: 5	c12: 5	c13: 5	c14: 5	
Read data from board
0, 67017496, 0
8257428, 67222398, 64000
28376297, 67309739, 128000
37496485, 67376906, 64000
37415725, 67501987, 64000
38751867, 67624240, 64000
24940547, 67989686, 128000
11891009, 68197927, 64000
29144771, 68285818, 128000
38526175, 68352958, 64000
38324276, 68477981, 64000
39668515, 68674360, 64000
36886631, 69395352, 64000
16451050, 69842511, 128000
37565946, 69907416, 250000
Waiting for the board to finish...
       c0: 5	c1: 5	c2: 5	c3: 5	c4: 5	c5: 5	c6: 5	c7: 5	c8: 5	c9: 5	c10: 5	c11: 5	c12: 5	c13: 5	c14: 5	
Read data from board
0, 67020046, 0
8257481, 67224966, 64000
28379156, 67312293, 128000
37498988, 67379435, 64000
37418054, 67504488, 64000
38754089, 67626727, 64000
24942768, 67992041, 128000
11896036, 68200226, 64000
29146995, 68288100, 128000
38528463, 68355223, 64000
38326560, 68480227, 64000
39670906, 68674432, 64000
36947422, 69395438, 64000
16451824, 69842589, 128000
37566058, 69907493, 250000
Waiting for the board to finish...
       c0: 5	c1: 5	c2: 5	c3: 5	c4: 5	c5: 5	c6: 5	c7: 5	c8: 5	c9: 5	c10: 5	c11: 5	c12: 5	c13: 5	c14: 5	
Read data from board
0, 67022500, 0
8258001, 67227485, 64000
28381419, 67314828, 128000
37501877, 67381985, 64000
37420764, 67507050, 64000
38756403, 67629321, 64000
24945333, 67994633, 128000
11898422, 68202810, 64000
29149602, 68290697, 128000
38530972, 68357843, 64000
38329184, 68482867, 64000
39674373, 68669205, 64000
37066916, 69390635, 64000
16449104, 69837788, 128000
37561223, 69902693, 250000
Waiting for the board to finish...
       c0: 5	c1: 5	c2: 5	c3: 5	c4: 5	c5: 5	c6: 5	c7: 5	c8: 5	c9: 5	c10: 5	c11: 5	c12: 5	c13: 5	c14: 5	
Read data from board
0, 67020111, 0
8257763, 67224997, 64000
28378915, 67312325, 128000
37499183, 67379466, 64000
37418331, 67504529, 64000
38754939, 67626799, 64000
24942526, 67992216, 128000
11892840, 68200326, 64000
29147062, 68288206, 128000
38528513, 68355352, 64000
38326808, 68480371, 64000
39671147, 68675431, 64000
36929569, 69396118, 64000
16452558, 69843269, 128000
37566714, 69908177, 250000
Waiting for the board to finish...
       c0: 5	c1: 5	c2: 5	c3: 5	c4: 5	c5: 5	c6: 5	c7: 5	c8: 5	c9: 5	c10: 5	c11: 5	c12: 5	c13: 5	c14: 5	
Read data from board
0, 67022010, 0
8257361, 67226902, 64000
28380918, 67314227, 128000
37501246, 67381386, 64000
37420339, 67506459, 64000
38756362, 67628725, 64000
24944374, 67994114, 128000
11896665, 68202302, 64000
29149121, 68290175, 128000
38530460, 68357317, 64000
38328685, 68482323, 64000
39672645, 68672415, 64000
37011623, 69393688, 64000
16450934, 69840821, 128000
37564236, 69905730, 250000
Waiting for the board to finish...
       c0: 5	c1: 5	c2: 5	c3: 5	c4: 5	c5: 5	c6: 5	c7: 5	c8: 5	c9: 5	c10: 5	c11: 5	c12: 5	c13: 5	c14: 5	
Read data from board
0, 67019506, 0
8257937, 67224393, 64000
28378325, 67311725, 128000
37498505, 67378868, 64000
37417714, 67503944, 64000
38753601, 67626200, 64000
24941916, 67991567, 128000
11894174, 68199761, 64000
29146560, 68287636, 128000
38528124, 68354772, 64000
38326380, 68479806, 64000
39670544, 68674642, 64000
36949369, 69395620, 64000
16452098, 69842778, 128000
37566309, 69907698, 250000
Waiting for the board to finish...
       c0: 5	c1: 5	c2: 5	c3: 5	c4: 5	c5: 5	c6: 5	c7: 5	c8: 5	c9: 5	c10: 5	c11: 5	c12: 5	c13: 5	c14: 5	
Read data from board
0, 67018105, 0
8257062, 67222973, 64000
28376809, 67310304, 128000
37497164, 67377440, 64000
37416222, 67502489, 64000
38751994, 67624770, 64000
24940951, 67990138, 128000
11893155, 68198338, 64000
29145066, 68286216, 128000
38526602, 68353347, 64000
38324629, 68478370, 64000
39668732, 68676408, 64000
36898768, 69396974, 64000
16452593, 69844121, 128000
37567593, 69909019, 250000
Average:
0, 67020425, 0
8257517, 67225325, 64000
28379270, 67312655, 128000
37499557, 67379806, 64000
37418660, 67504870, 64000
38754673, 67627135, 64000
24943024, 67992509, 128000
11895081, 68200756, 64000
29147545, 68288634, 128000
38529015, 68355770, 64000
38327160, 68480788, 64000
39671521, 68673637, 64000
36967036, 69394669, 64000
16451410, 69841819, 128000
37471575, 69906780, 250000
