Host is running ...
size: 64000
Waiting for the board to finish...
       c0: 5	c1: 5	c2: 5	c3: 5	c4: 5	c5: 5	c6: 5	c7: 5	c8: 5	c9: 5	c10: 5	c11: 5	c12: 5	c13: 5	c14: 5	
Read data from board
0, 241202168, 0
0, 241204375, 0
0, 241423170, 0
0, 241438180, 0
0, 241696786, 0
0, 241962210, 0
0, 242521218, 0
0, 242551775, 0
0, 242881833, 0
0, 242897188, 0
0, 243335167, 0
0, 243803535, 0
0, 244286115, 0
0, 245141595, 0
0, 245232949, 0
Waiting for the board to finish...
       c0: 5	c1: 5	c2: 5	c3: 5	c4: 5	c5: 5	c6: 5	c7: 5	c8: 5	c9: 5	c10: 5	c11: 5	c12: 5	c13: 5	c14: 5	
Read data from board
0, 241214107, 0
0, 241216319, 0
0, 241433781, 0
0, 241449027, 0
0, 241708167, 0
0, 241973225, 0
0, 242532231, 0
0, 242562549, 0
0, 242892774, 0
0, 242907664, 0
0, 243346110, 0
0, 243811027, 0
0, 244291907, 0
0, 245149466, 0
0, 245241617, 0
Waiting for the board to finish...
       c0: 5	c1: 5	c2: 5	c3: 5	c4: 5	c5: 5	c6: 5	c7: 5	c8: 5	c9: 5	c10: 5	c11: 5	c12: 5	c13: 5	c14: 5	
Read data from board
0, 241210957, 0
0, 241213227, 0
0, 241430863, 0
0, 241445680, 0
0, 241704470, 0
0, 241969541, 0
0, 242527739, 0
0, 242558121, 0
0, 242888350, 0
0, 242903338, 0
0, 243341961, 0
0, 243806207, 0
0, 244289191, 0
0, 245149032, 0
0, 245240070, 0
Waiting for the board to finish...
       c0: 5	c1: 5	c2: 5	c3: 5	c4: 5	c5: 5	c6: 5	c7: 5	c8: 5	c9: 5	c10: 5	c11: 5	c12: 5	c13: 5	c14: 5	
Read data from board
0, 241097609, 0
0, 241099925, 0
0, 241317683, 0
0, 241332785, 0
0, 241591197, 0
0, 241856452, 0
0, 242416604, 0
0, 242447005, 0
0, 242777215, 0
0, 242792232, 0
0, 243230107, 0
0, 243694491, 0
0, 244175210, 0
0, 245035596, 0
0, 245128308, 0
Waiting for the board to finish...
       c0: 5	c1: 5	c2: 5	c3: 5	c4: 5	c5: 5	c6: 5	c7: 5	c8: 5	c9: 5	c10: 5	c11: 5	c12: 5	c13: 5	c14: 5	
Read data from board
0, 241210633, 0
0, 241213112, 0
0, 241430653, 0
0, 241445660, 0
0, 241704549, 0
0, 241968648, 0
0, 242528735, 0
0, 242559123, 0
0, 242889225, 0
0, 242904175, 0
0, 243342714, 0
0, 243808419, 0
0, 244289107, 0
0, 245148791, 0
0, 245242973, 0
Waiting for the board to finish...
       c0: 5	c1: 5	c2: 5	c3: 5	c4: 5	c5: 5	c6: 5	c7: 5	c8: 5	c9: 5	c10: 5	c11: 5	c12: 5	c13: 5	c14: 5	
Read data from board
0, 241198733, 0
0, 241201215, 0
0, 241419821, 0
0, 241435167, 0
0, 241694337, 0
0, 241959531, 0
0, 242518923, 0
0, 242549264, 0
0, 242879245, 0
0, 242894688, 0
0, 243331811, 0
0, 243798683, 0
0, 244280873, 0
0, 245133467, 0
0, 245222460, 0
Waiting for the board to finish...
       c0: 5	c1: 5	c2: 5	c3: 5	c4: 5	c5: 5	c6: 5	c7: 5	c8: 5	c9: 5	c10: 5	c11: 5	c12: 5	c13: 5	c14: 5	
Read data from board
0, 241210218, 0
0, 241212621, 0
0, 241430769, 0
0, 241445744, 0
0, 241704981, 0
0, 241969531, 0
0, 242528666, 0
0, 242559324, 0
0, 242889678, 0
0, 242904821, 0
0, 243342805, 0
0, 243807024, 0
0, 244288540, 0
0, 245140101, 0
0, 245230688, 0
Waiting for the board to finish...
       c0: 5	c1: 5	c2: 5	c3: 5	c4: 5	c5: 5	c6: 5	c7: 5	c8: 5	c9: 5	c10: 5	c11: 5	c12: 5	c13: 5	c14: 5	
Read data from board
0, 241185957, 0
0, 241188438, 0
0, 241406016, 0
0, 241421302, 0
0, 241680608, 0
0, 241945408, 0
0, 242504881, 0
0, 242535259, 0
0, 242866074, 0
0, 242881462, 0
0, 243319929, 0
0, 243780285, 0
0, 244261859, 0
0, 245117204, 0
0, 245206889, 0
Waiting for the board to finish...
       c0: 5	c1: 5	c2: 5	c3: 5	c4: 5	c5: 5	c6: 5	c7: 5	c8: 5	c9: 5	c10: 5	c11: 5	c12: 5	c13: 5	c14: 5	
Read data from board
0, 241119075, 0
0, 241121468, 0
0, 241339100, 0
0, 241354438, 0
0, 241613343, 0
0, 241877546, 0
0, 242436620, 0
0, 242467146, 0
0, 242797560, 0
0, 242812501, 0
0, 243250925, 0
0, 243713579, 0
0, 244195271, 0
0, 245059070, 0
0, 245153507, 0
Waiting for the board to finish...
       c0: 5	c1: 5	c2: 5	c3: 5	c4: 5	c5: 5	c6: 5	c7: 5	c8: 5	c9: 5	c10: 5	c11: 5	c12: 5	c13: 5	c14: 5	
Read data from board
0, 241231465, 0
0, 241233796, 0
0, 241450702, 0
0, 241466043, 0
0, 241724478, 0
0, 241989128, 0
0, 242548929, 0
0, 242579262, 0
0, 242909608, 0
0, 242924491, 0
0, 243363014, 0
0, 243822877, 0
0, 244305443, 0
0, 245161840, 0
0, 245250397, 0
Average:
0, 241188092, 0
0, 241190449, 0
0, 241408255, 0
0, 241423402, 0
0, 241682291, 0
0, 241947122, 0
0, 242506454, 0
0, 242536882, 0
0, 242867156, 0
0, 242882256, 0
0, 243320454, 0
0, 243784612, 0
0, 244266351, 0
0, 245123616, 0
0, 245214985, 0
