Host is running ...
size: 64000
Waiting for the board to finish...
       c0: 5	c1: 5	c2: 5	c3: 5	c4: 5	c5: 5	c6: 5	c7: 5	c8: 5	c9: 5	c10: 5	c11: 5	c12: 5	c13: 5	c14: 5	
Read data from board
0, 233551795, 0
0, 234250870, 0
0, 234782846, 0
0, 235519312, 0
0, 237222436, 0
0, 238783684, 0
0, 240449063, 0
0, 241131831, 0
0, 242167523, 0
0, 243655712, 0
0, 246289925, 0
0, 249059154, 0
0, 251646024, 0
0, 253900369, 0
0, 254164245, 0
Waiting for the board to finish...
       c0: 5	c1: 5	c2: 5	c3: 5	c4: 5	c5: 5	c6: 5	c7: 5	c8: 5	c9: 5	c10: 5	c11: 5	c12: 5	c13: 5	c14: 5	
Read data from board
0, 233520939, 0
0, 234218547, 0
0, 234751407, 0
0, 235487814, 0
0, 237194730, 0
0, 238753477, 0
0, 240418889, 0
0, 241100476, 0
0, 242137968, 0
0, 243626769, 0
0, 246262132, 0
0, 249028591, 0
0, 251615126, 0
0, 253868256, 0
0, 254129844, 0
Waiting for the board to finish...
       c0: 5	c1: 5	c2: 5	c3: 5	c4: 5	c5: 5	c6: 5	c7: 5	c8: 5	c9: 5	c10: 5	c11: 5	c12: 5	c13: 5	c14: 5	
Read data from board
0, 233531495, 0
0, 234229946, 0
0, 234761351, 0
0, 235498338, 0
0, 237201102, 0
0, 238761861, 0
0, 240427114, 0
0, 241108977, 0
0, 242146323, 0
0, 243634206, 0
0, 246268118, 0
0, 249038069, 0
0, 251623952, 0
0, 253857551, 0
0, 254116083, 0
Waiting for the board to finish...
       c0: 5	c1: 5	c2: 5	c3: 5	c4: 5	c5: 5	c6: 5	c7: 5	c8: 5	c9: 5	c10: 5	c11: 5	c12: 5	c13: 5	c14: 5	
Read data from board
0, 233527681, 0
0, 234225219, 0
0, 234758738, 0
0, 235493898, 0
0, 237198667, 0
0, 238759312, 0
0, 240424068, 0
0, 241107222, 0
0, 242144648, 0
0, 243632905, 0
0, 246266255, 0
0, 249032806, 0
0, 251618968, 0
0, 253861303, 0
0, 254123683, 0
Waiting for the board to finish...
       c0: 5	c1: 5	c2: 5	c3: 5	c4: 5	c5: 5	c6: 5	c7: 5	c8: 5	c9: 5	c10: 5	c11: 5	c12: 5	c13: 5	c14: 5	
Read data from board
0, 233525625, 0
0, 234223299, 0
0, 234755572, 0
0, 235491156, 0
0, 237198723, 0
0, 238758881, 0
0, 240424184, 0
0, 241106412, 0
0, 242143185, 0
0, 243632151, 0
0, 246265951, 0
0, 249032185, 0
0, 251617235, 0
0, 253858119, 0
0, 254113201, 0
Waiting for the board to finish...
       c0: 5	c1: 5	c2: 5	c3: 5	c4: 5	c5: 5	c6: 5	c7: 5	c8: 5	c9: 5	c10: 5	c11: 5	c12: 5	c13: 5	c14: 5	
Read data from board
0, 233548465, 0
0, 234246887, 0
0, 234780314, 0
0, 235515529, 0
0, 237220041, 0
0, 238780847, 0
0, 240445902, 0
0, 241128017, 0
0, 242165005, 0
0, 243653301, 0
0, 246287990, 0
0, 249054399, 0
0, 251639443, 0
0, 253889235, 0
0, 254149758, 0
Waiting for the board to finish...
       c0: 5	c1: 5	c2: 5	c3: 5	c4: 5	c5: 5	c6: 5	c7: 5	c8: 5	c9: 5	c10: 5	c11: 5	c12: 5	c13: 5	c14: 5	
Read data from board
0, 233538657, 0
0, 234238006, 0
0, 234770144, 0
0, 235505754, 0
0, 237209871, 0
0, 238769390, 0
0, 240434191, 0
0, 241116454, 0
0, 242153107, 0
0, 243640745, 0
0, 246275295, 0
0, 249042746, 0
0, 251629148, 0
0, 253880834, 0
0, 254142489, 0
Waiting for the board to finish...
       c0: 5	c1: 5	c2: 5	c3: 5	c4: 5	c5: 5	c6: 5	c7: 5	c8: 5	c9: 5	c10: 5	c11: 5	c12: 5	c13: 5	c14: 5	
Read data from board
0, 233537038, 0
0, 234234175, 0
0, 234768214, 0
0, 235503458, 0
0, 237210124, 0
0, 238770181, 0
0, 240435224, 0
0, 241116892, 0
0, 242154165, 0
0, 243642368, 0
0, 246276852, 0
0, 249043860, 0
0, 251629516, 0
0, 253873743, 0
0, 254135126, 0
Waiting for the board to finish...
       c0: 5	c1: 5	c2: 5	c3: 5	c4: 5	c5: 5	c6: 5	c7: 5	c8: 5	c9: 5	c10: 5	c11: 5	c12: 5	c13: 5	c14: 5	
Read data from board
0, 233514666, 0
0, 234212272, 0
0, 234745896, 0
0, 235481027, 0
0, 237183745, 0
0, 238744371, 0
0, 240409249, 0
0, 241091678, 0
0, 242128831, 0
0, 243616469, 0
0, 246250799, 0
0, 249018214, 0
0, 251604432, 0
0, 253853157, 0
0, 254108668, 0
Waiting for the board to finish...
       c0: 5	c1: 5	c2: 5	c3: 5	c4: 5	c5: 5	c6: 5	c7: 5	c8: 5	c9: 5	c10: 5	c11: 5	c12: 5	c13: 5	c14: 5	
Read data from board
0, 233526797, 0
0, 234224787, 0
0, 234756848, 0
0, 235492599, 0
0, 237198653, 0
0, 238758496, 0
0, 240423167, 0
0, 241105402, 0
0, 242143042, 0
0, 243631454, 0
0, 246265863, 0
0, 249032215, 0
0, 251617593, 0
0, 253860540, 0
0, 254119271, 0
Average:
0, 233532315, 0
0, 234230400, 0
0, 234763133, 0
0, 235498888, 0
0, 237203809, 0
0, 238764050, 0
0, 240429105, 0
0, 241111336, 0
0, 242148379, 0
0, 243636608, 0
0, 246270918, 0
0, 249038223, 0
0, 251624143, 0
0, 253870310, 0
0, 254130236, 0
