Host is running ...
size: 64000
Waiting for the board to finish...
       c0: 5	c1: 5	c2: 5	c3: 5	c4: 5	c5: 5	c6: 5	c7: 5	c8: 5	c9: 5	c10: 5	c11: 5	c12: 5	c13: 5	c14: 5	
Read data from board
0, 45865896, 0
0, 46071935, 0
0, 46255528, 0
0, 46496258, 0
0, 46942780, 0
0, 47400612, 0
0, 47768811, 0
0, 47953414, 0
0, 48151475, 0
0, 48372912, 0
0, 48831441, 0
0, 49286431, 0
0, 49743841, 0
0, 50035628, 0
0, 50082854, 0
Waiting for the board to finish...
       c0: 5	c1: 5	c2: 5	c3: 5	c4: 5	c5: 5	c6: 5	c7: 5	c8: 5	c9: 5	c10: 5	c11: 5	c12: 5	c13: 5	c14: 5	
Read data from board
0, 45864188, 0
0, 46071872, 0
0, 46254099, 0
0, 46494313, 0
0, 46941654, 0
0, 47400990, 0
0, 47767084, 0
0, 47951810, 0
0, 48148842, 0
0, 48371294, 0
0, 48828698, 0
0, 49283444, 0
0, 49741037, 0
0, 50032811, 0
0, 50079459, 0
Waiting for the board to finish...
       c0: 5	c1: 5	c2: 5	c3: 5	c4: 5	c5: 5	c6: 5	c7: 5	c8: 5	c9: 5	c10: 5	c11: 5	c12: 5	c13: 5	c14: 5	
Read data from board
0, 45868520, 0
0, 46072918, 0
0, 46259024, 0
0, 46498466, 0
0, 46945669, 0
0, 47404642, 0
0, 47770233, 0
0, 47954843, 0
0, 48152292, 0
0, 48374517, 0
0, 48832240, 0
0, 49287331, 0
0, 49744784, 0
0, 50036575, 0
0, 50083219, 0
Waiting for the board to finish...
       c0: 5	c1: 5	c2: 5	c3: 5	c4: 5	c5: 5	c6: 5	c7: 5	c8: 5	c9: 5	c10: 5	c11: 5	c12: 5	c13: 5	c14: 5	
Read data from board
0, 45867710, 0
0, 46073062, 0
0, 46257500, 0
0, 46496649, 0
0, 46943873, 0
0, 47403425, 0
0, 47770575, 0
0, 47954208, 0
0, 48152581, 0
0, 48373761, 0
0, 48831831, 0
0, 49286478, 0
0, 49743973, 0
0, 50035782, 0
0, 50082426, 0
Waiting for the board to finish...
       c0: 5	c1: 5	c2: 5	c3: 5	c4: 5	c5: 5	c6: 5	c7: 5	c8: 5	c9: 5	c10: 5	c11: 5	c12: 5	c13: 5	c14: 5	
Read data from board
0, 45863941, 0
0, 46071998, 0
0, 46253763, 0
0, 46495323, 0
0, 46941860, 0
0, 47401253, 0
0, 47768261, 0
0, 47951876, 0
0, 48149975, 0
0, 48371478, 0
0, 48829392, 0
0, 49284157, 0
0, 49741310, 0
0, 50033112, 0
0, 50079798, 0
Waiting for the board to finish...
       c0: 5	c1: 5	c2: 5	c3: 5	c4: 5	c5: 5	c6: 5	c7: 5	c8: 5	c9: 5	c10: 5	c11: 5	c12: 5	c13: 5	c14: 5	
Read data from board
0, 45867558, 0
0, 46073004, 0
0, 46257112, 0
0, 46497696, 0
0, 46943146, 0
0, 47402687, 0
0, 47770134, 0
0, 47954055, 0
0, 48152391, 0
0, 48373250, 0
0, 48831641, 0
0, 49286421, 0
0, 49743993, 0
0, 50035776, 0
0, 50082431, 0
Waiting for the board to finish...
       c0: 5	c1: 5	c2: 5	c3: 5	c4: 5	c5: 5	c6: 5	c7: 5	c8: 5	c9: 5	c10: 5	c11: 5	c12: 5	c13: 5	c14: 5	
Read data from board
0, 45866958, 0
0, 46072723, 0
0, 46257387, 0
0, 46495908, 0
0, 46943800, 0
0, 47402293, 0
0, 47769171, 0
0, 47952884, 0
0, 48151243, 0
0, 48373233, 0
0, 48830639, 0
0, 49285544, 0
0, 49742733, 0
0, 50034519, 0
0, 50081167, 0
Waiting for the board to finish...
       c0: 5	c1: 5	c2: 5	c3: 5	c4: 5	c5: 5	c6: 5	c7: 5	c8: 5	c9: 5	c10: 5	c11: 5	c12: 5	c13: 5	c14: 5	
Read data from board
0, 45868484, 0
0, 46073569, 0
0, 46257756, 0
0, 46498139, 0
0, 46944593, 0
0, 47404038, 0
0, 47770335, 0
0, 47955136, 0
0, 48151513, 0
0, 48374803, 0
0, 48832070, 0
0, 49286505, 0
0, 49743740, 0
0, 50035538, 0
0, 50082192, 0
Waiting for the board to finish...
       c0: 5	c1: 5	c2: 5	c3: 5	c4: 5	c5: 5	c6: 5	c7: 5	c8: 5	c9: 5	c10: 5	c11: 5	c12: 5	c13: 5	c14: 5	
Read data from board
0, 45867119, 0
0, 46072138, 0
0, 46257837, 0
0, 46494799, 0
0, 46943777, 0
0, 47403594, 0
0, 47769310, 0
0, 47952874, 0
0, 48151329, 0
0, 48373253, 0
0, 48831129, 0
0, 49285576, 0
0, 49743182, 0
0, 50034967, 0
0, 50081620, 0
Waiting for the board to finish...
       c0: 5	c1: 5	c2: 5	c3: 5	c4: 5	c5: 5	c6: 5	c7: 5	c8: 5	c9: 5	c10: 5	c11: 5	c12: 5	c13: 5	c14: 5	
Read data from board
0, 45862709, 0
0, 46070600, 0
0, 46252665, 0
0, 46493851, 0
0, 46940178, 0
0, 47399709, 0
0, 47766100, 0
0, 47949410, 0
0, 48147368, 0
0, 48368222, 0
0, 48826426, 0
0, 49280876, 0
0, 49738529, 0
0, 50030329, 0
0, 50076960, 0
Average:
0, 45866308, 0
0, 46072381, 0
0, 46256267, 0
0, 46496140, 0
0, 46943133, 0
0, 47402324, 0
0, 47769001, 0
0, 47953051, 0
0, 48150900, 0
0, 48372672, 0
0, 48830550, 0
0, 49285276, 0
0, 49742712, 0
0, 50034503, 0
0, 50081212, 0
