Host is running ...
size: 64000
Waiting for the board to finish...
       c0: 5	c1: 5	c2: 5	c3: 5	c4: 5	c5: 5	c6: 5	c7: 5	c8: 5	c9: 5	c10: 5	c11: 5	c12: 5	c13: 5	c14: 5	
Read data from board
0, 251133947, 0
0, 251273852, 0
0, 251296980, 0
0, 251517736, 0
0, 251764101, 0
0, 252004519, 0
0, 252298269, 0
0, 252544292, 0
0, 252571075, 0
0, 252935598, 0
0, 253378470, 0
0, 253849920, 0
0, 254325698, 0
0, 254727734, 0
0, 254780552, 0
Waiting for the board to finish...
       c0: 5	c1: 5	c2: 5	c3: 5	c4: 5	c5: 5	c6: 5	c7: 5	c8: 5	c9: 5	c10: 5	c11: 5	c12: 5	c13: 5	c14: 5	
Read data from board
0, 251126120, 0
0, 251265979, 0
0, 251288963, 0
0, 251510256, 0
0, 251756704, 0
0, 251996824, 0
0, 252290833, 0
0, 252536958, 0
0, 252563722, 0
0, 252928544, 0
0, 253371439, 0
0, 253843346, 0
0, 254319397, 0
0, 254720992, 0
0, 254774802, 0
Waiting for the board to finish...
       c0: 5	c1: 5	c2: 5	c3: 5	c4: 5	c5: 5	c6: 5	c7: 5	c8: 5	c9: 5	c10: 5	c11: 5	c12: 5	c13: 5	c14: 5	
Read data from board
0, 251145000, 0
0, 251285739, 0
0, 251308766, 0
0, 251530575, 0
0, 251775978, 0
0, 252017041, 0
0, 252310512, 0
0, 252559412, 0
0, 252582299, 0
0, 252948498, 0
0, 253390879, 0
0, 253862386, 0
0, 254338681, 0
0, 254742433, 0
0, 254798065, 0
Waiting for the board to finish...
       c0: 5	c1: 5	c2: 5	c3: 5	c4: 5	c5: 5	c6: 5	c7: 5	c8: 5	c9: 5	c10: 5	c11: 5	c12: 5	c13: 5	c14: 5	
Read data from board
0, 251136876, 0
0, 251278139, 0
0, 251301228, 0
0, 251521208, 0
0, 251767312, 0
0, 252008244, 0
0, 252302429, 0
0, 252548797, 0
0, 252575530, 0
0, 252940430, 0
0, 253382568, 0
0, 253852654, 0
0, 254329834, 0
0, 254731759, 0
0, 254781844, 0
Waiting for the board to finish...
       c0: 5	c1: 5	c2: 5	c3: 5	c4: 5	c5: 5	c6: 5	c7: 5	c8: 5	c9: 5	c10: 5	c11: 5	c12: 5	c13: 5	c14: 5	
Read data from board
0, 251142805, 0
0, 251282059, 0
0, 251305079, 0
0, 251527824, 0
0, 251773852, 0
0, 252014135, 0
0, 252307533, 0
0, 252556604, 0
0, 252579497, 0
0, 252944074, 0
0, 253388030, 0
0, 253859930, 0
0, 254337383, 0
0, 254741633, 0
0, 254790875, 0
Waiting for the board to finish...
       c0: 5	c1: 5	c2: 5	c3: 5	c4: 5	c5: 5	c6: 5	c7: 5	c8: 5	c9: 5	c10: 5	c11: 5	c12: 5	c13: 5	c14: 5	
Read data from board
0, 251137815, 0
0, 251277817, 0
0, 251300800, 0
0, 251521584, 0
0, 251768168, 0
0, 252008678, 0
0, 252302413, 0
0, 252548570, 0
0, 252575045, 0
0, 252939930, 0
0, 253382205, 0
0, 253852870, 0
0, 254328606, 0
0, 254728321, 0
0, 254777149, 0
Waiting for the board to finish...
       c0: 5	c1: 5	c2: 5	c3: 5	c4: 5	c5: 5	c6: 5	c7: 5	c8: 5	c9: 5	c10: 5	c11: 5	c12: 5	c13: 5	c14: 5	
Read data from board
0, 251139142, 0
0, 251279037, 0
0, 251302038, 0
0, 251523874, 0
0, 251770669, 0
0, 252010459, 0
0, 252303937, 0
0, 252552834, 0
0, 252575729, 0
0, 252942073, 0
0, 253383791, 0
0, 253855276, 0
0, 254330151, 0
0, 254730661, 0
0, 254782622, 0
Waiting for the board to finish...
       c0: 5	c1: 5	c2: 5	c3: 5	c4: 5	c5: 5	c6: 5	c7: 5	c8: 5	c9: 5	c10: 5	c11: 5	c12: 5	c13: 5	c14: 5	
Read data from board
0, 251136916, 0
0, 251276302, 0
0, 251299296, 0
0, 251519553, 0
0, 251765840, 0
0, 252006339, 0
0, 252299573, 0
0, 252545795, 0
0, 252572429, 0
0, 252937257, 0
0, 253378976, 0
0, 253850262, 0
0, 254326268, 0
0, 254729988, 0
0, 254780043, 0
Waiting for the board to finish...
       c0: 5	c1: 5	c2: 5	c3: 5	c4: 5	c5: 5	c6: 5	c7: 5	c8: 5	c9: 5	c10: 5	c11: 5	c12: 5	c13: 5	c14: 5	
Read data from board
0, 251135853, 0
0, 251275750, 0
0, 251298770, 0
0, 251518679, 0
0, 251765459, 0
0, 252006194, 0
0, 252299227, 0
0, 252548167, 0
0, 252571065, 0
0, 252937123, 0
0, 253379596, 0
0, 253850142, 0
0, 254325950, 0
0, 254731960, 0
0, 254783531, 0
Waiting for the board to finish...
       c0: 5	c1: 5	c2: 5	c3: 5	c4: 5	c5: 5	c6: 5	c7: 5	c8: 5	c9: 5	c10: 5	c11: 5	c12: 5	c13: 5	c14: 5	
Read data from board
0, 251141718, 0
0, 251281275, 0
0, 251304287, 0
0, 251525815, 0
0, 251771650, 0
0, 252012102, 0
0, 252305957, 0
0, 252554106, 0
0, 252576990, 0
0, 252942739, 0
0, 253385283, 0
0, 253855811, 0
0, 254332017, 0
0, 254737117, 0
0, 254790005, 0
Average:
0, 251137619, 0
0, 251277594, 0
0, 251300620, 0
0, 251521710, 0
0, 251767973, 0
0, 252008453, 0
0, 252302068, 0
0, 252549553, 0
0, 252574338, 0
0, 252939626, 0
0, 253382123, 0
0, 253853259, 0
0, 254329398, 0
0, 254732259, 0
0, 254783948, 0
