Host is running ...
size: 64000
Waiting for the board to finish...
       c0: 5	c1: 5	c2: 5	c3: 5	c4: 5	c5: 5	c6: 5	c7: 5	c8: 5	c9: 5	c10: 5	c11: 5	c12: 5	c13: 5	c14: 5	
Read data from board
0, 236090924, 0
0, 236778304, 0
0, 237469702, 0
0, 238435504, 0
0, 240182073, 0
0, 241693802, 0
0, 243184530, 0
0, 244127610, 0
0, 245079172, 0
0, 247118722, 0
0, 249886776, 0
0, 252733914, 0
0, 255623330, 0
0, 258004434, 0
0, 258293440, 0
Waiting for the board to finish...
       c0: 5	c1: 5	c2: 5	c3: 5	c4: 5	c5: 5	c6: 5	c7: 5	c8: 5	c9: 5	c10: 5	c11: 5	c12: 5	c13: 5	c14: 5	
Read data from board
0, 236081153, 0
0, 236766534, 0
0, 237459089, 0
0, 238420497, 0
0, 240166228, 0
0, 241678130, 0
0, 243170459, 0
0, 244112339, 0
0, 245064772, 0
0, 247103903, 0
0, 249871251, 0
0, 252716868, 0
0, 255601970, 0
0, 257992922, 0
0, 258278542, 0
Waiting for the board to finish...
       c0: 5	c1: 5	c2: 5	c3: 5	c4: 5	c5: 5	c6: 5	c7: 5	c8: 5	c9: 5	c10: 5	c11: 5	c12: 5	c13: 5	c14: 5	
Read data from board
0, 236079215, 0
0, 236765333, 0
0, 237457676, 0
0, 238421858, 0
0, 240168136, 0
0, 241680422, 0
0, 243172356, 0
0, 244113612, 0
0, 245065882, 0
0, 247105740, 0
0, 249873076, 0
0, 252719875, 0
0, 255609654, 0
0, 257988810, 0
0, 258274090, 0
Waiting for the board to finish...
       c0: 5	c1: 5	c2: 5	c3: 5	c4: 5	c5: 5	c6: 5	c7: 5	c8: 5	c9: 5	c10: 5	c11: 5	c12: 5	c13: 5	c14: 5	
Read data from board
0, 236085818, 0
0, 236772035, 0
0, 237464493, 0
0, 238429445, 0
0, 240175283, 0
0, 241687193, 0
0, 243178192, 0
0, 244121134, 0
0, 245073002, 0
0, 247112235, 0
0, 249879921, 0
0, 252725939, 0
0, 255614528, 0
0, 257998187, 0
0, 258283787, 0
Waiting for the board to finish...
       c0: 5	c1: 5	c2: 5	c3: 5	c4: 5	c5: 5	c6: 5	c7: 5	c8: 5	c9: 5	c10: 5	c11: 5	c12: 5	c13: 5	c14: 5	
Read data from board
0, 236090473, 0
0, 236775864, 0
0, 237467976, 0
0, 238430290, 0
0, 240175861, 0
0, 241686959, 0
0, 243179874, 0
0, 244121516, 0
0, 245074109, 0
0, 247114169, 0
0, 249881943, 0
0, 252723487, 0
0, 255612014, 0
0, 257994858, 0
0, 258283230, 0
Waiting for the board to finish...
       c0: 5	c1: 5	c2: 5	c3: 5	c4: 5	c5: 5	c6: 5	c7: 5	c8: 5	c9: 5	c10: 5	c11: 5	c12: 5	c13: 5	c14: 5	
Read data from board
0, 236073319, 0
0, 236759187, 0
0, 237450161, 0
0, 238416688, 0
0, 240161973, 0
0, 241673840, 0
0, 243165202, 0
0, 244109291, 0
0, 245062174, 0
0, 247101339, 0
0, 249868497, 0
0, 252711504, 0
0, 255600004, 0
0, 257984693, 0
0, 258266920, 0
Waiting for the board to finish...
       c0: 5	c1: 5	c2: 5	c3: 5	c4: 5	c5: 5	c6: 5	c7: 5	c8: 5	c9: 5	c10: 5	c11: 5	c12: 5	c13: 5	c14: 5	
Read data from board
0, 236086649, 0
0, 236771312, 0
0, 237462374, 0
0, 238425522, 0
0, 240171090, 0
0, 241684559, 0
0, 243176413, 0
0, 244118433, 0
0, 245070684, 0
0, 247110241, 0
0, 249876417, 0
0, 252726464, 0
0, 255612336, 0
0, 257990381, 0
0, 258274084, 0
Waiting for the board to finish...
       c0: 5	c1: 5	c2: 5	c3: 5	c4: 5	c5: 5	c6: 5	c7: 5	c8: 5	c9: 5	c10: 5	c11: 5	c12: 5	c13: 5	c14: 5	
Read data from board
0, 236075630, 0
0, 236760775, 0
0, 237452230, 0
0, 238415578, 0
0, 240162200, 0
0, 241674777, 0
0, 243165123, 0
0, 244107425, 0
0, 245059618, 0
0, 247098490, 0
0, 249865149, 0
0, 252714171, 0
0, 255601380, 0
0, 257981795, 0
0, 258269343, 0
Waiting for the board to finish...
       c0: 5	c1: 5	c2: 5	c3: 5	c4: 5	c5: 5	c6: 5	c7: 5	c8: 5	c9: 5	c10: 5	c11: 5	c12: 5	c13: 5	c14: 5	
Read data from board
0, 236084734, 0
0, 236770919, 0
0, 237463316, 0
0, 238427398, 0
0, 240173178, 0
0, 241684598, 0
0, 243178001, 0
0, 244120819, 0
0, 245072508, 0
0, 247112941, 0
0, 249882423, 0
0, 252728145, 0
0, 255615093, 0
0, 257997315, 0
0, 258286261, 0
Waiting for the board to finish...
       c0: 5	c1: 5	c2: 5	c3: 5	c4: 5	c5: 5	c6: 5	c7: 5	c8: 5	c9: 5	c10: 5	c11: 5	c12: 5	c13: 5	c14: 5	
Read data from board
0, 236078378, 0
0, 236763817, 0
0, 237454975, 0
0, 238418008, 0
0, 240163890, 0
0, 241676171, 0
0, 243166862, 0
0, 244110134, 0
0, 245062652, 0
0, 247102203, 0
0, 249868949, 0
0, 252714708, 0
0, 255603406, 0
0, 257992373, 0
0, 258279418, 0
Average:
0, 236082629, 0
0, 236768408, 0
0, 237460199, 0
0, 238424078, 0
0, 240169991, 0
0, 241682045, 0
0, 243173701, 0
0, 244116231, 0
0, 245068457, 0
0, 247107998, 0
0, 249875440, 0
0, 252721507, 0
0, 255609371, 0
0, 257992576, 0
0, 258278911, 0
