Host is running ...
size: 64000
Waiting for the board to finish...
       c0: 5	c1: 5	c2: 5	c3: 5	c4: 5	c5: 5	c6: 5	c7: 5	c8: 5	c9: 5	c10: 5	c11: 5	c12: 5	c13: 5	c14: 5	
Read data from board
0, 60145476, 0
0, 60329841, 0
0, 60396741, 0
0, 60453480, 0
0, 60558119, 0
0, 60659581, 0
0, 61027134, 0
0, 61215074, 0
0, 61282523, 0
0, 61339270, 0
0, 61443855, 0
0, 61545185, 0
0, 61772519, 0
0, 62126555, 0
0, 62153473, 0
Waiting for the board to finish...
       c0: 5	c1: 5	c2: 5	c3: 5	c4: 5	c5: 5	c6: 5	c7: 5	c8: 5	c9: 5	c10: 5	c11: 5	c12: 5	c13: 5	c14: 5	
Read data from board
0, 60146058, 0
0, 60330440, 0
0, 60397341, 0
0, 60454078, 0
0, 60558735, 0
0, 60660198, 0
0, 61027646, 0
0, 61215579, 0
0, 61283041, 0
0, 61339781, 0
0, 61444356, 0
0, 61545736, 0
0, 61773035, 0
0, 62127057, 0
0, 62153978, 0
Waiting for the board to finish...
       c0: 5	c1: 5	c2: 5	c3: 5	c4: 5	c5: 5	c6: 5	c7: 5	c8: 5	c9: 5	c10: 5	c11: 5	c12: 5	c13: 5	c14: 5	
Read data from board
0, 60144358, 0
0, 60328732, 0
0, 60395634, 0
0, 60452396, 0
0, 60557039, 0
0, 60658499, 0
0, 61025918, 0
0, 61213883, 0
0, 61281352, 0
0, 61338087, 0
0, 61442658, 0
0, 61544044, 0
0, 61771291, 0
0, 62125329, 0
0, 62152255, 0
Waiting for the board to finish...
       c0: 5	c1: 5	c2: 5	c3: 5	c4: 5	c5: 5	c6: 5	c7: 5	c8: 5	c9: 5	c10: 5	c11: 5	c12: 5	c13: 5	c14: 5	
Read data from board
0, 60145319, 0
0, 60329694, 0
0, 60396612, 0
0, 60453376, 0
0, 60558023, 0
0, 60659503, 0
0, 61026959, 0
0, 61214939, 0
0, 61282406, 0
0, 61339144, 0
0, 61443749, 0
0, 61545140, 0
0, 61772383, 0
0, 62126413, 0
0, 62153353, 0
Waiting for the board to finish...
       c0: 5	c1: 5	c2: 5	c3: 5	c4: 5	c5: 5	c6: 5	c7: 5	c8: 5	c9: 5	c10: 5	c11: 5	c12: 5	c13: 5	c14: 5	
Read data from board
0, 60144822, 0
0, 60329187, 0
0, 60396083, 0
0, 60452822, 0
0, 60557481, 0
0, 60658948, 0
0, 61026417, 0
0, 61214425, 0
0, 61281885, 0
0, 61338608, 0
0, 61443197, 0
0, 61544573, 0
0, 61771898, 0
0, 62125928, 0
0, 62152858, 0
Waiting for the board to finish...
       c0: 5	c1: 5	c2: 5	c3: 5	c4: 5	c5: 5	c6: 5	c7: 5	c8: 5	c9: 5	c10: 5	c11: 5	c12: 5	c13: 5	c14: 5	
Read data from board
0, 60145481, 0
0, 60329823, 0
0, 60396734, 0
0, 60453478, 0
0, 60558114, 0
0, 60659589, 0
0, 61026869, 0
0, 61214867, 0
0, 61282317, 0
0, 61339037, 0
0, 61443612, 0
0, 61545006, 0
0, 61772310, 0
0, 62126326, 0
0, 62153257, 0
Waiting for the board to finish...
       c0: 5	c1: 5	c2: 5	c3: 5	c4: 5	c5: 5	c6: 5	c7: 5	c8: 5	c9: 5	c10: 5	c11: 5	c12: 5	c13: 5	c14: 5	
Read data from board
0, 60142704, 0
0, 60327078, 0
0, 60393979, 0
0, 60450727, 0
0, 60555373, 0
0, 60656815, 0
0, 61024394, 0
0, 61212352, 0
0, 61279807, 0
0, 61336535, 0
0, 61441115, 0
0, 61542511, 0
0, 61769668, 0
0, 62123694, 0
0, 62150618, 0
Waiting for the board to finish...
       c0: 5	c1: 5	c2: 5	c3: 5	c4: 5	c5: 5	c6: 5	c7: 5	c8: 5	c9: 5	c10: 5	c11: 5	c12: 5	c13: 5	c14: 5	
Read data from board
0, 60144279, 0
0, 60328657, 0
0, 60395560, 0
0, 60452299, 0
0, 60556930, 0
0, 60658380, 0
0, 61025788, 0
0, 61213775, 0
0, 61281229, 0
0, 61337951, 0
0, 61442526, 0
0, 61543909, 0
0, 61771222, 0
0, 62125251, 0
0, 62152168, 0
Waiting for the board to finish...
       c0: 5	c1: 5	c2: 5	c3: 5	c4: 5	c5: 5	c6: 5	c7: 5	c8: 5	c9: 5	c10: 5	c11: 5	c12: 5	c13: 5	c14: 5	
Read data from board
0, 60143561, 0
0, 60327927, 0
0, 60394846, 0
0, 60451604, 0
0, 60556273, 0
0, 60657742, 0
0, 61025289, 0
0, 61213247, 0
0, 61280710, 0
0, 61337462, 0
0, 61442047, 0
0, 61543444, 0
0, 61770773, 0
0, 62124808, 0
0, 62151748, 0
Waiting for the board to finish...
       c0: 5	c1: 5	c2: 5	c3: 5	c4: 5	c5: 5	c6: 5	c7: 5	c8: 5	c9: 5	c10: 5	c11: 5	c12: 5	c13: 5	c14: 5	
Read data from board
0, 60145546, 0
0, 60329904, 0
0, 60396821, 0
0, 60453574, 0
0, 60558210, 0
0, 60659685, 0
0, 61027230, 0
0, 61215196, 0
0, 61282652, 0
0, 61339393, 0
0, 61443970, 0
0, 61545355, 0
0, 61772698, 0
0, 62126722, 0
0, 62153638, 0
Average:
0, 60144760, 0
0, 60329128, 0
0, 60396035, 0
0, 60452783, 0
0, 60557429, 0
0, 60658894, 0
0, 61026364, 0
0, 61214333, 0
0, 61281792, 0
0, 61338526, 0
0, 61443108, 0
0, 61544490, 0
0, 61771779, 0
0, 62125808, 0
0, 62152734, 0
