Host is running ...
size: 64000
Waiting for the board to finish...
       c0: 5	c1: 5	c2: 5	c3: 5	c4: 5	c5: 5	c6: 5	c7: 5	c8: 5	c9: 5	c10: 5	c11: 5	c12: 5	c13: 5	c14: 5	
Read data from board
0, 242307802, 0
0, 242310048, 0
0, 242528161, 0
0, 242543072, 0
0, 242802841, 0
58, 243070654, 0
0, 243635341, 0
0, 243665798, 0
0, 243998422, 0
0, 244013518, 0
0, 244454998, 0
0, 244929268, 0
0, 245412330, 0
0, 246284392, 0
0, 246374743, 0
Waiting for the board to finish...
       c0: 5	c1: 5	c2: 5	c3: 5	c4: 5	c5: 5	c6: 5	c7: 5	c8: 5	c9: 5	c10: 5	c11: 5	c12: 5	c13: 5	c14: 5	
Read data from board
0, 242301834, 0
0, 242304106, 0
0, 242522140, 0
0, 242537364, 0
0, 242796205, 0
116, 243063506, 0
0, 243629549, 0
0, 243660017, 0
0, 243992830, 0
0, 244007995, 0
0, 244448225, 0
0, 244922257, 0
0, 245403262, 0
0, 246269413, 0
0, 246360199, 0
Waiting for the board to finish...
       c0: 5	c1: 5	c2: 5	c3: 5	c4: 5	c5: 5	c6: 5	c7: 5	c8: 5	c9: 5	c10: 5	c11: 5	c12: 5	c13: 5	c14: 5	
Read data from board
0, 242348321, 0
0, 242350555, 0
0, 242569926, 0
0, 242585200, 0
0, 242844523, 0
174, 243112679, 0
0, 243678000, 0
0, 243708563, 0
0, 244041377, 0
0, 244056874, 0
0, 244498011, 0
0, 244970221, 0
0, 245451842, 0
62, 246315668, 0
0, 246405144, 0
Waiting for the board to finish...
       c0: 5	c1: 5	c2: 5	c3: 5	c4: 5	c5: 5	c6: 5	c7: 5	c8: 5	c9: 5	c10: 5	c11: 5	c12: 5	c13: 5	c14: 5	
Read data from board
0, 242353389, 0
0, 242355581, 0
0, 242574264, 0
0, 242589445, 0
0, 242848668, 0
58, 243116846, 0
0, 243680499, 0
0, 243711143, 0
0, 244043274, 0
0, 244058428, 0
0, 244499973, 0
0, 244972158, 0
0, 245454170, 0
0, 246326678, 0
0, 246419801, 0
Waiting for the board to finish...
       c0: 5	c1: 5	c2: 5	c3: 5	c4: 5	c5: 5	c6: 5	c7: 5	c8: 5	c9: 5	c10: 5	c11: 5	c12: 5	c13: 5	c14: 5	
Read data from board
0, 242356168, 0
0, 242358597, 0
0, 242577525, 0
0, 242592286, 0
0, 242852089, 0
174, 243119366, 0
0, 243683991, 0
0, 243714481, 0
0, 244046567, 0
0, 244061688, 0
0, 244502673, 0
0, 244974057, 0
0, 245456214, 0
0, 246329254, 0
0, 246420922, 0
Waiting for the board to finish...
       c0: 5	c1: 5	c2: 5	c3: 5	c4: 5	c5: 5	c6: 5	c7: 5	c8: 5	c9: 5	c10: 5	c11: 5	c12: 5	c13: 5	c14: 5	
Read data from board
0, 242361733, 0
0, 242364133, 0
0, 242583556, 0
0, 242598637, 0
0, 242858137, 0
58, 243125610, 0
0, 243691211, 0
0, 243721712, 0
0, 244053553, 0
0, 244069070, 0
0, 244510129, 0
0, 244984012, 0
0, 245465990, 0
0, 246334373, 0
0, 246427664, 0
Waiting for the board to finish...
       c0: 5	c1: 5	c2: 5	c3: 5	c4: 5	c5: 5	c6: 5	c7: 5	c8: 5	c9: 5	c10: 5	c11: 5	c12: 5	c13: 5	c14: 5	
Read data from board
0, 242351851, 0
0, 242354306, 0
0, 242573484, 0
0, 242588571, 0
0, 242847282, 0
120, 243115636, 0
0, 243680445, 0
0, 243710984, 0
0, 244042745, 0
0, 244058108, 0
0, 244498334, 0
0, 244971397, 0
0, 245454633, 0
0, 246323066, 0
0, 246414414, 0
Waiting for the board to finish...
       c0: 5	c1: 5	c2: 5	c3: 5	c4: 5	c5: 5	c6: 5	c7: 5	c8: 5	c9: 5	c10: 5	c11: 5	c12: 5	c13: 5	c14: 5	
Read data from board
0, 242355170, 0
0, 242357600, 0
0, 242575590, 0
0, 242590693, 0
0, 242849612, 0
232, 243116491, 0
0, 243682635, 0
0, 243713134, 0
0, 244046007, 0
0, 244061036, 0
0, 244502070, 0
0, 244978179, 0
0, 245460239, 0
0, 246330431, 0
0, 246420122, 0
Waiting for the board to finish...
       c0: 5	c1: 5	c2: 5	c3: 5	c4: 5	c5: 5	c6: 5	c7: 5	c8: 5	c9: 5	c10: 5	c11: 5	c12: 5	c13: 5	c14: 5	
Read data from board
0, 242345474, 0
0, 242347889, 0
0, 242567336, 0
0, 242582535, 0
0, 242841872, 0
0, 243109249, 0
0, 243673656, 0
0, 243704248, 0
0, 244036785, 0
0, 244052038, 0
0, 244493131, 0
0, 244966143, 0
0, 245448244, 0
0, 246321514, 0
0, 246415527, 0
Waiting for the board to finish...
       c0: 5	c1: 5	c2: 5	c3: 5	c4: 5	c5: 5	c6: 5	c7: 5	c8: 5	c9: 5	c10: 5	c11: 5	c12: 5	c13: 5	c14: 5	
Read data from board
0, 242344652, 0
0, 242346811, 0
0, 242565635, 0
0, 242580635, 0
0, 242840449, 0
116, 243107423, 0
0, 243672006, 0
0, 243702509, 0
0, 244034700, 0
0, 244049976, 0
0, 244491389, 0
0, 244965219, 0
0, 245448306, 0
0, 246321959, 0
0, 246411023, 0
Average:
0, 242342639, 0
0, 242344962, 0
0, 242563761, 0
0, 242578843, 0
0, 242838167, 0
110, 243105746, 0
0, 243670733, 0
0, 243701258, 0
0, 244033626, 0
0, 244048873, 0
0, 244489893, 0
0, 244963291, 0
0, 245445523, 0
6, 246315674, 0
0, 246406955, 0
