Host is running ...
size: 64000
Waiting for the board to finish...
       c0: 5	c1: 5	c2: 5	c3: 5	c4: 5	c5: 5	c6: 5	c7: 5	c8: 5	c9: 5	c10: 5	c11: 5	c12: 5	c13: 5	c14: 5	
Read data from board
0, 56313116, 0
1182, 56492341, 0
1790146, 56665043, 0
4552335, 56866710, 0
3664028, 57223264, 0
2724050, 57577822, 0
516216, 57969174, 0
61310, 58146043, 0
11035407, 58147057, 0
25404591, 58148879, 0
26707542, 58151065, 0
26563485, 58153768, 0
29340075, 58155324, 0
7851975, 58185925, 0
19389493, 58194485, 0
Waiting for the board to finish...
       c0: 5	c1: 5	c2: 5	c3: 5	c4: 5	c5: 5	c6: 5	c7: 5	c8: 5	c9: 5	c10: 5	c11: 5	c12: 5	c13: 5	c14: 5	
Read data from board
0, 56319066, 0
1182, 56498458, 0
1793375, 56671035, 0
4550926, 56872794, 0
3669296, 57229121, 0
2722195, 57584230, 0
514950, 57975336, 0
61303, 58152224, 0
11040392, 58153246, 0
25408320, 58155080, 0
26718283, 58157251, 0
26558162, 58159983, 0
29340652, 58161654, 0
7927125, 58192249, 0
20292137, 58200808, 0
Waiting for the board to finish...
       c0: 5	c1: 5	c2: 5	c3: 5	c4: 5	c5: 5	c6: 5	c7: 5	c8: 5	c9: 5	c10: 5	c11: 5	c12: 5	c13: 5	c14: 5	
Read data from board
0, 56316243, 0
1185, 56495540, 0
1790161, 56668019, 0
4551105, 56869553, 0
3659730, 57225920, 0
2716149, 57581027, 0
514866, 57972122, 0
61208, 58148956, 0
11035809, 58149964, 0
25407187, 58151772, 0
26714470, 58153915, 0
26563285, 58156651, 0
29338116, 58158205, 0
7923793, 58188769, 0
20287482, 58197343, 0
Waiting for the board to finish...
       c0: 5	c1: 5	c2: 5	c3: 5	c4: 5	c5: 5	c6: 5	c7: 5	c8: 5	c9: 5	c10: 5	c11: 5	c12: 5	c13: 5	c14: 5	
Read data from board
0, 56317088, 0
1181, 56496140, 0
1781604, 56668822, 0
4550876, 56870197, 0
3666073, 57226845, 0
2716163, 57581718, 0
517426, 57972768, 0
61413, 58149700, 0
11039070, 58150717, 0
25408493, 58152539, 0
26714703, 58154702, 0
26563272, 58157492, 0
29338690, 58159138, 0
7926427, 58189727, 0
20288029, 58198286, 0
Waiting for the board to finish...
       c0: 5	c1: 5	c2: 5	c3: 5	c4: 5	c5: 5	c6: 5	c7: 5	c8: 5	c9: 5	c10: 5	c11: 5	c12: 5	c13: 5	c14: 5	
Read data from board
0, 56313306, 0
1188, 56492527, 0
1790276, 56665410, 0
4540498, 56866887, 0
3658624, 57223312, 0
2712342, 57578172, 0
515145, 57969282, 0
61556, 58146183, 0
11030641, 58147191, 0
25406086, 58149050, 0
26709898, 58151243, 0
26561776, 58153991, 0
29336455, 58155534, 0
7921072, 58186122, 0
20285475, 58194680, 0
Waiting for the board to finish...
       c0: 5	c1: 5	c2: 5	c3: 5	c4: 5	c5: 5	c6: 5	c7: 5	c8: 5	c9: 5	c10: 5	c11: 5	c12: 5	c13: 5	c14: 5	
Read data from board
0, 56314983, 0
1181, 56494267, 0
1781787, 56667301, 0
4538729, 56868862, 0
3652314, 57225269, 0
2702591, 57580277, 0
512426, 57971425, 0
61361, 58148250, 0
11035681, 58149260, 0
25405785, 58151076, 0
26713585, 58153233, 0
26558262, 58155948, 0
29341890, 58157486, 0
7925394, 58188071, 0
20287789, 58196625, 0
Waiting for the board to finish...
       c0: 5	c1: 5	c2: 5	c3: 5	c4: 5	c5: 5	c6: 5	c7: 5	c8: 5	c9: 5	c10: 5	c11: 5	c12: 5	c13: 5	c14: 5	
Read data from board
0, 56316612, 0
1225, 56496049, 0
1791640, 56668793, 0
4563099, 56870445, 0
3676650, 57227059, 0
2730385, 57581978, 0
520602, 57973032, 0
61521, 58150031, 0
11037552, 58151046, 0
25407915, 58152873, 0
26715534, 58155045, 0
26563546, 58157802, 0
29342039, 58159339, 0
7926953, 58189907, 0
20288189, 58198482, 0
Waiting for the board to finish...
       c0: 5	c1: 5	c2: 5	c3: 5	c4: 5	c5: 5	c6: 5	c7: 5	c8: 5	c9: 5	c10: 5	c11: 5	c12: 5	c13: 5	c14: 5	
Read data from board
0, 56315733, 0
1185, 56494805, 0
1789788, 56667436, 0
4545863, 56868976, 0
3663975, 57225400, 0
2720387, 57580571, 0
516555, 57971561, 0
61301, 58148386, 0
11037577, 58149401, 0
25408112, 58151244, 0
26710648, 58153424, 0
26565269, 58156138, 0
29343005, 58157683, 0
7924258, 58188272, 0
20287543, 58196831, 0
Waiting for the board to finish...
       c0: 5	c1: 5	c2: 5	c3: 5	c4: 5	c5: 5	c6: 5	c7: 5	c8: 5	c9: 5	c10: 5	c11: 5	c12: 5	c13: 5	c14: 5	
Read data from board
0, 56316587, 0
1225, 56495707, 0
1795814, 56668439, 0
4563145, 56869824, 0
3678209, 57226497, 0
2726529, 57581259, 0
519567, 57972381, 0
61463, 58149287, 0
11036916, 58150300, 0
25408498, 58152171, 0
26714650, 58154317, 0
26562274, 58157039, 0
29339836, 58158590, 0
7923127, 58189187, 0
20288341, 58197743, 0
Waiting for the board to finish...
       c0: 5	c1: 5	c2: 5	c3: 5	c4: 5	c5: 5	c6: 5	c7: 5	c8: 5	c9: 5	c10: 5	c11: 5	c12: 5	c13: 5	c14: 5	
Read data from board
0, 56317159, 0
1181, 56496352, 0
1787227, 56669106, 0
4548676, 56871014, 0
3667705, 57227735, 0
2718689, 57582726, 0
516638, 57973755, 0
61365, 58150581, 0
11035315, 58151585, 0
25409222, 58153425, 0
26716270, 58155560, 0
26562171, 58158285, 0
29339725, 58159846, 0
7929312, 58190440, 0
20289072, 58198998, 0
Average:
0, 56315989, 0
1191, 56495218, 0
1789181, 56667940, 0
4550525, 56869526, 0
3665660, 57226042, 0
2718948, 57580978, 0
516439, 57972083, 0
61380, 58148964, 0
11036436, 58149976, 0
25407420, 58151810, 0
26713558, 58153975, 0
26562150, 58156709, 0
29340048, 58158279, 0
7917943, 58188866, 0
20198355, 58197428, 0
