Host is running ...
size: 64000
Waiting for the board to finish...
       c0: 5	c1: 5	c2: 5	c3: 5	c4: 5	c5: 5	c6: 5	c7: 5	c8: 5	c9: 5	c10: 5	c11: 5	c12: 5	c13: 5	c14: 5	
Read data from board
0, 54437040, 0
1176, 54796634, 0
3630247, 55170399, 0
9258474, 55527414, 0
7490527, 56238889, 0
5629050, 56981947, 0
1075945, 57729837, 0
61301, 58081814, 0
10934306, 58082824, 0
25330423, 58084650, 0
26642345, 58086806, 0
26512063, 58089535, 0
29256770, 58091100, 0
7743512, 58121684, 0
19108011, 58130242, 0
Waiting for the board to finish...
       c0: 5	c1: 5	c2: 5	c3: 5	c4: 5	c5: 5	c6: 5	c7: 5	c8: 5	c9: 5	c10: 5	c11: 5	c12: 5	c13: 5	c14: 5	
Read data from board
0, 54441412, 0
1186, 54801261, 0
3624772, 55174943, 0
9246222, 55531672, 0
7491674, 56243474, 0
5627582, 56986610, 0
1077692, 57734649, 0
61470, 58086603, 0
10939774, 58087624, 0
25335783, 58089450, 0
26645224, 58091608, 0
26517998, 58094370, 0
29249347, 58095923, 0
7828059, 58126500, 0
20028572, 58135052, 0
Waiting for the board to finish...
       c0: 5	c1: 5	c2: 5	c3: 5	c4: 5	c5: 5	c6: 5	c7: 5	c8: 5	c9: 5	c10: 5	c11: 5	c12: 5	c13: 5	c14: 5	
Read data from board
0, 54442797, 0
1182, 54803151, 0
3627655, 55177262, 0
9236541, 55534035, 0
7485715, 56246252, 0
5632837, 56988848, 0
1077448, 57737080, 0
61405, 58088917, 0
10944725, 58089923, 0
25336714, 58091746, 0
26646729, 58093895, 0
26519280, 58096611, 0
29252127, 58098162, 0
7829660, 58128742, 0
20030650, 58137291, 0
Waiting for the board to finish...
       c0: 5	c1: 5	c2: 5	c3: 5	c4: 5	c5: 5	c6: 5	c7: 5	c8: 5	c9: 5	c10: 5	c11: 5	c12: 5	c13: 5	c14: 5	
Read data from board
0, 54443319, 0
1181, 54803732, 0
3627960, 55177239, 0
9234805, 55534410, 0
7479918, 56246614, 0
5628619, 56989738, 0
1077332, 57738443, 0
61252, 58090238, 0
10943163, 58091228, 0
25340397, 58093061, 0
26648080, 58095233, 0
26519287, 58098010, 0
29255393, 58099672, 0
7830898, 58130229, 0
20033673, 58138791, 0
Waiting for the board to finish...
       c0: 5	c1: 5	c2: 5	c3: 5	c4: 5	c5: 5	c6: 5	c7: 5	c8: 5	c9: 5	c10: 5	c11: 5	c12: 5	c13: 5	c14: 5	
Read data from board
0, 54448193, 0
1225, 54807720, 0
3627255, 55181383, 0
9230435, 55538517, 0
7481362, 56250792, 0
5617048, 56993738, 0
1070894, 57741915, 0
61353, 58093708, 0
10950342, 58094713, 0
25340975, 58096550, 0
26650987, 58098733, 0
26521016, 58101478, 0
29255685, 58103137, 0
7832115, 58133747, 0
20036650, 58142295, 0
Waiting for the board to finish...
       c0: 5	c1: 5	c2: 5	c3: 5	c4: 5	c5: 5	c6: 5	c7: 5	c8: 5	c9: 5	c10: 5	c11: 5	c12: 5	c13: 5	c14: 5	
Read data from board
0, 54441171, 0
1189, 54801615, 0
3629616, 55175180, 0
9254497, 55532036, 0
7497408, 56243485, 0
5630310, 56986255, 0
1082938, 57734240, 0
61301, 58086112, 0
10938634, 58087125, 0
25333810, 58088967, 0
26644684, 58091149, 0
26516835, 58093882, 0
29248793, 58095557, 0
7825605, 58126166, 0
20028708, 58134724, 0
Waiting for the board to finish...
       c0: 5	c1: 5	c2: 5	c3: 5	c4: 5	c5: 5	c6: 5	c7: 5	c8: 5	c9: 5	c10: 5	c11: 5	c12: 5	c13: 5	c14: 5	
Read data from board
0, 54449324, 0
1185, 54809389, 0
3621722, 55182955, 0
9220254, 55539629, 0
7472946, 56251578, 0
5612914, 56994033, 0
1071620, 57742143, 0
61362, 58094153, 0
10945867, 58095163, 0
25343133, 58096985, 0
26653826, 58099164, 0
26520368, 58101896, 0
29255359, 58103451, 0
7834358, 58134030, 0
20035254, 58142589, 0
Waiting for the board to finish...
       c0: 5	c1: 5	c2: 5	c3: 5	c4: 5	c5: 5	c6: 5	c7: 5	c8: 5	c9: 5	c10: 5	c11: 5	c12: 5	c13: 5	c14: 5	
Read data from board
0, 54441656, 0
1181, 54801716, 0
3627611, 55175394, 0
9244676, 55532101, 0
7484226, 56243962, 0
5617777, 56986744, 0
1070242, 57734652, 0
61403, 58086531, 0
10937224, 58087527, 0
25335270, 58089366, 0
26645756, 58091546, 0
26515954, 58094320, 0
29247937, 58095968, 0
7826832, 58126558, 0
20028225, 58135092, 0
Waiting for the board to finish...
       c0: 5	c1: 5	c2: 5	c3: 5	c4: 5	c5: 5	c6: 5	c7: 5	c8: 5	c9: 5	c10: 5	c11: 5	c12: 5	c13: 5	c14: 5	
Read data from board
0, 54445190, 0
1225, 54805119, 0
3624227, 55179142, 0
9214426, 55535855, 0
7463526, 56248259, 0
5607754, 56991612, 0
1069207, 57739589, 0
61369, 58091596, 0
10947591, 58092609, 0
25340650, 58094452, 0
26650187, 58096632, 0
26525318, 58099337, 0
29255214, 58100893, 0
7829581, 58131491, 0
20034369, 58140055, 0
Waiting for the board to finish...
       c0: 5	c1: 5	c2: 5	c3: 5	c4: 5	c5: 5	c6: 5	c7: 5	c8: 5	c9: 5	c10: 5	c11: 5	c12: 5	c13: 5	c14: 5	
Read data from board
0, 54443067, 0
1181, 54803072, 0
3636307, 55176393, 0
9239867, 55533553, 0
7488336, 56245772, 0
5621646, 56988918, 0
1072013, 57737602, 0
61521, 58089448, 0
10945862, 58090437, 0
25336692, 58092322, 0
26648635, 58094477, 0
26512304, 58097162, 0
29247775, 58098717, 0
7831493, 58129291, 0
20031153, 58137837, 0
Average:
0, 54443316, 0
1191, 54803340, 0
3627737, 55177029, 0
9238019, 55533922, 0
7483563, 56245907, 0
5622553, 56988844, 0
1074533, 57737015, 0
61373, 58088912, 0
10942748, 58089917, 0
25337384, 58091754, 0
26647645, 58093924, 0
26518042, 58096660, 0
29252440, 58098258, 0
7821211, 58128843, 0
19939526, 58137396, 0
