Host is running ...
size: 64000
Waiting for the board to finish...
       c0: 5	c1: 5	c2: 5	c3: 5	c4: 5	c5: 5	c6: 5	c7: 5	c8: 5	c9: 5	c10: 5	c11: 5	c12: 5	c13: 5	c14: 5	
Read data from board
2644311, 51374984, 0
5256552, 51495593, 0
11663888, 51576841, 0
16423316, 51720371, 0
8515860, 51963557, 0
8503345, 52225968, 0
7733611, 52450639, 0
6543775, 52540507, 0
11394886, 52652629, 0
16379528, 52793354, 0
8720191, 53047374, 0
9319107, 53304373, 0
9772835, 53548175, 0
8735909, 53728516, 0
21985258, 53753385, 0
Waiting for the board to finish...
       c0: 5	c1: 5	c2: 5	c3: 5	c4: 5	c5: 5	c6: 5	c7: 5	c8: 5	c9: 5	c10: 5	c11: 5	c12: 5	c13: 5	c14: 5	
Read data from board
2644311, 51157737, 0
5250140, 51279479, 0
11633255, 51359592, 0
16425016, 51501966, 0
8491997, 51743758, 0
8482351, 52004773, 0
7727201, 52227759, 0
6541599, 52318000, 0
11385699, 52429123, 0
16356402, 52569488, 0
8688427, 52821739, 0
9322671, 53076808, 0
9772604, 53319839, 0
8737142, 53498788, 0
22713510, 53523619, 0
Waiting for the board to finish...
       c0: 5	c1: 5	c2: 5	c3: 5	c4: 5	c5: 5	c6: 5	c7: 5	c8: 5	c9: 5	c10: 5	c11: 5	c12: 5	c13: 5	c14: 5	
Read data from board
2644311, 51157832, 0
5250863, 51278194, 0
11637838, 51359803, 0
16427832, 51502149, 0
8499152, 51743299, 0
8483773, 52004232, 0
7727534, 52227108, 0
6538146, 52317351, 0
11381385, 52428424, 0
16353488, 52568741, 0
8685881, 52820931, 0
9321674, 53076115, 0
9771967, 53319117, 0
8735599, 53498075, 0
22712926, 53522900, 0
Waiting for the board to finish...
       c0: 5	c1: 5	c2: 5	c3: 5	c4: 5	c5: 5	c6: 5	c7: 5	c8: 5	c9: 5	c10: 5	c11: 5	c12: 5	c13: 5	c14: 5	
Read data from board
2644311, 51160727, 0
5249699, 51281230, 0
11633843, 51362210, 0
16426072, 51504868, 0
8496204, 51745975, 0
8482280, 52007004, 0
7725572, 52230107, 0
6537169, 52320308, 0
11381833, 52431511, 0
16353931, 52571650, 0
8687345, 52823770, 0
9321872, 53079013, 0
9772965, 53322026, 0
8738947, 53500959, 0
22715970, 53525779, 0
Waiting for the board to finish...
       c0: 5	c1: 5	c2: 5	c3: 5	c4: 5	c5: 5	c6: 5	c7: 5	c8: 5	c9: 5	c10: 5	c11: 5	c12: 5	c13: 5	c14: 5	
Read data from board
2644311, 51157821, 0
5250059, 51278466, 0
11634066, 51358997, 0
16424314, 51501997, 0
8490309, 51743418, 0
8480991, 52004114, 0
7727411, 52227133, 0
6538714, 52317332, 0
11382832, 52428515, 0
16354257, 52568800, 0
8688109, 52820830, 0
9324161, 53076083, 0
9774238, 53319063, 0
8736228, 53498006, 0
22712908, 53522848, 0
Waiting for the board to finish...
       c0: 5	c1: 5	c2: 5	c3: 5	c4: 5	c5: 5	c6: 5	c7: 5	c8: 5	c9: 5	c10: 5	c11: 5	c12: 5	c13: 5	c14: 5	
Read data from board
2644311, 51158994, 0
5250882, 51280496, 0
11635555, 51360562, 0
16426999, 51503183, 0
8497798, 51744508, 0
8482701, 52005336, 0
7726542, 52228453, 0
6537962, 52318637, 0
11380642, 52429756, 0
16354760, 52569669, 0
8687654, 52821960, 0
9321923, 53076949, 0
9773518, 53320011, 0
8737721, 53498957, 0
22713704, 53523773, 0
Waiting for the board to finish...
       c0: 5	c1: 5	c2: 5	c3: 5	c4: 5	c5: 5	c6: 5	c7: 5	c8: 5	c9: 5	c10: 5	c11: 5	c12: 5	c13: 5	c14: 5	
Read data from board
2644311, 51160233, 0
5250050, 51279872, 0
11635906, 51360875, 0
16429841, 51503516, 0
8493702, 51744681, 0
8479823, 52006235, 0
7724725, 52229384, 0
6535319, 52319584, 0
11380697, 52430781, 0
16354092, 52571003, 0
8686991, 52823060, 0
9321642, 53078212, 0
9772309, 53321276, 0
8738361, 53500215, 0
22715091, 53525048, 0
Waiting for the board to finish...
       c0: 5	c1: 5	c2: 5	c3: 5	c4: 5	c5: 5	c6: 5	c7: 5	c8: 5	c9: 5	c10: 5	c11: 5	c12: 5	c13: 5	c14: 5	
Read data from board
2644311, 51157557, 0
5248466, 51278188, 0
11638694, 51359518, 0
16434107, 51501682, 0
8503066, 51742997, 0
8484891, 52003849, 0
7724274, 52227071, 0
6536819, 52317206, 0
11380774, 52428413, 0
16353211, 52568714, 0
8685669, 52820891, 0
9321542, 53076158, 0
9774028, 53319178, 0
8736525, 53498130, 0
22712899, 53522960, 0
Waiting for the board to finish...
       c0: 5	c1: 5	c2: 5	c3: 5	c4: 5	c5: 5	c6: 5	c7: 5	c8: 5	c9: 5	c10: 5	c11: 5	c12: 5	c13: 5	c14: 5	
Read data from board
2644311, 51158164, 0
5248502, 51278828, 0
11630361, 51359621, 0
16420563, 51502234, 0
8493866, 51744038, 0
8481458, 52004588, 0
7727275, 52227479, 0
6539582, 52317780, 0
11384143, 52429067, 0
16355540, 52568951, 0
8686843, 52820922, 0
9321354, 53076255, 0
9772353, 53319325, 0
8736621, 53498266, 0
22713084, 53523110, 0
Waiting for the board to finish...
       c0: 5	c1: 5	c2: 5	c3: 5	c4: 5	c5: 5	c6: 5	c7: 5	c8: 5	c9: 5	c10: 5	c11: 5	c12: 5	c13: 5	c14: 5	
Read data from board
2644311, 51158865, 0
5249415, 51279341, 0
11634307, 51360057, 0
16421191, 51502707, 0
8497706, 51744208, 0
8483112, 52005089, 0
7727672, 52228159, 0
6539054, 52318238, 0
11383196, 52429415, 0
16354866, 52569619, 0
8686939, 52821808, 0
9321675, 53076894, 0
9773865, 53319924, 0
8737930, 53498852, 0
22713790, 53523726, 0
Average:
2644311, 51180291, 0
5250462, 51300968, 0
11637771, 51381807, 0
16425925, 51524467, 0
8497966, 51766043, 0
8484472, 52027118, 0
7727181, 52250329, 0
6538813, 52340494, 0
11383608, 52451763, 0
16357007, 52591998, 0
8690404, 52844328, 0
9321762, 53099686, 0
9773068, 53342793, 0
8737098, 53521876, 0
22640914, 53546714, 0
