Host is running ...
size: 64000
Waiting for the board to finish...
       c0: 5	c1: 5	c2: 5	c3: 5	c4: 5	c5: 5	c6: 5	c7: 5	c8: 5	c9: 5	c10: 5	c11: 5	c12: 5	c13: 5	c14: 5	
Read data from board
0, 241434382, 0
0, 241567960, 0
48928, 241585330, 0
33780, 241797122, 0
0, 242040006, 0
69140, 242286901, 0
140074, 242565296, 0
490303, 242833602, 0
1024, 242851069, 0
69419, 243194762, 0
284043, 243613398, 0
59073, 244057249, 0
0, 244524371, 0
63541, 244908791, 0
0, 244956543, 0
Waiting for the board to finish...
       c0: 5	c1: 5	c2: 5	c3: 5	c4: 5	c5: 5	c6: 5	c7: 5	c8: 5	c9: 5	c10: 5	c11: 5	c12: 5	c13: 5	c14: 5	
Read data from board
0, 241435732, 0
0, 241569740, 0
59684, 241587120, 0
35473, 241800016, 0
0, 242041580, 0
81996, 242289839, 0
144345, 242566861, 0
499422, 242834742, 0
1379, 242852080, 0
77314, 243195914, 0
282731, 243614852, 0
57752, 244058897, 0
0, 244526710, 0
61693, 244911241, 0
0, 244955884, 0
Waiting for the board to finish...
       c0: 5	c1: 5	c2: 5	c3: 5	c4: 5	c5: 5	c6: 5	c7: 5	c8: 5	c9: 5	c10: 5	c11: 5	c12: 5	c13: 5	c14: 5	
Read data from board
0, 241437052, 0
0, 241570295, 0
54827, 241587713, 0
29696, 241800663, 0
0, 242041920, 0
79757, 242290303, 0
133027, 242568225, 0
513019, 242836721, 0
1360, 242854152, 0
69971, 243197939, 0
284926, 243616384, 0
70046, 244060933, 0
0, 244528017, 0
64958, 244907103, 0
0, 244955535, 0
Waiting for the board to finish...
       c0: 5	c1: 5	c2: 5	c3: 5	c4: 5	c5: 5	c6: 5	c7: 5	c8: 5	c9: 5	c10: 5	c11: 5	c12: 5	c13: 5	c14: 5	
Read data from board
0, 241425309, 0
0, 241559335, 0
47539, 241576730, 0
29670, 241786683, 0
0, 242030383, 0
75308, 242277787, 0
132706, 242556010, 0
486845, 242824747, 0
3728, 242842168, 0
78158, 243184341, 0
291778, 243602955, 0
55343, 244047262, 0
0, 244515481, 0
60882, 244900002, 0
0, 244945857, 0
Waiting for the board to finish...
       c0: 5	c1: 5	c2: 5	c3: 5	c4: 5	c5: 5	c6: 5	c7: 5	c8: 5	c9: 5	c10: 5	c11: 5	c12: 5	c13: 5	c14: 5	
Read data from board
0, 241471481, 0
0, 241605190, 0
50311, 241622590, 0
33081, 241834725, 0
0, 242078736, 0
74191, 242324273, 0
139749, 242602639, 0
493397, 242871523, 0
1364, 242888898, 0
73170, 243232025, 0
288628, 243650592, 0
62195, 244093545, 0
0, 244560283, 0
73593, 244943320, 0
0, 244988383, 0
Waiting for the board to finish...
       c0: 5	c1: 5	c2: 5	c3: 5	c4: 5	c5: 5	c6: 5	c7: 5	c8: 5	c9: 5	c10: 5	c11: 5	c12: 5	c13: 5	c14: 5	
Read data from board
0, 241424234, 0
0, 241559818, 0
53091, 241577096, 0
31061, 241788284, 0
0, 242030984, 0
72320, 242275949, 0
130192, 242555196, 0
515816, 242823839, 0
1715, 242841181, 0
69674, 243185864, 0
313705, 243603947, 0
65302, 244048635, 0
0, 244515881, 0
74185, 244899838, 0
0, 244944678, 0
Waiting for the board to finish...
       c0: 5	c1: 5	c2: 5	c3: 5	c4: 5	c5: 5	c6: 5	c7: 5	c8: 5	c9: 5	c10: 5	c11: 5	c12: 5	c13: 5	c14: 5	
Read data from board
0, 241440876, 0
0, 241574410, 0
48578, 241591723, 0
35471, 241805333, 0
0, 242046000, 0
81224, 242293492, 0
142181, 242571559, 0
499382, 242840158, 0
3077, 242857415, 0
72782, 243201452, 0
297150, 243620063, 0
58789, 244064070, 0
0, 244532737, 0
65267, 244913003, 0
0, 244963171, 0
Waiting for the board to finish...
       c0: 5	c1: 5	c2: 5	c3: 5	c4: 5	c5: 5	c6: 5	c7: 5	c8: 5	c9: 5	c10: 5	c11: 5	c12: 5	c13: 5	c14: 5	
Read data from board
0, 241430264, 0
0, 241563146, 0
56561, 241580588, 0
33120, 241793286, 0
0, 242033873, 0
78731, 242281565, 0
138944, 242558097, 0
494457, 242828343, 0
2062, 242845690, 0
59289, 243189081, 0
283988, 243607258, 0
68978, 244051974, 0
0, 244518370, 0
68610, 244905045, 0
0, 244953084, 0
Waiting for the board to finish...
       c0: 5	c1: 5	c2: 5	c3: 5	c4: 5	c5: 5	c6: 5	c7: 5	c8: 5	c9: 5	c10: 5	c11: 5	c12: 5	c13: 5	c14: 5	
Read data from board
0, 241433142, 0
0, 241568120, 0
60378, 241585486, 0
35778, 241796806, 0
0, 242038738, 0
75608, 242287492, 0
132414, 242564154, 0
483522, 242834111, 0
3423, 242851359, 0
74226, 243193152, 0
283355, 243612204, 0
67668, 244057011, 0
0, 244525513, 0
71770, 244908002, 0
0, 244955529, 0
Waiting for the board to finish...
       c0: 5	c1: 5	c2: 5	c3: 5	c4: 5	c5: 5	c6: 5	c7: 5	c8: 5	c9: 5	c10: 5	c11: 5	c12: 5	c13: 5	c14: 5	
Read data from board
0, 241431289, 0
0, 241564465, 0
53783, 241581818, 0
33787, 241793490, 0
0, 242037205, 0
71273, 242284170, 0
140030, 242562559, 0
490970, 242830108, 0
1364, 242847358, 0
72530, 243191701, 0
284839, 243610050, 0
65259, 244053333, 0
0, 244520260, 0
60048, 244908116, 0
0, 244953422, 0
Average:
0, 241436376, 0
0, 241570247, 0
53368, 241587619, 0
33091, 241799640, 0
0, 242041942, 0
75954, 242289177, 0
137366, 242567059, 0
496713, 242835789, 0
2049, 242853137, 0
71653, 243196623, 0
289514, 243615170, 0
63040, 244059290, 0
0, 244526762, 0
66454, 244910446, 0
0, 244957208, 0
