Host is running ...
size: 64000
Waiting for the board to finish...
       c0: 5	c1: 5	c2: 5	c3: 5	c4: 5	c5: 5	c6: 5	c7: 5	c8: 5	c9: 5	c10: 5	c11: 5	c12: 5	c13: 5	c14: 5	
Read data from board
216534, 237551453, 0
1125455, 238240278, 0
813497, 238933065, 0
1694863, 239905491, 0
1808209, 241654293, 0
1991815, 243169913, 0
1301468, 244671101, 0
2205384, 245615891, 0
1137159, 246570277, 0
2343103, 248610666, 0
2402065, 251384222, 0
2569849, 254242930, 0
2697084, 257187788, 0
2682851, 259587264, 0
0, 259881761, 0
Waiting for the board to finish...
       c0: 5	c1: 5	c2: 5	c3: 5	c4: 5	c5: 5	c6: 5	c7: 5	c8: 5	c9: 5	c10: 5	c11: 5	c12: 5	c13: 5	c14: 5	
Read data from board
216534, 237535662, 0
1125176, 238223175, 0
813672, 238919166, 0
1694813, 239889613, 0
1807838, 241639247, 0
1986386, 243153811, 0
1300138, 244655766, 0
2207675, 245599660, 0
1133586, 246554364, 0
2341096, 248595115, 0
2402777, 251370080, 0
2568764, 254229105, 0
2697273, 257170568, 0
2682575, 259577311, 0
0, 259866870, 0
Waiting for the board to finish...
       c0: 5	c1: 5	c2: 5	c3: 5	c4: 5	c5: 5	c6: 5	c7: 5	c8: 5	c9: 5	c10: 5	c11: 5	c12: 5	c13: 5	c14: 5	
Read data from board
216534, 237558764, 0
1125380, 238247516, 0
813579, 238941840, 0
1694016, 239912594, 0
1807452, 241661068, 0
1992835, 243175985, 0
1299252, 244677234, 0
2209188, 245622124, 0
1137251, 246577542, 0
2343425, 248616824, 0
2404060, 251391102, 0
2568309, 254248881, 0
2700452, 257191743, 0
2681433, 259589265, 0
0, 259878071, 0
Waiting for the board to finish...
       c0: 5	c1: 5	c2: 5	c3: 5	c4: 5	c5: 5	c6: 5	c7: 5	c8: 5	c9: 5	c10: 5	c11: 5	c12: 5	c13: 5	c14: 5	
Read data from board
216534, 237550502, 0
1125633, 238238643, 0
812229, 238932608, 0
1693904, 239903861, 0
1808310, 241652516, 0
1989676, 243167123, 0
1299542, 244669600, 0
2206470, 245613828, 0
1133874, 246568949, 0
2339299, 248608870, 0
2403207, 251384176, 0
2569002, 254242466, 0
2696848, 257185025, 0
2682798, 259604848, 0
0, 259896270, 0
Waiting for the board to finish...
       c0: 5	c1: 5	c2: 5	c3: 5	c4: 5	c5: 5	c6: 5	c7: 5	c8: 5	c9: 5	c10: 5	c11: 5	c12: 5	c13: 5	c14: 5	
Read data from board
216534, 237551521, 0
1125239, 238238948, 0
811478, 238934312, 0
1695304, 239906342, 0
1807831, 241655602, 0
1989821, 243171006, 0
1298388, 244673149, 0
2207245, 245617237, 0
1135358, 246572283, 0
2342539, 248612883, 0
2403175, 251386453, 0
2569297, 254244941, 0
2696186, 257193278, 0
2682708, 259596864, 0
0, 259886832, 0
Waiting for the board to finish...
       c0: 5	c1: 5	c2: 5	c3: 5	c4: 5	c5: 5	c6: 5	c7: 5	c8: 5	c9: 5	c10: 5	c11: 5	c12: 5	c13: 5	c14: 5	
Read data from board
216534, 237558020, 0
1125646, 238246274, 0
813164, 238942288, 0
1694796, 239913311, 0
1809005, 241662583, 0
1988773, 243177977, 0
1299749, 244680542, 0
2204273, 245625498, 0
1137292, 246580236, 0
2342636, 248621323, 0
2404179, 251395503, 0
2569766, 254253738, 0
2697538, 257194800, 0
2682092, 259591162, 0
0, 259882665, 0
Waiting for the board to finish...
       c0: 5	c1: 5	c2: 5	c3: 5	c4: 5	c5: 5	c6: 5	c7: 5	c8: 5	c9: 5	c10: 5	c11: 5	c12: 5	c13: 5	c14: 5	
Read data from board
217968, 237553902, 0
1125784, 238242665, 0
813167, 238935449, 0
1694548, 239907970, 0
1808143, 241657426, 0
1992667, 243173673, 0
1300661, 244675997, 0
2205771, 245620255, 0
1137959, 246575101, 0
2343313, 248615269, 0
2402914, 251390339, 0
2569574, 254248352, 0
2697611, 257184595, 0
2682563, 259583068, 0
0, 259873039, 0
Waiting for the board to finish...
       c0: 5	c1: 5	c2: 5	c3: 5	c4: 5	c5: 5	c6: 5	c7: 5	c8: 5	c9: 5	c10: 5	c11: 5	c12: 5	c13: 5	c14: 5	
Read data from board
216534, 237559340, 0
1125351, 238247944, 0
813518, 238941189, 0
1693433, 239912528, 0
1808521, 241662628, 0
1992397, 243178613, 0
1300617, 244679637, 0
2206774, 245624128, 0
1137114, 246578878, 0
2340998, 248618813, 0
2403917, 251390923, 0
2569145, 254249782, 0
2698135, 257188556, 0
2683023, 259585246, 0
0, 259876423, 0
Waiting for the board to finish...
       c0: 5	c1: 5	c2: 5	c3: 5	c4: 5	c5: 5	c6: 5	c7: 5	c8: 5	c9: 5	c10: 5	c11: 5	c12: 5	c13: 5	c14: 5	
Read data from board
216534, 237543829, 0
1125569, 238231898, 0
813560, 238926496, 0
1693956, 239897575, 0
1807188, 241646660, 0
1986478, 243162291, 0
1298444, 244664623, 0
2207360, 245609143, 0
1133934, 246564235, 0
2339659, 248604937, 0
2402116, 251379826, 0
2569409, 254237897, 0
2696847, 257182977, 0
2681345, 259579312, 0
0, 259869295, 0
Waiting for the board to finish...
       c0: 5	c1: 5	c2: 5	c3: 5	c4: 5	c5: 5	c6: 5	c7: 5	c8: 5	c9: 5	c10: 5	c11: 5	c12: 5	c13: 5	c14: 5	
Read data from board
216534, 237542986, 0
1125383, 238230767, 0
813325, 238925527, 0
1693832, 239897673, 0
1807577, 241645877, 0
1986994, 243161949, 0
1300490, 244664610, 0
2206306, 245609390, 0
1134335, 246563860, 0
2340846, 248605165, 0
2402930, 251381126, 0
2569924, 254239605, 0
2697519, 257182464, 0
2682875, 259592259, 0
0, 259877542, 0
Average:
216677, 237550597, 0
1125461, 238238810, 0
813118, 238933194, 0
1694346, 239904695, 0
1808007, 241653790, 0
1989784, 243169234, 0
1299874, 244671225, 0
2206644, 245615715, 0
1135786, 246570572, 0
2341691, 248610986, 0
2403134, 251385375, 0
2569303, 254243769, 0
2697549, 257186179, 0
2682426, 259588659, 0
0, 259878876, 0
