Host is running ...
size: 64000
Waiting for the board to finish...
       c0: 5	c1: 5	c2: 5	c3: 5	c4: 5	c5: 5	c6: 5	c7: 5	c8: 5	c9: 5	c10: 5	c11: 5	c13: 5	c14: 5	c15: 5	
Read data from board
0, 266514795, 0
8890281, 266519537, 64000
16058224, 266759446, 128000
8399727, 266773487, 64000
8140767, 267978010, 64000
13586049, 267948219, 128000
7873433, 267343153, 64000
7942716, 267053258, 64000
15619421, 268338490, 128000
8366520, 268354020, 64000
7956602, 268818712, 64000
7884310, 269318090, 64000
26023714, 270839443, 255980
13507913, 270742474, 128000
8024009, 269833671, 64000
Waiting for the board to finish...
       c0: 5	c1: 5	c2: 5	c3: 5	c4: 5	c5: 5	c6: 5	c7: 5	c8: 5	c9: 5	c10: 5	c11: 5	c13: 5	c14: 5	c15: 5	
Read data from board
0, 266438547, 0
8891323, 266443238, 64000
16055804, 266683255, 128000
8401141, 266697448, 64000
8138938, 267904230, 64000
13611677, 267874325, 128000
7883149, 267268326, 64000
7942766, 266979095, 64000
15663068, 268264489, 128000
8371462, 268280454, 64000
7958534, 268744810, 64000
7884469, 269241621, 64000
26037574, 270762154, 255980
13508966, 270662269, 128000
8024347, 269756924, 64000
Waiting for the board to finish...
       c0: 5	c1: 5	c2: 5	c3: 5	c4: 5	c5: 5	c6: 5	c7: 5	c8: 5	c9: 5	c10: 5	c11: 5	c13: 5	c14: 5	c15: 5	
Read data from board
0, 266457540, 0
8897976, 266462356, 64000
16060224, 266701357, 128000
8378567, 266715452, 64000
8139929, 267920622, 64000
13612888, 267890854, 128000
7862365, 267284894, 64000
7938750, 266995453, 64000
15643366, 268281010, 128000
8370942, 268297021, 64000
7976794, 268761751, 64000
7896678, 269258748, 64000
26037866, 270773667, 255980
13556328, 270678022, 128000
8063726, 269773868, 64000
Waiting for the board to finish...
       c0: 5	c1: 5	c2: 5	c3: 5	c4: 5	c5: 5	c6: 5	c7: 5	c8: 5	c9: 5	c10: 5	c11: 5	c13: 5	c14: 5	c15: 5	
Read data from board
0, 266436718, 0
8895427, 266442080, 64000
16028857, 266682299, 128000
8367252, 266696723, 64000
8140117, 267901863, 64000
13585154, 267872091, 128000
7863290, 267266845, 64000
7944199, 266977222, 64000
15664477, 268262166, 128000
8365827, 268278088, 64000
7950035, 268742633, 64000
7853409, 269237237, 64000
26037607, 270757237, 255980
13548862, 270657609, 128000
7983072, 269752749, 64000
Waiting for the board to finish...
       c0: 5	c1: 5	c2: 5	c3: 5	c4: 5	c5: 5	c6: 5	c7: 5	c8: 5	c9: 5	c10: 5	c11: 5	c13: 5	c14: 5	c15: 5	
Read data from board
0, 266528139, 0
8896970, 266533587, 64000
16057456, 266773958, 128000
8396613, 266787730, 64000
8137861, 267991768, 64000
13611791, 267961974, 128000
7880922, 267356587, 64000
7941600, 267067162, 64000
15622566, 268352215, 128000
8364183, 268367803, 64000
7963442, 268832681, 64000
7930528, 269331312, 64000
26022869, 270853716, 255980
13558777, 270755410, 128000
8079247, 269848148, 64000
Waiting for the board to finish...
       c0: 5	c1: 5	c2: 5	c3: 5	c4: 5	c5: 5	c6: 5	c7: 5	c8: 5	c9: 5	c10: 5	c11: 5	c13: 5	c14: 5	c15: 5	
Read data from board
0, 266456453, 0
8889973, 266461586, 64000
16058643, 266701390, 128000
8398644, 266715249, 64000
8141059, 267920118, 64000
13614059, 267890216, 128000
7855939, 267284326, 64000
7941416, 266994801, 64000
15633130, 268280378, 128000
8377754, 268295911, 64000
7969284, 268760701, 64000
7853797, 269259109, 64000
26038375, 270779810, 255980
13552387, 270685196, 128000
7986106, 269777257, 64000
Waiting for the board to finish...
       c0: 5	c1: 5	c2: 5	c3: 5	c4: 5	c5: 5	c6: 5	c7: 5	c8: 5	c9: 5	c10: 5	c11: 5	c13: 5	c14: 5	c15: 5	
Read data from board
0, 266397305, 0
8899007, 266402374, 64000
16055801, 266642450, 128000
8379572, 266656438, 64000
8140231, 267861668, 64000
13613408, 267831755, 128000
7862342, 267226043, 64000
7938190, 266936251, 64000
15635336, 268221596, 128000
8346443, 268237670, 64000
7945578, 268702868, 64000
7851355, 269200999, 64000
26038532, 270722115, 255980
13552736, 270624824, 128000
7983670, 269717141, 64000
Waiting for the board to finish...
       c0: 5	c1: 5	c2: 5	c3: 5	c4: 5	c5: 5	c6: 5	c7: 5	c8: 5	c9: 5	c10: 5	c11: 5	c13: 5	c14: 5	c15: 5	
Read data from board
0, 266432040, 0
8887208, 266436360, 64000
16025724, 266676350, 128000
8395727, 266690420, 64000
8139484, 267894969, 64000
13612762, 267865222, 128000
7886109, 267259803, 64000
7944724, 266970475, 64000
15624612, 268255183, 128000
8373599, 268270859, 64000
7980671, 268735681, 64000
7903247, 269233795, 64000
26036081, 270747451, 255980
13556738, 270652418, 128000
8062912, 269750561, 64000
Waiting for the board to finish...
       c0: 5	c1: 5	c2: 5	c3: 5	c4: 5	c5: 5	c6: 5	c7: 5	c8: 5	c9: 5	c10: 5	c11: 5	c13: 5	c14: 5	c15: 5	
Read data from board
0, 266527131, 0
8891444, 266532453, 64000
16027262, 266772540, 128000
8394593, 266786924, 64000
8139379, 267992576, 64000
13609948, 267962704, 128000
7883317, 267357075, 64000
7940073, 267067278, 64000
15631128, 268352682, 128000
8346649, 268368777, 64000
7945692, 268833729, 64000
7851051, 269332022, 64000
26023275, 270850898, 255980
13552784, 270754848, 128000
7981958, 269848620, 64000
Waiting for the board to finish...
       c0: 5	c1: 5	c2: 5	c3: 5	c4: 5	c5: 5	c6: 5	c7: 5	c8: 5	c9: 5	c10: 5	c11: 5	c13: 5	c14: 5	c15: 5	
Read data from board
0, 266438923, 0
8889819, 266443884, 64000
16024845, 266684164, 128000
8366266, 266698536, 64000
8139477, 267904813, 64000
13614632, 267874867, 128000
7862274, 267268519, 64000
7938225, 266978983, 64000
15632137, 268264800, 128000
8361163, 268280454, 64000
7949142, 268745678, 64000
7846324, 269243445, 64000
26036718, 270761121, 255980
13512723, 270667818, 128000
8084016, 269759337, 64000
Average:
0, 266462759, 0
8892942, 266467745, 64000
16045284, 266707720, 128000
8387810, 266721840, 64000
8139724, 267927063, 64000
13607236, 267897222, 128000
7871314, 267291557, 64000
7941265, 267001997, 64000
15636924, 268287300, 128000
8364454, 268303105, 64000
7959577, 268767924, 64000
7875516, 269265637, 64000
26033261, 270784761, 255980
13540821, 270688088, 128000
8027306, 269781827, 64000
