Host is running ...
size: 64000
Waiting for the board to finish...
       c0: 5	c1: 5	c2: 5	c3: 5	c4: 5	c5: 5	c6: 5	c7: 5	c8: 5	c9: 5	c10: 5	c11: 5	c13: 5	c14: 5	c15: 5	
Read data from board
0, 252577941, 0
8268039, 253309823, 64000
16963525, 254126369, 128000
8309476, 255165841, 64000
8115540, 262078735, 64000
14133569, 260963415, 128000
8207063, 258670497, 64000
8245688, 256865089, 64000
16145484, 263309749, 128000
8054899, 264640123, 64000
8118146, 267996209, 64000
8022779, 271103512, 64000
26087771, 278831271, 255980
13577970, 278123493, 128000
8057495, 274306103, 64000
Waiting for the board to finish...
       c0: 5	c1: 5	c2: 5	c3: 5	c4: 5	c5: 5	c6: 5	c7: 5	c8: 5	c9: 5	c10: 5	c11: 5	c13: 5	c14: 5	c15: 5	
Read data from board
0, 252578443, 0
8275049, 253311479, 64000
16871520, 254127234, 128000
8310413, 255168032, 64000
8115832, 262082286, 64000
14151485, 260967615, 128000
8216146, 258674490, 64000
8243043, 256869477, 64000
16092040, 263312992, 128000
8047886, 264644224, 64000
8118371, 268000560, 64000
8002226, 271112375, 64000
26089515, 278846397, 255980
13614733, 278142335, 128000
8022324, 274317274, 64000
Waiting for the board to finish...
       c0: 5	c1: 5	c2: 5	c3: 5	c4: 5	c5: 5	c6: 5	c7: 5	c8: 5	c9: 5	c10: 5	c11: 5	c13: 5	c14: 5	c15: 5	
Read data from board
0, 252643971, 0
8272938, 253376521, 64000
16978679, 254194434, 128000
8301346, 255234432, 64000
8116441, 262143074, 64000
14153403, 261027478, 128000
8199192, 258735056, 64000
8248632, 256929761, 64000
16117665, 263374461, 128000
8030447, 264705141, 64000
8120230, 268061784, 64000
7995943, 271172739, 64000
26086843, 278902580, 255980
13580717, 278195367, 128000
8130369, 274373685, 64000
Waiting for the board to finish...
       c0: 5	c1: 5	c2: 5	c3: 5	c4: 5	c5: 5	c6: 5	c7: 5	c8: 5	c9: 5	c10: 5	c11: 5	c13: 5	c14: 5	c15: 5	
Read data from board
0, 252624504, 0
8274042, 253356356, 64000
16982460, 254174474, 128000
8312775, 255212880, 64000
8113989, 262120116, 64000
14152666, 261005457, 128000
8214194, 258712388, 64000
8244274, 256906790, 64000
16068968, 263350586, 128000
8029213, 264681287, 64000
8118801, 268036967, 64000
7996665, 271141605, 64000
26089015, 278862177, 255980
13581274, 278158458, 128000
8132221, 274340329, 64000
Waiting for the board to finish...
       c0: 5	c1: 5	c2: 5	c3: 5	c4: 5	c5: 5	c6: 5	c7: 5	c8: 5	c9: 5	c10: 5	c11: 5	c13: 5	c14: 5	c15: 5	
Read data from board
0, 252597795, 0
8275672, 253329295, 64000
16887688, 254147509, 128000
8308676, 255188944, 64000
8114476, 262101726, 64000
14152723, 260986525, 128000
8213834, 258693045, 64000
8243445, 256887817, 64000
16082678, 263332263, 128000
8039772, 264663158, 64000
8132897, 268021849, 64000
8004192, 271125899, 64000
26086505, 278843271, 255980
13574152, 278142921, 128000
8034466, 274328331, 64000
Waiting for the board to finish...
       c0: 5	c1: 5	c2: 5	c3: 5	c4: 5	c5: 5	c6: 5	c7: 5	c8: 5	c9: 5	c10: 5	c11: 5	c13: 5	c14: 5	c15: 5	
Read data from board
0, 252591661, 0
8275359, 253323563, 64000
16885773, 254139808, 128000
8311413, 255180307, 64000
8113488, 262086677, 64000
14134194, 260972011, 128000
8205426, 258679816, 64000
8243697, 256874444, 64000
16068791, 263317359, 128000
8031319, 264647609, 64000
8120183, 268004881, 64000
8001740, 271116416, 64000
26088307, 278853472, 255980
13613730, 278147718, 128000
8023132, 274318812, 64000
Waiting for the board to finish...
       c0: 5	c1: 5	c2: 5	c3: 5	c4: 5	c5: 5	c6: 5	c7: 5	c8: 5	c9: 5	c10: 5	c11: 5	c13: 5	c14: 5	c15: 5	
Read data from board
0, 252577507, 0
8276020, 253309040, 64000
16874456, 254127511, 128000
8310192, 255168831, 64000
8116249, 262079586, 64000
14133677, 260964425, 128000
8208153, 258671639, 64000
8247397, 256864947, 64000
16121054, 263310522, 128000
8031177, 264641260, 64000
8121254, 267996749, 64000
8000145, 271106126, 64000
26089075, 278823077, 255980
13614488, 278120182, 128000
8019277, 274308778, 64000
Waiting for the board to finish...
       c0: 5	c1: 5	c2: 5	c3: 5	c4: 5	c5: 5	c6: 5	c7: 5	c8: 5	c9: 5	c10: 5	c11: 5	c13: 5	c14: 5	c15: 5	
Read data from board
0, 252631267, 0
8269327, 253363109, 64000
16869971, 254178383, 128000
8306788, 255219768, 64000
8118404, 262127288, 64000
14133512, 261012343, 128000
8205134, 258719575, 64000
8246272, 256914035, 64000
16163632, 263357217, 128000
8053001, 264687599, 64000
8115496, 268045951, 64000
8001236, 271157466, 64000
26089130, 278876634, 255980
13613025, 278176271, 128000
8023697, 274359349, 64000
Waiting for the board to finish...
       c0: 5	c1: 5	c2: 5	c3: 5	c4: 5	c5: 5	c6: 5	c7: 5	c8: 5	c9: 5	c10: 5	c11: 5	c13: 5	c14: 5	c15: 5	
Read data from board
0, 252622242, 0
8267593, 253353905, 64000
16874725, 254169646, 128000
8315400, 255205816, 64000
8112251, 262114942, 64000
14132488, 261000598, 128000
8201798, 258708013, 64000
8250992, 256903529, 64000
16069971, 263346442, 128000
8028554, 264676521, 64000
8119705, 268033374, 64000
7995445, 271140353, 64000
26090472, 278871972, 255980
13580104, 278166311, 128000
8132676, 274342442, 64000
Waiting for the board to finish...
       c0: 5	c1: 5	c2: 5	c3: 5	c4: 5	c5: 5	c6: 5	c7: 5	c8: 5	c9: 5	c10: 5	c11: 5	c13: 5	c14: 5	c15: 5	
Read data from board
0, 252607595, 0
8273988, 253339409, 64000
16870276, 254156341, 128000
8310051, 255192607, 64000
8116511, 262103981, 64000
14135273, 260989689, 128000
8209926, 258696299, 64000
8244871, 256891037, 64000
16096834, 263335015, 128000
8050089, 264665023, 64000
8129869, 268020501, 64000
8036083, 271134797, 64000
26090754, 278863793, 255980
13617327, 278157495, 128000
8124009, 274333823, 64000
Average:
0, 252605292, 0
8272802, 253337250, 64000
16905907, 254154170, 128000
8309653, 255193745, 64000
8115318, 262103841, 64000
14141299, 260988955, 128000
8208086, 258696081, 64000
8245831, 256890692, 64000
16102711, 263334660, 128000
8039635, 264665194, 64000
8121495, 268021882, 64000
8005645, 271131128, 64000
26088738, 278857464, 255980
13596752, 278153055, 128000
8069966, 274332892, 64000
