Host is running ...
size: 64000
Waiting for the board to finish...
       c0: 5	c1: 5	c2: 5	c3: 5	c4: 5	c5: 5	c6: 5	c7: 5	c8: 5	c9: 5	c10: 5	c11: 5	c13: 5	c14: 5	c15: 5	
Read data from board
0, 59200342, 0
11536602, 59541136, 64000
24892306, 59542160, 128000
34049660, 59543948, 64000
13035085, 59609363, 64000
22753219, 59569661, 128000
35927477, 59549420, 64000
33752687, 59547981, 64000
24144737, 59612128, 128000
33694112, 59788477, 64000
28818942, 60606833, 64000
25302565, 61392495, 64000
29535744, 63037112, 250000
15485468, 62980881, 128000
21670887, 62216643, 64000
Waiting for the board to finish...
       c0: 5	c1: 5	c2: 5	c3: 5	c4: 5	c5: 5	c6: 5	c7: 5	c8: 5	c9: 5	c10: 5	c11: 5	c13: 5	c14: 5	c15: 5	
Read data from board
0, 59203222, 0
11537190, 59544488, 64000
24896535, 59545504, 128000
34053152, 59547286, 64000
13034744, 59612177, 64000
22758266, 59572961, 128000
35931609, 59552716, 64000
33753683, 59551310, 64000
24129018, 59614926, 128000
33966616, 59744502, 64000
29138524, 60564234, 64000
25748547, 61351018, 64000
30420999, 62988372, 250000
15455295, 62939798, 128000
22230447, 62176793, 64000
Waiting for the board to finish...
       c0: 5	c1: 5	c2: 5	c3: 5	c4: 5	c5: 5	c6: 5	c7: 5	c8: 5	c9: 5	c10: 5	c11: 5	c13: 5	c14: 5	c15: 5	
Read data from board
0, 59202406, 0
11537040, 59543975, 64000
24898779, 59544995, 128000
34052928, 59546772, 64000
13036387, 59611342, 64000
22754768, 59572453, 128000
35933108, 59552258, 64000
33756076, 59550826, 64000
24123536, 59614125, 128000
34012917, 59736185, 64000
29179658, 60556594, 64000
25821397, 61343787, 64000
30411809, 62981179, 250000
15452216, 62932801, 128000
22297996, 62169796, 64000
Waiting for the board to finish...
       c0: 5	c1: 5	c2: 5	c3: 5	c4: 5	c5: 5	c6: 5	c7: 5	c8: 5	c9: 5	c10: 5	c11: 5	c13: 5	c14: 5	c15: 5	
Read data from board
0, 59201926, 0
11535995, 59543693, 64000
24897537, 59544722, 128000
34051487, 59546499, 64000
13036213, 59610950, 64000
22756448, 59572131, 128000
35930065, 59551954, 64000
33754731, 59550525, 64000
24130184, 59613713, 128000
33914100, 59751555, 64000
29094593, 60571481, 64000
25721158, 61358659, 64000
30429262, 62996082, 250000
15458682, 62947695, 128000
22201336, 62184564, 64000
Waiting for the board to finish...
       c0: 5	c1: 5	c2: 5	c3: 5	c4: 5	c5: 5	c6: 5	c7: 5	c8: 5	c9: 5	c10: 5	c11: 5	c13: 5	c14: 5	c15: 5	
Read data from board
0, 59200665, 0
11536031, 59541657, 64000
24900520, 59542660, 128000
34050144, 59544416, 64000
13034277, 59609621, 64000
22755455, 59570125, 128000
35929889, 59549853, 64000
33752125, 59548445, 64000
24124008, 59612377, 128000
33947895, 59745113, 64000
29142298, 60564761, 64000
25779893, 61351737, 64000
30421458, 62989468, 250000
15456713, 62941236, 128000
22260321, 62178000, 64000
Waiting for the board to finish...
       c0: 5	c1: 5	c2: 5	c3: 5	c4: 5	c5: 5	c6: 5	c7: 5	c8: 5	c9: 5	c10: 5	c11: 5	c13: 5	c14: 5	c15: 5	
Read data from board
0, 59203185, 0
11536289, 59545254, 64000
24899265, 59546296, 128000
34054317, 59548074, 64000
13037040, 59612407, 64000
22759571, 59573796, 128000
35928024, 59553580, 64000
33755258, 59552083, 64000
24124695, 59615169, 128000
34010187, 59735791, 64000
29189482, 60555165, 64000
25830661, 61342317, 64000
30412020, 62979753, 250000
15448922, 62931340, 128000
22307435, 62168344, 64000
Waiting for the board to finish...
       c0: 5	c1: 5	c2: 5	c3: 5	c4: 5	c5: 5	c6: 5	c7: 5	c8: 5	c9: 5	c10: 5	c11: 5	c13: 5	c14: 5	c15: 5	
Read data from board
0, 59202478, 0
11536619, 59543319, 64000
24896818, 59544372, 128000
34052888, 59546152, 64000
13035879, 59611435, 64000
22757256, 59571859, 128000
35931965, 59551642, 64000
33753909, 59550227, 64000
24124873, 59614252, 128000
33938993, 59750076, 64000
29122585, 60571116, 64000
25770024, 61357908, 64000
30431094, 62995220, 250000
15454220, 62946754, 128000
22249943, 62183620, 64000
Waiting for the board to finish...
       c0: 5	c1: 5	c2: 5	c3: 5	c4: 5	c5: 5	c6: 5	c7: 5	c8: 5	c9: 5	c10: 5	c11: 5	c13: 5	c14: 5	c15: 5	
Read data from board
0, 59202429, 0
11536807, 59543770, 64000
24895860, 59544787, 128000
34053054, 59546576, 64000
13037380, 59611441, 64000
22757820, 59572245, 128000
35928798, 59551994, 64000
33753382, 59550594, 64000
24125648, 59614225, 128000
33973661, 59742600, 64000
29150183, 60562968, 64000
25756738, 61349834, 64000
30419040, 62986644, 250000
15454521, 62938239, 128000
22246041, 62175186, 64000
Waiting for the board to finish...
       c0: 5	c1: 5	c2: 5	c3: 5	c4: 5	c5: 5	c6: 5	c7: 5	c8: 5	c9: 5	c10: 5	c11: 5	c13: 5	c14: 5	c15: 5	
Read data from board
0, 59203657, 0
11537046, 59545030, 64000
24897443, 59546066, 128000
34052817, 59547850, 64000
13038252, 59612733, 64000
22759198, 59573588, 128000
35927962, 59553344, 64000
33755893, 59551853, 64000
24130319, 59615507, 128000
33955884, 59746496, 64000
29134509, 60566172, 64000
25726136, 61353294, 64000
30421381, 62990874, 250000
15457170, 62942224, 128000
22198474, 62179274, 64000
Waiting for the board to finish...
       c0: 5	c1: 5	c2: 5	c3: 5	c4: 5	c5: 5	c6: 5	c7: 5	c8: 5	c9: 5	c10: 5	c11: 5	c13: 5	c14: 5	c15: 5	
Read data from board
0, 59204969, 0
11536946, 59546530, 64000
24902056, 59547577, 128000
34053418, 59549345, 64000
13040684, 59613889, 64000
22757963, 59575032, 128000
35932936, 59554799, 64000
33758889, 59553369, 64000
24127850, 59616647, 128000
33971947, 59745144, 64000
29148777, 60564158, 64000
25762766, 61351146, 64000
30421446, 62988949, 250000
15455023, 62940547, 128000
22240750, 62177411, 64000
Average:
0, 59202527, 0
11536656, 59543885, 64000
24897711, 59544913, 128000
34052386, 59546691, 64000
13036594, 59611535, 64000
22756996, 59572385, 128000
35930183, 59552156, 64000
33754663, 59550721, 64000
24128486, 59614306, 128000
33938631, 59748593, 64000
29111955, 60568348, 64000
25721988, 61355219, 64000
30332425, 62993365, 250000
15457823, 62944151, 128000
22190363, 62180963, 64000
