Host is running ...
size: 64000
Waiting for the board to finish...
       c0: 5	c1: 5	c2: 5	c3: 5	c4: 5	c5: 5	c6: 5	c7: 5	c8: 5	c9: 5	c10: 5	c11: 5	c13: 5	c14: 5	c15: 5	
Read data from board
0, 69015205, 0
10662528, 69174512, 64000
23932501, 69276256, 128000
24121768, 69473169, 64000
13668774, 70589600, 64000
18435288, 70479923, 128000
13359110, 70175750, 64000
13344443, 69813354, 64000
24849299, 70749519, 128000
24297775, 70938282, 64000
14098366, 71290312, 64000
14139233, 71644749, 64000
38896187, 72267573, 250000
19328622, 72224705, 128000
14109529, 71968164, 64000
Waiting for the board to finish...
       c0: 5	c1: 5	c2: 5	c3: 5	c4: 5	c5: 5	c6: 5	c7: 5	c8: 5	c9: 5	c10: 5	c11: 5	c13: 5	c14: 5	c15: 5	
Read data from board
0, 68838963, 0
10661947, 68997646, 64000
23907778, 69100076, 128000
24092597, 69294701, 64000
13648185, 70407926, 64000
18417906, 70298314, 128000
13351030, 69995289, 64000
13335900, 69634212, 64000
24822533, 70566331, 128000
24285975, 70755346, 64000
14092423, 71105950, 64000
14120664, 71458952, 64000
39646174, 72079905, 250000
19326902, 72037027, 128000
14110343, 71781718, 64000
Waiting for the board to finish...
       c0: 5	c1: 5	c2: 5	c3: 5	c4: 5	c5: 5	c6: 5	c7: 5	c8: 5	c9: 5	c10: 5	c11: 5	c13: 5	c14: 5	c15: 5	
Read data from board
0, 68840038, 0
10693755, 68997157, 64000
24000439, 69099839, 128000
24093157, 69296058, 64000
13647067, 70408226, 64000
18420555, 70298672, 128000
13349987, 69995308, 64000
13332819, 69634703, 64000
24820668, 70566706, 128000
24282691, 70755659, 64000
14087200, 71106229, 64000
14122804, 71459294, 64000
39646497, 72080205, 250000
19326975, 72037325, 128000
14110137, 71782044, 64000
Waiting for the board to finish...
       c0: 5	c1: 5	c2: 5	c3: 5	c4: 5	c5: 5	c6: 5	c7: 5	c8: 5	c9: 5	c10: 5	c11: 5	c13: 5	c14: 5	c15: 5	
Read data from board
0, 68841365, 0
10671184, 68998010, 64000
23929161, 69100097, 128000
24085882, 69296329, 64000
13641275, 70409590, 64000
18420031, 70299487, 128000
13350184, 69996147, 64000
13337527, 69635321, 64000
24815676, 70568037, 128000
24286250, 70756613, 64000
14090012, 71107361, 64000
14120053, 71460404, 64000
39647725, 72081373, 250000
19327550, 72038498, 128000
14112085, 71783156, 64000
Waiting for the board to finish...
       c0: 5	c1: 5	c2: 5	c3: 5	c4: 5	c5: 5	c6: 5	c7: 5	c8: 5	c9: 5	c10: 5	c11: 5	c13: 5	c14: 5	c15: 5	
Read data from board
0, 68840799, 0
10679261, 68997334, 64000
23955898, 69099393, 128000
24089551, 69296842, 64000
13637643, 70408626, 64000
18418534, 70299234, 128000
13350248, 69995588, 64000
13332410, 69635485, 64000
24812195, 70566935, 128000
24287931, 70756101, 64000
14091108, 71106735, 64000
14120261, 71459809, 64000
39647069, 72080796, 250000
19327557, 72037928, 128000
14112583, 71782594, 64000
Waiting for the board to finish...
       c0: 5	c1: 5	c2: 5	c3: 5	c4: 5	c5: 5	c6: 5	c7: 5	c8: 5	c9: 5	c10: 5	c11: 5	c13: 5	c14: 5	c15: 5	
Read data from board
0, 68840103, 0
10679730, 68997366, 64000
23960491, 69099287, 128000
24094586, 69296213, 64000
13636437, 70408194, 64000
18418073, 70299208, 128000
13350762, 69995152, 64000
13333742, 69635271, 64000
24810061, 70567506, 128000
24286544, 70755733, 64000
14089729, 71106305, 64000
14119492, 71459414, 64000
39646676, 72080361, 250000
19327546, 72037491, 128000
14112521, 71782177, 64000
Waiting for the board to finish...
       c0: 5	c1: 5	c2: 5	c3: 5	c4: 5	c5: 5	c6: 5	c7: 5	c8: 5	c9: 5	c10: 5	c11: 5	c13: 5	c14: 5	c15: 5	
Read data from board
0, 68839114, 0
10661752, 68996640, 64000
23919739, 69099256, 128000
24103799, 69295547, 64000
13644826, 70407787, 64000
18419835, 70298507, 128000
13350323, 69995150, 64000
13333477, 69634671, 64000
24819128, 70566684, 128000
24283854, 70755324, 64000
14084670, 71105967, 64000
14121194, 71459014, 64000
39646437, 72079909, 250000
19326963, 72037033, 128000
14110656, 71781742, 64000
Waiting for the board to finish...
       c0: 5	c1: 5	c2: 5	c3: 5	c4: 5	c5: 5	c6: 5	c7: 5	c8: 5	c9: 5	c10: 5	c11: 5	c13: 5	c14: 5	c15: 5	
Read data from board
0, 68840833, 0
10687569, 68996254, 64000
23988849, 69099546, 128000
24099446, 69296306, 64000
13639509, 70408881, 64000
18417823, 70298553, 128000
13350414, 69996049, 64000
13328469, 69634584, 64000
24814734, 70566499, 128000
24287695, 70755775, 64000
14097987, 71106292, 64000
14117589, 71459347, 64000
39646599, 72080295, 250000
19327387, 72037415, 128000
14112083, 71782073, 64000
Waiting for the board to finish...
       c0: 5	c1: 5	c2: 5	c3: 5	c4: 5	c5: 5	c6: 5	c7: 5	c8: 5	c9: 5	c10: 5	c11: 5	c13: 5	c14: 5	c15: 5	
Read data from board
0, 68840385, 0
10686678, 68997861, 64000
23977413, 69099878, 128000
24094145, 69296509, 64000
13637198, 70408733, 64000
18417259, 70298848, 128000
13351957, 69995750, 64000
13329982, 69635423, 64000
24812483, 70567938, 128000
24288304, 70756078, 64000
14091862, 71106622, 64000
14119546, 71459743, 64000
39646997, 72080632, 250000
19327537, 72037754, 128000
14111402, 71782465, 64000
Waiting for the board to finish...
       c0: 5	c1: 5	c2: 5	c3: 5	c4: 5	c5: 5	c6: 5	c7: 5	c8: 5	c9: 5	c10: 5	c11: 5	c13: 5	c14: 5	c15: 5	
Read data from board
0, 68840153, 0
10675622, 68997637, 64000
23950373, 69099643, 128000
24095350, 69296241, 64000
13642418, 70408436, 64000
18417675, 70298705, 128000
13350999, 69996148, 64000
13334366, 69634209, 64000
24817771, 70567246, 128000
24286131, 70755827, 64000
14085429, 71106484, 64000
14121780, 71459487, 64000
39646805, 72080400, 250000
19327135, 72037541, 128000
14110613, 71782198, 64000
Average:
0, 68857695, 0
10676002, 69015041, 64000
23952264, 69117327, 128000
24097028, 69313791, 64000
13644333, 70426599, 64000
18420297, 70316945, 128000
13351501, 70013633, 64000
13334313, 69652723, 64000
24819454, 70585340, 128000
24287315, 70774073, 64000
14090878, 71124825, 64000
14122261, 71478021, 64000
39571716, 72099144, 250000
19327417, 72056271, 128000
14111195, 71800833, 64000
