Host is running ...
size: 64000
Waiting for the board to finish...
       c0: 5	c1: 5	c2: 5	c3: 5	c4: 5	c5: 5	c6: 5	c7: 5	c8: 5	c9: 5	c10: 5	c11: 5	c13: 5	c14: 5	c15: 5	
Read data from board
0, 276366960, 0
7008148, 276532941, 64000
14076906, 276552045, 128000
6946106, 276789378, 64000
7384658, 277933139, 64000
13131590, 277639554, 128000
7208762, 277330177, 64000
7137370, 277055820, 64000
14099910, 277953909, 128000
6949062, 278325070, 64000
7160332, 278778337, 64000
7212864, 279265400, 64000
25208692, 280241580, 255980
13102748, 280192358, 128000
7214857, 279775868, 64000
Waiting for the board to finish...
       c0: 5	c1: 5	c2: 5	c3: 5	c4: 5	c5: 5	c6: 5	c7: 5	c8: 5	c9: 5	c10: 5	c11: 5	c13: 5	c14: 5	c15: 5	
Read data from board
0, 276393140, 0
7008974, 276561441, 64000
14076805, 276580515, 128000
6946158, 276816034, 64000
7385634, 277960880, 64000
13131725, 277667441, 128000
7208562, 277357187, 64000
7137096, 277081977, 64000
14099758, 277981702, 128000
6948804, 278353133, 64000
7161304, 278804738, 64000
7212959, 279291263, 64000
25209790, 280272610, 255980
13102512, 280225061, 128000
7214718, 279801873, 64000
Waiting for the board to finish...
       c0: 5	c1: 5	c2: 5	c3: 5	c4: 5	c5: 5	c6: 5	c7: 5	c8: 5	c9: 5	c10: 5	c11: 5	c13: 5	c14: 5	c15: 5	
Read data from board
0, 276376877, 0
7008815, 276545737, 64000
14076671, 276564830, 128000
6946034, 276802718, 64000
7385459, 277945559, 64000
13131498, 277652210, 128000
7208424, 277342787, 64000
7137926, 277068470, 64000
14099912, 277966357, 128000
6948961, 278338624, 64000
7160839, 278790792, 64000
7212871, 279275995, 64000
25209744, 280252982, 255980
13102484, 280204498, 128000
7214839, 279785730, 64000
Waiting for the board to finish...
       c0: 5	c1: 5	c2: 5	c3: 5	c4: 5	c5: 5	c6: 5	c7: 5	c8: 5	c9: 5	c10: 5	c11: 5	c13: 5	c14: 5	c15: 5	
Read data from board
0, 276378770, 0
7008015, 276545815, 64000
14077463, 276564894, 128000
6946190, 276802115, 64000
7384707, 277946738, 64000
13132045, 277652864, 128000
7208620, 277343793, 64000
7137752, 277068532, 64000
14100202, 277967539, 128000
6948995, 278339289, 64000
7160657, 278791673, 64000
7212779, 279279086, 64000
25209143, 280252386, 255980
13102871, 280204397, 128000
7214979, 279788761, 64000
Waiting for the board to finish...
       c0: 5	c1: 5	c2: 5	c3: 5	c4: 5	c5: 5	c6: 5	c7: 5	c8: 5	c9: 5	c10: 5	c11: 5	c13: 5	c14: 5	c15: 5	
Read data from board
0, 276374777, 0
7008971, 276542556, 64000
14076903, 276561539, 128000
6946085, 276798356, 64000
7383305, 277942258, 64000
13130886, 277648985, 128000
7208684, 277338367, 64000
7137633, 277063342, 64000
14099972, 277963031, 128000
6948899, 278335087, 64000
7160648, 278786612, 64000
7212643, 279272738, 64000
25209923, 280250482, 255980
13102400, 280198718, 128000
7214925, 279782591, 64000
Waiting for the board to finish...
       c0: 5	c1: 5	c2: 5	c3: 5	c4: 5	c5: 5	c6: 5	c7: 5	c8: 5	c9: 5	c10: 5	c11: 5	c13: 5	c14: 5	c15: 5	
Read data from board
0, 276376003, 0
7008207, 276544008, 64000
14077354, 276562912, 128000
6946069, 276799287, 64000
7385261, 277942854, 64000
13130689, 277648113, 128000
7208562, 277339252, 64000
7137699, 277064391, 64000
14100271, 277963642, 128000
6949023, 278334220, 64000
7161255, 278785927, 64000
7212963, 279274292, 64000
25209522, 280252345, 255980
13102648, 280202029, 128000
7214936, 279784445, 64000
Waiting for the board to finish...
       c0: 5	c1: 5	c2: 5	c3: 5	c4: 5	c5: 5	c6: 5	c7: 5	c8: 5	c9: 5	c10: 5	c11: 5	c13: 5	c14: 5	c15: 5	
Read data from board
0, 276363341, 0
7008639, 276529818, 64000
14076857, 276548734, 128000
6946198, 276787256, 64000
7385624, 277931752, 64000
13131155, 277637936, 128000
7208551, 277327112, 64000
7137007, 277053283, 64000
14099701, 277952487, 128000
6948932, 278324642, 64000
7161157, 278776413, 64000
7212811, 279266318, 64000
25209333, 280245011, 255980
13102578, 280196980, 128000
7214942, 279776503, 64000
Waiting for the board to finish...
       c0: 5	c1: 5	c2: 5	c3: 5	c4: 5	c5: 5	c6: 5	c7: 5	c8: 5	c9: 5	c10: 5	c11: 5	c13: 5	c14: 5	c15: 5	
Read data from board
0, 276384056, 0
7008857, 276551237, 64000
14076903, 276570313, 128000
6946047, 276808874, 64000
7384302, 277952904, 64000
13131139, 277658471, 128000
7208551, 277349108, 64000
7137387, 277075651, 64000
14099308, 277973732, 128000
6948947, 278344701, 64000
7160891, 278797253, 64000
7212526, 279281770, 64000
25209163, 280257708, 255980
13103093, 280206372, 128000
7214900, 279791255, 64000
Waiting for the board to finish...
       c0: 5	c1: 5	c2: 5	c3: 5	c4: 5	c5: 5	c6: 5	c7: 5	c8: 5	c9: 5	c10: 5	c11: 5	c13: 5	c14: 5	c15: 5	
Read data from board
0, 276353467, 0
7008580, 276520525, 64000
14076820, 276539610, 128000
6946069, 276777307, 64000
7383980, 277919345, 64000
13131777, 277626516, 128000
7208658, 277316936, 64000
7137122, 277041986, 64000
14099671, 277940153, 128000
6948882, 278312806, 64000
7160922, 278765068, 64000
7212817, 279249843, 64000
25207699, 280222932, 255980
13102000, 280174475, 128000
7214715, 279759202, 64000
Waiting for the board to finish...
       c0: 5	c1: 5	c2: 5	c3: 5	c4: 5	c5: 5	c6: 5	c7: 5	c8: 5	c9: 5	c10: 5	c11: 5	c13: 5	c14: 5	c15: 5	
Read data from board
0, 276383908, 0
7008520, 276551113, 64000
14076941, 276570131, 128000
6945969, 276806698, 64000
7383035, 277953002, 64000
13131839, 277658685, 128000
7208622, 277349351, 64000
7135984, 277074174, 64000
14099811, 277973715, 128000
6948852, 278344543, 64000
7160645, 278798712, 64000
7213002, 279282165, 64000
25208680, 280254798, 255980
13102397, 280207875, 128000
7214886, 279791852, 64000
Average:
0, 276375129, 0
7008572, 276542519, 64000
14076962, 276561552, 128000
6946092, 276798802, 64000
7384596, 277942843, 64000
13131434, 277649077, 128000
7208599, 277339407, 64000
7137297, 277064762, 64000
14099851, 277963626, 128000
6948935, 278335211, 64000
7160865, 278787552, 64000
7212823, 279273887, 64000
25209168, 280250283, 255980
13102573, 280201276, 128000
7214869, 279783808, 64000
