Host is running ...
size: 64000
Waiting for the board to finish...
       c0: 5	c1: 5	c2: 5	c3: 5	c4: 5	c5: 5	c6: 5	c7: 5	c8: 5	c9: 5	c10: 5	c11: 5	c13: 5	c14: 5	c15: 5	
Read data from board
0, 63830412, 0
10073260, 64082405, 64000
22373404, 64341050, 128000
24004745, 64665950, 64000
12372482, 66791611, 64000
18244292, 66528216, 128000
14534079, 65967242, 64000
14590965, 65330260, 64000
24323498, 67050670, 128000
24425458, 67391953, 64000
14902069, 68035590, 64000
14624799, 68688740, 64000
36498384, 69842454, 250000
19866766, 69756433, 128000
15252509, 69339702, 64000
Waiting for the board to finish...
       c0: 5	c1: 5	c2: 5	c3: 5	c4: 5	c5: 5	c6: 5	c7: 5	c8: 5	c9: 5	c10: 5	c11: 5	c13: 5	c14: 5	c15: 5	
Read data from board
0, 63514642, 0
10073299, 63766546, 64000
22377889, 64023955, 128000
23986294, 64346673, 64000
12367241, 66457824, 64000
18231128, 66194517, 128000
14529449, 65639390, 64000
14580306, 65005389, 64000
24288420, 66715585, 128000
24419321, 67054140, 64000
14864626, 67692929, 64000
14616184, 68341635, 64000
37084497, 69487287, 250000
19866367, 69401827, 128000
15252717, 68988088, 64000
Waiting for the board to finish...
       c0: 5	c1: 5	c2: 5	c3: 5	c4: 5	c5: 5	c6: 5	c7: 5	c8: 5	c9: 5	c10: 5	c11: 5	c13: 5	c14: 5	c15: 5	
Read data from board
0, 63512780, 0
10073430, 63766228, 64000
22376808, 64024008, 128000
23987532, 64346216, 64000
12366934, 66456377, 64000
18231688, 66192744, 128000
14528260, 65639055, 64000
14583912, 65004916, 64000
24288412, 66713441, 128000
24419824, 67052276, 64000
14863611, 67691294, 64000
14615775, 68340034, 64000
37082872, 69485747, 250000
19864508, 69400305, 128000
15258571, 68986534, 64000
Waiting for the board to finish...
       c0: 5	c1: 5	c2: 5	c3: 5	c4: 5	c5: 5	c6: 5	c7: 5	c8: 5	c9: 5	c10: 5	c11: 5	c13: 5	c14: 5	c15: 5	
Read data from board
0, 63510738, 0
10073361, 63763263, 64000
22376847, 64021364, 128000
23983633, 64344047, 64000
12367239, 66454028, 64000
18232000, 66190816, 128000
14524307, 65636572, 64000
14587436, 65002942, 64000
24288081, 66711459, 128000
24419952, 67050932, 64000
14861499, 67689274, 64000
14616299, 68337967, 64000
37080952, 69483698, 250000
19862859, 69398252, 128000
15259751, 68984493, 64000
Waiting for the board to finish...
       c0: 5	c1: 5	c2: 5	c3: 5	c4: 5	c5: 5	c6: 5	c7: 5	c8: 5	c9: 5	c10: 5	c11: 5	c13: 5	c14: 5	c15: 5	
Read data from board
0, 63514394, 0
10073746, 63767489, 64000
22376502, 64025569, 128000
23983863, 64347406, 64000
12367209, 66458443, 64000
18232148, 66195149, 128000
14523317, 65640974, 64000
14584769, 65006719, 64000
24288546, 66715464, 128000
24420094, 67054463, 64000
14864181, 67693561, 64000
14616422, 68342282, 64000
37085027, 69488022, 250000
19866815, 69402575, 128000
15257692, 68988801, 64000
Waiting for the board to finish...
       c0: 5	c1: 5	c2: 5	c3: 5	c4: 5	c5: 5	c6: 5	c7: 5	c8: 5	c9: 5	c10: 5	c11: 5	c13: 5	c14: 5	c15: 5	
Read data from board
0, 63514926, 0
10073408, 63768230, 64000
22376532, 64025310, 128000
23983930, 64346903, 64000
12367494, 66459060, 64000
18232032, 66195559, 128000
14526050, 65640913, 64000
14584600, 65006515, 64000
24288573, 66716105, 128000
24419010, 67055505, 64000
14865253, 67694131, 64000
14616290, 68342808, 64000
37085623, 69488546, 250000
19867642, 69403110, 128000
15260107, 68989328, 64000
Waiting for the board to finish...
       c0: 5	c1: 5	c2: 5	c3: 5	c4: 5	c5: 5	c6: 5	c7: 5	c8: 5	c9: 5	c10: 5	c11: 5	c13: 5	c14: 5	c15: 5	
Read data from board
0, 63516221, 0
10073243, 63768910, 64000
22376046, 64027337, 128000
23983598, 64348667, 64000
12367198, 66461601, 64000
18231978, 66197817, 128000
14524029, 65642292, 64000
14584314, 65008355, 64000
24288500, 66718589, 128000
24419349, 67058084, 64000
14865531, 67697245, 64000
14616025, 68345355, 64000
37088242, 69491035, 250000
19869789, 69405576, 128000
15259446, 68991803, 64000
Waiting for the board to finish...
       c0: 5	c1: 5	c2: 5	c3: 5	c4: 5	c5: 5	c6: 5	c7: 5	c8: 5	c9: 5	c10: 5	c11: 5	c13: 5	c14: 5	c15: 5	
Read data from board
0, 63512960, 0
10073829, 63767406, 64000
22376791, 64024282, 128000
23984360, 64347461, 64000
12367045, 66457648, 64000
18231686, 66194972, 128000
14526236, 65639133, 64000
14581387, 65005588, 64000
24287887, 66715163, 128000
24419435, 67054548, 64000
14864395, 67693488, 64000
14615771, 68342258, 64000
37085257, 69487970, 250000
19867674, 69402508, 128000
15256941, 68988742, 64000
Waiting for the board to finish...
       c0: 5	c1: 5	c2: 5	c3: 5	c4: 5	c5: 5	c6: 5	c7: 5	c8: 5	c9: 5	c10: 5	c11: 5	c13: 5	c14: 5	c15: 5	
Read data from board
0, 63514745, 0
10072938, 63768466, 64000
22377572, 64026199, 128000
23982567, 64349048, 64000
12367168, 66460165, 64000
18231575, 66196996, 128000
14525654, 65641940, 64000
14584076, 65007849, 64000
24288853, 66717077, 128000
24420562, 67056361, 64000
14862372, 67695343, 64000
14616083, 68344212, 64000
37087005, 69489946, 250000
19869344, 69404483, 128000
15257922, 68990679, 64000
Waiting for the board to finish...
       c0: 5	c1: 5	c2: 5	c3: 5	c4: 5	c5: 5	c6: 5	c7: 5	c8: 5	c9: 5	c10: 5	c11: 5	c13: 5	c14: 5	c15: 5	
Read data from board
0, 63514980, 0
10073709, 63767881, 64000
22377303, 64024784, 128000
23986220, 64347544, 64000
12367316, 66458017, 64000
18231062, 66195075, 128000
14529774, 65640365, 64000
14583537, 65005716, 64000
24289209, 66715531, 128000
24420062, 67054561, 64000
14864771, 67693212, 64000
14615679, 68341573, 64000
37084379, 69487233, 250000
19866267, 69401777, 128000
15254934, 68988034, 64000
Average:
0, 63545679, 0
10073422, 63798682, 64000
22376569, 64056385, 128000
23986674, 64378991, 64000
12367732, 66491477, 64000
18232958, 66228186, 128000
14527115, 65672787, 64000
14584530, 65038424, 64000
24291997, 66748908, 128000
24420306, 67088282, 64000
14867830, 67727606, 64000
14616932, 68376686, 64000
37026223, 69523193, 250000
19866803, 69437684, 128000
15257059, 69023620, 64000
