Host is running ...
size: 64000
Waiting for the board to finish...
       c0: 5	c1: 5	c2: 5	c3: 5	c4: 5	c5: 5	c6: 5	c7: 5	c8: 5	c9: 5	c10: 5	c11: 5	c13: 5	c14: 5	c15: 5	
Read data from board
0, 128178893, 0
8837621, 128230702, 64000
32467026, 128251752, 128000
9818029, 128349344, 64000
20062644, 128725889, 64000
17816707, 128693941, 128000
8937041, 128559716, 64000
9478420, 128461158, 64000
63015458, 128738638, 128000
73826266, 128750705, 64000
73621876, 128767990, 64000
74772105, 128786928, 64000
95608943, 128924547, 250000
47641604, 128921508, 128000
74373269, 128843864, 64000
Waiting for the board to finish...
       c0: 5	c1: 5	c2: 5	c3: 5	c4: 5	c5: 5	c6: 5	c7: 5	c8: 5	c9: 5	c10: 5	c11: 5	c13: 5	c14: 5	c15: 5	
Read data from board
0, 128179209, 0
8837607, 128230917, 64000
32473405, 128251945, 128000
9825058, 128349595, 64000
20062513, 128726098, 64000
17816105, 128694153, 128000
8940050, 128559861, 64000
9481529, 128461202, 64000
63015296, 128738785, 128000
73827714, 128750880, 64000
73622626, 128768161, 64000
74773346, 128787105, 64000
96554929, 128924688, 250000
47716843, 128921641, 128000
74375951, 128843979, 64000
Waiting for the board to finish...
       c0: 5	c1: 5	c2: 5	c3: 5	c4: 5	c5: 5	c6: 5	c7: 5	c8: 5	c9: 5	c10: 5	c11: 5	c13: 5	c14: 5	c15: 5	
Read data from board
0, 128181682, 0
8837988, 128233367, 64000
32465404, 128254405, 128000
9816272, 128352138, 64000
20064583, 128728794, 64000
17818001, 128696843, 128000
8936570, 128562537, 64000
9476544, 128463811, 64000
63018552, 128741501, 128000
73830200, 128753575, 64000
73624226, 128770842, 64000
74776667, 128789759, 64000
96557477, 128927326, 250000
47718828, 128924295, 128000
74379261, 128846639, 64000
Waiting for the board to finish...
       c0: 5	c1: 5	c2: 5	c3: 5	c4: 5	c5: 5	c6: 5	c7: 5	c8: 5	c9: 5	c10: 5	c11: 5	c13: 5	c14: 5	c15: 5	
Read data from board
0, 128175591, 0
8837805, 128227426, 64000
32469641, 128248496, 128000
9821313, 128346109, 64000
20059219, 128722771, 64000
17814114, 128690846, 128000
8939427, 128556467, 64000
9481470, 128457889, 64000
63011894, 128735455, 128000
73825295, 128747509, 64000
73618969, 128764776, 64000
74769964, 128783715, 64000
96551562, 128921373, 250000
47712809, 128918324, 128000
74373012, 128840668, 64000
Waiting for the board to finish...
       c0: 5	c1: 5	c2: 5	c3: 5	c4: 5	c5: 5	c6: 5	c7: 5	c8: 5	c9: 5	c10: 5	c11: 5	c13: 5	c14: 5	c15: 5	
Read data from board
0, 128174821, 0
8837745, 128226787, 64000
32465915, 128247839, 128000
9811297, 128345604, 64000
20060062, 128722190, 64000
17815448, 128690281, 128000
8934123, 128556011, 64000
9471141, 128457330, 64000
63012131, 128734878, 128000
73824288, 128746940, 64000
73617909, 128764211, 64000
74769798, 128783128, 64000
96550854, 128920752, 250000
47712619, 128917693, 128000
74372108, 128840045, 64000
Waiting for the board to finish...
       c0: 5	c1: 5	c2: 5	c3: 5	c4: 5	c5: 5	c6: 5	c7: 5	c8: 5	c9: 5	c10: 5	c11: 5	c13: 5	c14: 5	c15: 5	
Read data from board
0, 128176994, 0
8837896, 128228765, 64000
32470943, 128249818, 128000
9821940, 128347603, 64000
20059297, 128724251, 64000
17813373, 128692283, 128000
8939135, 128557952, 64000
9480566, 128459234, 64000
63014067, 128736994, 128000
73825683, 128749062, 64000
73619705, 128766343, 64000
74771687, 128785266, 64000
96552873, 128922896, 250000
47713905, 128919854, 128000
74374261, 128842212, 64000
Waiting for the board to finish...
       c0: 5	c1: 5	c2: 5	c3: 5	c4: 5	c5: 5	c6: 5	c7: 5	c8: 5	c9: 5	c10: 5	c11: 5	c13: 5	c14: 5	c15: 5	
Read data from board
0, 128171088, 0
8837977, 128222984, 64000
32471395, 128244020, 128000
9820702, 128341633, 64000
20056973, 128718327, 64000
17812080, 128686433, 128000
8937328, 128552125, 64000
9478685, 128453459, 64000
63007862, 128731106, 128000
73819640, 128743201, 64000
73614010, 128760471, 64000
74766597, 128779428, 64000
96547074, 128917049, 250000
47709155, 128914007, 128000
74368472, 128836351, 64000
Waiting for the board to finish...
       c0: 5	c1: 5	c2: 5	c3: 5	c4: 5	c5: 5	c6: 5	c7: 5	c8: 5	c9: 5	c10: 5	c11: 5	c13: 5	c14: 5	c15: 5	
Read data from board
0, 128179033, 0
8837845, 128230726, 64000
32471431, 128251756, 128000
9824081, 128349436, 64000
20062349, 128726023, 64000
17817308, 128694105, 128000
8937889, 128559701, 64000
9479983, 128461073, 64000
63015299, 128738728, 128000
73827429, 128750791, 64000
73622528, 128768074, 64000
74773415, 128786989, 64000
96554659, 128924583, 250000
47716340, 128921534, 128000
74375898, 128843863, 64000
Waiting for the board to finish...
       c0: 5	c1: 5	c2: 5	c3: 5	c4: 5	c5: 5	c6: 5	c7: 5	c8: 5	c9: 5	c10: 5	c11: 5	c13: 5	c14: 5	c15: 5	
Read data from board
0, 128176914, 0
8837274, 128228741, 64000
32468404, 128249803, 128000
9820198, 128347670, 64000
20059807, 128724216, 64000
17814861, 128692297, 128000
8937466, 128557963, 64000
9480884, 128459225, 64000
63013409, 128736943, 128000
73824951, 128749010, 64000
73619929, 128766292, 64000
74771763, 128785245, 64000
96552986, 128922857, 250000
47714359, 128919820, 128000
74374508, 128842172, 64000
Waiting for the board to finish...
       c0: 5	c1: 5	c2: 5	c3: 5	c4: 5	c5: 5	c6: 5	c7: 5	c8: 5	c9: 5	c10: 5	c11: 5	c13: 5	c14: 5	c15: 5	
Read data from board
0, 128179746, 0
8837869, 128231712, 64000
32468148, 128252767, 128000
9820269, 128350433, 64000
20062919, 128727082, 64000
17817895, 128695176, 128000
8937457, 128560799, 64000
9480812, 128462180, 64000
63016591, 128739821, 128000
73829333, 128751886, 64000
73623035, 128769183, 64000
74774585, 128788120, 64000
96555842, 128925713, 250000
47717853, 128922674, 128000
74377932, 128845030, 64000
Average:
0, 128177397, 0
8837762, 128229212, 64000
32469171, 128250260, 128000
9819915, 128347956, 64000
20061036, 128724564, 64000
17815589, 128692635, 128000
8937648, 128558313, 64000
9479003, 128459656, 64000
63014055, 128737284, 128000
73826079, 128749355, 64000
73620481, 128766634, 64000
74771992, 128785568, 64000
96458719, 128923178, 250000
47707431, 128920135, 128000
74374467, 128842482, 64000
