Host is running ...
size: 64000
Waiting for the board to finish...
       c0: 5	c1: 5	c2: 5	c3: 5	c4: 5	c5: 5	c6: 5	c7: 5	c8: 5	c9: 5	c10: 5	c11: 5	c13: 5	c14: 5	c15: 5	
Read data from board
0, 248146477, 0
7930243, 249718672, 64000
15947755, 251222540, 128000
8047104, 253433869, 64000
8044621, 265375789, 64000
14691693, 263371586, 128000
8175101, 260304346, 64000
8253337, 256990935, 64000
16180517, 267327654, 128000
8069276, 271502812, 64000
8338804, 277184822, 64000
8381946, 283369131, 64000
28748346, 294556735, 255980
15106731, 293840139, 128000
8578752, 289601929, 64000
Waiting for the board to finish...
       c0: 5	c1: 5	c2: 5	c3: 5	c4: 5	c5: 5	c6: 5	c7: 5	c8: 5	c9: 5	c10: 5	c11: 5	c13: 5	c14: 5	c15: 5	
Read data from board
0, 248142623, 0
7929113, 249712626, 64000
15946606, 251217678, 128000
8025073, 253430842, 64000
8045663, 265371852, 64000
14690594, 263368286, 128000
8173388, 260297401, 64000
8252806, 256986761, 64000
16175864, 267324329, 128000
8055884, 271500039, 64000
8340221, 277179054, 64000
8387064, 283365792, 64000
28749701, 294556856, 255980
15104212, 293847115, 128000
8582156, 289595258, 64000
Waiting for the board to finish...
       c0: 5	c1: 5	c2: 5	c3: 5	c4: 5	c5: 5	c6: 5	c7: 5	c8: 5	c9: 5	c10: 5	c11: 5	c13: 5	c14: 5	c15: 5	
Read data from board
0, 248162933, 0
7928878, 249732372, 64000
15950602, 251236921, 128000
8026756, 253448656, 64000
8047818, 265388702, 64000
14690961, 263387014, 128000
8175154, 260315827, 64000
8253166, 256998666, 64000
16178811, 267343051, 128000
8070038, 271518073, 64000
8341157, 277199707, 64000
8382503, 283383015, 64000
28748717, 294561309, 255980
15102002, 293858681, 128000
8579108, 289612374, 64000
Waiting for the board to finish...
       c0: 5	c1: 5	c2: 5	c3: 5	c4: 5	c5: 5	c6: 5	c7: 5	c8: 5	c9: 5	c10: 5	c11: 5	c13: 5	c14: 5	c15: 5	
Read data from board
0, 248132275, 0
7929528, 249701977, 64000
15949275, 251205375, 128000
8026053, 253424987, 64000
8043495, 265366342, 64000
14689837, 263362609, 128000
8173325, 260293816, 64000
8253536, 256977809, 64000
16175307, 267318954, 128000
8055848, 271495849, 64000
8339558, 277175950, 64000
8385027, 283360493, 64000
28749205, 294529915, 255980
15106662, 293825030, 128000
8580289, 289585448, 64000
Waiting for the board to finish...
       c0: 5	c1: 5	c2: 5	c3: 5	c4: 5	c5: 5	c6: 5	c7: 5	c8: 5	c9: 5	c10: 5	c11: 5	c13: 5	c14: 5	c15: 5	
Read data from board
0, 248138391, 0
7928566, 249708409, 64000
15947891, 251211369, 128000
8026509, 253421327, 64000
8045147, 265369951, 64000
14690231, 263365709, 128000
8173832, 260296194, 64000
8253128, 256977972, 64000
16178340, 267323253, 128000
8055190, 271498905, 64000
8338181, 277180826, 64000
8385244, 283373406, 64000
28749112, 294553462, 255980
15107477, 293846937, 128000
8581444, 289601705, 64000
Waiting for the board to finish...
       c0: 5	c1: 5	c2: 5	c3: 5	c4: 5	c5: 5	c6: 5	c7: 5	c8: 5	c9: 5	c10: 5	c11: 5	c13: 5	c14: 5	c15: 5	
Read data from board
0, 248156537, 0
7930198, 249727705, 64000
15949600, 251230296, 128000
8046711, 253445320, 64000
8046248, 265385231, 64000
14689659, 263381960, 128000
8174827, 260313001, 64000
8252162, 257000750, 64000
16177102, 267338408, 128000
8069257, 271514351, 64000
8338396, 277194580, 64000
8386156, 283382511, 64000
28748526, 294580913, 255980
15105145, 293874137, 128000
8580884, 289613018, 64000
Waiting for the board to finish...
       c0: 5	c1: 5	c2: 5	c3: 5	c4: 5	c5: 5	c6: 5	c7: 5	c8: 5	c9: 5	c10: 5	c11: 5	c13: 5	c14: 5	c15: 5	
Read data from board
0, 248130209, 0
7929090, 249701335, 64000
15943333, 251205442, 128000
8046520, 253416615, 64000
8045295, 265369055, 64000
14688915, 263365070, 128000
8173298, 260296069, 64000
8252333, 256980285, 64000
16174316, 267321896, 128000
8055357, 271498434, 64000
8339025, 277179919, 64000
8383987, 283367659, 64000
28747969, 294563296, 255980
15103480, 293852890, 128000
8582081, 289602078, 64000
Waiting for the board to finish...
       c0: 5	c1: 5	c2: 5	c3: 5	c4: 5	c5: 5	c6: 5	c7: 5	c8: 5	c9: 5	c10: 5	c11: 5	c13: 5	c14: 5	c15: 5	
Read data from board
0, 248162341, 0
7929688, 249732994, 64000
15944471, 251237203, 128000
8024579, 253448316, 64000
8044301, 265386129, 64000
14690372, 263383348, 128000
8174142, 260314020, 64000
8251277, 256999816, 64000
16176261, 267339908, 128000
8056001, 271516049, 64000
8343062, 277196675, 64000
8383890, 283385624, 64000
28749038, 294539514, 255980
15104079, 293837662, 128000
8583055, 289611718, 64000
Waiting for the board to finish...
       c0: 5	c1: 5	c2: 5	c3: 5	c4: 5	c5: 5	c6: 5	c7: 5	c8: 5	c9: 5	c10: 5	c11: 5	c13: 5	c14: 5	c15: 5	
Read data from board
0, 248149120, 0
7929372, 249719620, 64000
15947498, 251224652, 128000
8047412, 253435531, 64000
8046174, 265380422, 64000
14690565, 263376743, 128000
8174260, 260306884, 64000
8249322, 256993788, 64000
16180938, 267333762, 128000
8056017, 271509928, 64000
8339176, 277189246, 64000
8382466, 283377654, 64000
28748715, 294541819, 255980
15108090, 293833059, 128000
8582482, 289602199, 64000
Waiting for the board to finish...
       c0: 5	c1: 5	c2: 5	c3: 5	c4: 5	c5: 5	c6: 5	c7: 5	c8: 5	c9: 5	c10: 5	c11: 5	c13: 5	c14: 5	c15: 5	
Read data from board
0, 248163977, 0
7929430, 249736041, 64000
15946233, 251240390, 128000
8024205, 253450770, 64000
8046293, 265393087, 64000
14689467, 263389252, 128000
8173682, 260318067, 64000
8254105, 257003159, 64000
16179042, 267344949, 128000
8070036, 271521564, 64000
8341413, 277204780, 64000
8383251, 283390185, 64000
28749386, 294559170, 255980
15108269, 293854213, 128000
8583910, 289619081, 64000
Average:
0, 248148488, 0
7929410, 249719175, 64000
15947326, 251223186, 128000
8034092, 253435623, 64000
8045505, 265378656, 64000
14690229, 263375157, 128000
8174100, 260305562, 64000
8252517, 256990994, 64000
16177649, 267331616, 128000
8061290, 271507600, 64000
8339899, 277188555, 64000
8384153, 283375547, 64000
28748871, 294554298, 255980
15105614, 293846986, 128000
8581416, 289604480, 64000
