Host is running ...
size: 64000
Waiting for the board to finish...
       c0: 5	c1: 5	c2: 5	c3: 5	c4: 5	c5: 5	c6: 5	c7: 5	c8: 5	c9: 5	c10: 5	c11: 5	c12: 5	c13: 5	c14: 5	
Read data from board
0, 69331287, 0
14078794, 69556649, 64000
24543247, 69770824, 128000
17983138, 70009763, 64000
17518083, 70450690, 64000
15617375, 70888128, 64000
17119839, 71364657, 128000
11040812, 71585007, 64000
33610687, 71586146, 128000
43348780, 71588112, 64000
43425536, 71590581, 64000
39890041, 71594060, 64000
45484490, 71595852, 64000
21800427, 71630166, 128000
38202839, 71659420, 250000
Waiting for the board to finish...
       c0: 5	c1: 5	c2: 5	c3: 5	c4: 5	c5: 5	c6: 5	c7: 5	c8: 5	c9: 5	c10: 5	c11: 5	c12: 5	c13: 5	c14: 5	
Read data from board
0, 69334806, 0
14079130, 69559926, 64000
24526114, 69774581, 128000
17969948, 70013684, 64000
17526865, 70454761, 64000
15615829, 70892330, 64000
17127033, 71368842, 128000
11040684, 71589221, 64000
33614553, 71590368, 128000
43354608, 71592351, 64000
43429689, 71594819, 64000
39899122, 71598283, 64000
45480982, 71600079, 64000
21910186, 71634382, 128000
39056298, 71663627, 250000
Waiting for the board to finish...
       c0: 5	c1: 5	c2: 5	c3: 5	c4: 5	c5: 5	c6: 5	c7: 5	c8: 5	c9: 5	c10: 5	c11: 5	c12: 5	c13: 5	c14: 5	
Read data from board
0, 69331020, 0
14078549, 69556762, 64000
24531806, 69771076, 128000
17992155, 70010169, 64000
17521137, 70450893, 64000
15619856, 70888701, 64000
17122930, 71365487, 128000
11040685, 71585842, 64000
33609967, 71586963, 128000
43349582, 71588926, 64000
43426352, 71591385, 64000
39895722, 71594856, 64000
45478276, 71596649, 64000
21905250, 71630941, 128000
39053459, 71660184, 250000
Waiting for the board to finish...
       c0: 5	c1: 5	c2: 5	c3: 5	c4: 5	c5: 5	c6: 5	c7: 5	c8: 5	c9: 5	c10: 5	c11: 5	c12: 5	c13: 5	c14: 5	
Read data from board
0, 69333739, 0
14078454, 69559506, 64000
24533149, 69773583, 128000
18000494, 70012926, 64000
17538285, 70453948, 64000
15621545, 70891716, 64000
17130290, 71368269, 128000
11039864, 71588619, 64000
33614043, 71589755, 128000
43355774, 71591713, 64000
43430925, 71594140, 64000
39897761, 71597611, 64000
45480112, 71599450, 64000
21908446, 71633778, 128000
39056211, 71663028, 250000
Waiting for the board to finish...
       c0: 5	c1: 5	c2: 5	c3: 5	c4: 5	c5: 5	c6: 5	c7: 5	c8: 5	c9: 5	c10: 5	c11: 5	c12: 5	c13: 5	c14: 5	
Read data from board
0, 69336366, 0
14079076, 69562036, 64000
24541885, 69776142, 128000
17965042, 70015189, 64000
17503258, 70456015, 64000
15608819, 70893808, 64000
17124206, 71370488, 128000
11040023, 71590860, 64000
33615943, 71591986, 128000
43356773, 71593957, 64000
43431255, 71596400, 64000
39898998, 71599880, 64000
45480786, 71601673, 64000
21911091, 71635972, 128000
39057795, 71665213, 250000
Waiting for the board to finish...
       c0: 5	c1: 5	c2: 5	c3: 5	c4: 5	c5: 5	c6: 5	c7: 5	c8: 5	c9: 5	c10: 5	c11: 5	c12: 5	c13: 5	c14: 5	
Read data from board
0, 69330119, 0
14078172, 69555744, 64000
24541374, 69769826, 128000
17996519, 70008642, 64000
17537938, 70449575, 64000
15626389, 70887053, 64000
17128199, 71363794, 128000
11037307, 71584138, 64000
33609974, 71585253, 128000
43349732, 71587223, 64000
43427012, 71589687, 64000
39894528, 71593111, 64000
45475830, 71594903, 64000
21904117, 71629199, 128000
39052805, 71658438, 250000
Waiting for the board to finish...
       c0: 5	c1: 5	c2: 5	c3: 5	c4: 5	c5: 5	c6: 5	c7: 5	c8: 5	c9: 5	c10: 5	c11: 5	c12: 5	c13: 5	c14: 5	
Read data from board
0, 69333111, 0
14079169, 69558284, 64000
24551746, 69772707, 128000
17990431, 70011589, 64000
17531858, 70452599, 64000
15623961, 70890613, 64000
17124205, 71367187, 128000
11038374, 71587531, 64000
33611085, 71588672, 128000
43351985, 71590649, 64000
43431269, 71593120, 64000
39895060, 71596551, 64000
45477297, 71598344, 64000
21906533, 71632655, 128000
39055229, 71661910, 250000
Waiting for the board to finish...
       c0: 5	c1: 5	c2: 5	c3: 5	c4: 5	c5: 5	c6: 5	c7: 5	c8: 5	c9: 5	c10: 5	c11: 5	c12: 5	c13: 5	c14: 5	
Read data from board
0, 69333870, 0
14078193, 69559062, 64000
24533107, 69773664, 128000
17972048, 70012944, 64000
17519926, 70453954, 64000
15604559, 70891308, 64000
17126338, 71368027, 128000
11041156, 71588395, 64000
33613175, 71589519, 128000
43353913, 71591497, 64000
43431342, 71593977, 64000
39895959, 71597414, 64000
45477780, 71599210, 64000
21906602, 71633515, 128000
39056173, 71662758, 250000
Waiting for the board to finish...
       c0: 5	c1: 5	c2: 5	c3: 5	c4: 5	c5: 5	c6: 5	c7: 5	c8: 5	c9: 5	c10: 5	c11: 5	c12: 5	c13: 5	c14: 5	
Read data from board
0, 69333299, 0
14078307, 69558250, 64000
24537625, 69772534, 128000
17971891, 70011795, 64000
17510846, 70452535, 64000
15610983, 70890059, 64000
17128594, 71366589, 128000
11038763, 71586932, 64000
33612662, 71588070, 128000
43351553, 71590065, 64000
43429379, 71592513, 64000
39894005, 71596005, 64000
45476822, 71597801, 64000
21907937, 71632101, 128000
39054648, 71661360, 250000
Waiting for the board to finish...
       c0: 5	c1: 5	c2: 5	c3: 5	c4: 5	c5: 5	c6: 5	c7: 5	c8: 5	c9: 5	c10: 5	c11: 5	c12: 5	c13: 5	c14: 5	
Read data from board
0, 69334733, 0
14078135, 69559775, 64000
24536140, 69774339, 128000
17975336, 70013341, 64000
17522989, 70454092, 64000
15611788, 70891784, 64000
17124607, 71368460, 128000
11038462, 71588789, 64000
33613459, 71589913, 128000
43354851, 71591878, 64000
43429825, 71594331, 64000
39898623, 71597815, 64000
45480635, 71599614, 64000
21909107, 71633911, 128000
39056577, 71663155, 250000
Average:
0, 69333235, 0
14078597, 69558599, 64000
24537619, 69772927, 128000
17981700, 70012004, 64000
17523118, 70452906, 64000
15616110, 70890550, 64000
17125624, 71367180, 128000
11039613, 71587533, 64000
33612554, 71588664, 128000
43352755, 71590637, 64000
43429258, 71593095, 64000
39895981, 71596558, 64000
45479301, 71598357, 64000
21896969, 71632662, 128000
38970203, 71661909, 250000
