Host is running ...
size: 64000
Waiting for the board to finish...
       c0: 5	c1: 5	c2: 5	c3: 5	c4: 5	c5: 5	c6: 5	c7: 5	c8: 5	c9: 5	c10: 5	c11: 5	c12: 5	c13: 5	c14: 5	
Read data from board
0, 80786241, 0
14036508, 80817649, 64000
22022094, 80868022, 128000
10987365, 80885517, 64000
11915332, 80967644, 64000
11927117, 81046971, 64000
16597417, 81175411, 128000
10828293, 81210744, 64000
20878475, 81256720, 128000
11280430, 81277064, 64000
13712127, 81360498, 64000
13678240, 81440084, 64000
10992732, 81519381, 64000
16867122, 81645741, 128000
48111330, 81661030, 250000
Waiting for the board to finish...
       c0: 5	c1: 5	c2: 5	c3: 5	c4: 5	c5: 5	c6: 5	c7: 5	c8: 5	c9: 5	c10: 5	c11: 5	c12: 5	c13: 5	c14: 5	
Read data from board
0, 79964308, 0
14036089, 79995610, 64000
22030506, 80045298, 128000
11010475, 80062792, 64000
11905915, 80144221, 64000
11921731, 80222210, 64000
16597528, 80349349, 128000
10828668, 80384751, 64000
20909343, 80429646, 128000
11347866, 80449924, 64000
13759617, 80533106, 64000
13693121, 80611766, 64000
11016049, 80690416, 64000
16860797, 80815667, 128000
48255378, 80830962, 250000
Waiting for the board to finish...
       c0: 5	c1: 5	c2: 5	c3: 5	c4: 5	c5: 5	c6: 5	c7: 5	c8: 5	c9: 5	c10: 5	c11: 5	c12: 5	c13: 5	c14: 5	
Read data from board
0, 79964060, 0
14035152, 79995334, 64000
22029124, 80044684, 128000
11013945, 80062191, 64000
11916029, 80143393, 64000
11917690, 80221685, 64000
16598640, 80348771, 128000
10828455, 80384202, 64000
20907015, 80428909, 128000
11349319, 80449283, 64000
13761352, 80532307, 64000
13697125, 80610949, 64000
11017239, 80689374, 64000
16858439, 80814658, 128000
48252032, 80829960, 250000
Waiting for the board to finish...
       c0: 5	c1: 5	c2: 5	c3: 5	c4: 5	c5: 5	c6: 5	c7: 5	c8: 5	c9: 5	c10: 5	c11: 5	c12: 5	c13: 5	c14: 5	
Read data from board
0, 79963077, 0
14036516, 79994439, 64000
22031925, 80043915, 128000
11012687, 80061014, 64000
11907546, 80142578, 64000
11926339, 80220624, 64000
16594474, 80347167, 128000
10832275, 80382613, 64000
20911141, 80427459, 128000
11353969, 80447601, 64000
13761848, 80530809, 64000
13699103, 80609245, 64000
11022463, 80687573, 64000
16856929, 80812919, 128000
48251414, 80828214, 250000
Waiting for the board to finish...
       c0: 5	c1: 5	c2: 5	c3: 5	c4: 5	c5: 5	c6: 5	c7: 5	c8: 5	c9: 5	c10: 5	c11: 5	c12: 5	c13: 5	c14: 5	
Read data from board
0, 79958122, 0
14035810, 79989465, 64000
22041559, 80039083, 128000
11015086, 80056613, 64000
11921971, 80138056, 64000
11922798, 80216164, 64000
16600702, 80343310, 128000
10823791, 80378685, 64000
20913833, 80423391, 128000
11346027, 80443773, 64000
13757872, 80527024, 64000
13696756, 80605375, 64000
11020819, 80683794, 64000
16852281, 80809156, 128000
48247511, 80824458, 250000
Waiting for the board to finish...
       c0: 5	c1: 5	c2: 5	c3: 5	c4: 5	c5: 5	c6: 5	c7: 5	c8: 5	c9: 5	c10: 5	c11: 5	c12: 5	c13: 5	c14: 5	
Read data from board
0, 79965378, 0
14036817, 79996743, 64000
22048167, 80046005, 128000
11017894, 80063200, 64000
11914933, 80144819, 64000
11929579, 80222676, 64000
16600639, 80349816, 128000
10829165, 80385212, 64000
20909458, 80430138, 128000
11340094, 80450384, 64000
13759120, 80533379, 64000
13694339, 80611981, 64000
11022991, 80690625, 64000
16858329, 80815995, 128000
48252489, 80831292, 250000
Waiting for the board to finish...
       c0: 5	c1: 5	c2: 5	c3: 5	c4: 5	c5: 5	c6: 5	c7: 5	c8: 5	c9: 5	c10: 5	c11: 5	c12: 5	c13: 5	c14: 5	
Read data from board
0, 79958791, 0
14036408, 79990105, 64000
22013849, 80039539, 128000
11007903, 80056884, 64000
11915270, 80138406, 64000
11920132, 80216653, 64000
16595880, 80343477, 128000
10829900, 80378913, 64000
20915387, 80423768, 128000
11343612, 80444135, 64000
13763265, 80527333, 64000
13699143, 80606017, 64000
11018198, 80684520, 64000
16853362, 80809648, 128000
48247319, 80824940, 250000
Waiting for the board to finish...
       c0: 5	c1: 5	c2: 5	c3: 5	c4: 5	c5: 5	c6: 5	c7: 5	c8: 5	c9: 5	c10: 5	c11: 5	c12: 5	c13: 5	c14: 5	
Read data from board
0, 79963739, 0
14037774, 79995070, 64000
22018332, 80044771, 128000
11015273, 80062270, 64000
11912646, 80143567, 64000
11924730, 80221545, 64000
16595695, 80348383, 128000
10829206, 80383787, 64000
20913568, 80428524, 128000
11347387, 80449054, 64000
13762493, 80531976, 64000
13692214, 80610420, 64000
11016671, 80688914, 64000
16856901, 80814152, 128000
48252020, 80829461, 250000
Waiting for the board to finish...
       c0: 5	c1: 5	c2: 5	c3: 5	c4: 5	c5: 5	c6: 5	c7: 5	c8: 5	c9: 5	c10: 5	c11: 5	c12: 5	c13: 5	c14: 5	
Read data from board
0, 79966549, 0
14036996, 79997882, 64000
22048315, 80047533, 128000
11016498, 80065069, 64000
11912352, 80146178, 64000
11927482, 80224598, 64000
16600804, 80351779, 128000
10830754, 80387117, 64000
20913611, 80431572, 128000
11349314, 80452162, 64000
13759940, 80535171, 64000
13699845, 80613625, 64000
11021943, 80692056, 64000
16861702, 80817312, 128000
48254964, 80832605, 250000
Waiting for the board to finish...
       c0: 5	c1: 5	c2: 5	c3: 5	c4: 5	c5: 5	c6: 5	c7: 5	c8: 5	c9: 5	c10: 5	c11: 5	c12: 5	c13: 5	c14: 5	
Read data from board
0, 79967381, 0
14036816, 79998728, 64000
22040109, 80048146, 128000
11015869, 80065284, 64000
11909841, 80146949, 64000
11932384, 80224897, 64000
16599278, 80351819, 128000
10829772, 80387206, 64000
20913700, 80432046, 128000
11348465, 80452462, 64000
13755474, 80535521, 64000
13697371, 80614238, 64000
11015579, 80692848, 64000
16862070, 80818123, 128000
48256705, 80833426, 250000
Average:
0, 80045764, 0
14036488, 80077102, 64000
22032398, 80126699, 128000
11011299, 80144083, 64000
11913183, 80225581, 64000
11924998, 80303802, 64000
16598105, 80430928, 128000
10829027, 80466323, 64000
20908553, 80511217, 128000
11340648, 80531584, 64000
13755310, 80614712, 64000
13694725, 80693370, 64000
11016468, 80771950, 64000
16858793, 80897337, 128000
48238116, 80912634, 250000
