Host is running ...
size: 64000
Waiting for the board to finish...
       c0: 5	c1: 5	c2: 5	c3: 5	c4: 5	c5: 5	c6: 5	c7: 5	c8: 5	c9: 5	c10: 5	c11: 5	c12: 5	c13: 5	c14: 5	
Read data from board
0, 256000153, 0
6466260, 256767195, 64000
12934587, 257336712, 128000
6465824, 258135873, 64000
6466875, 259921229, 64000
6464803, 261603745, 64000
11923821, 263415763, 128000
6470055, 264163846, 64000
12934980, 265286766, 128000
6464896, 266900024, 64000
6468520, 269758480, 64000
6466403, 272831846, 64000
6465161, 275660223, 64000
11924139, 278098379, 128000
22851122, 278394565, 255980
Waiting for the board to finish...
       c0: 5	c1: 5	c2: 5	c3: 5	c4: 5	c5: 5	c6: 5	c7: 5	c8: 5	c9: 5	c10: 5	c11: 5	c12: 5	c13: 5	c14: 5	
Read data from board
0, 256007002, 0
6466260, 256774647, 64000
12934770, 257344666, 128000
6465830, 258144025, 64000
6466879, 259927408, 64000
6464776, 261610568, 64000
11923818, 263422389, 128000
6470053, 264170212, 64000
12934925, 265293465, 128000
6464896, 266906924, 64000
6468539, 269766609, 64000
6466371, 272843759, 64000
6465160, 275672916, 64000
11924136, 278109747, 128000
22850972, 278394945, 255980
Waiting for the board to finish...
       c0: 5	c1: 5	c2: 5	c3: 5	c4: 5	c5: 5	c6: 5	c7: 5	c8: 5	c9: 5	c10: 5	c11: 5	c12: 5	c13: 5	c14: 5	
Read data from board
0, 255993275, 0
6466260, 256760805, 64000
12934579, 257330520, 128000
6465824, 258127950, 64000
6466875, 259915679, 64000
6464804, 261598315, 64000
11923816, 263410040, 128000
6470088, 264158394, 64000
12934856, 265281078, 128000
6464896, 266894860, 64000
6468542, 269754071, 64000
6466399, 272818440, 64000
6465168, 275647570, 64000
11924139, 278084266, 128000
22851014, 278371616, 255980
Waiting for the board to finish...
       c0: 5	c1: 5	c2: 5	c3: 5	c4: 5	c5: 5	c6: 5	c7: 5	c8: 5	c9: 5	c10: 5	c11: 5	c12: 5	c13: 5	c14: 5	
Read data from board
0, 255996206, 0
6466260, 256762994, 64000
12934779, 257334049, 128000
6465833, 258133983, 64000
6466878, 259916146, 64000
6464813, 261599383, 64000
11923828, 263411851, 128000
6470027, 264159674, 64000
12934708, 265282538, 128000
6464896, 266895937, 64000
6468517, 269756121, 64000
6466382, 272816721, 64000
6465164, 275645543, 64000
11924153, 278098125, 128000
22850951, 278387340, 255980
Waiting for the board to finish...
       c0: 5	c1: 5	c2: 5	c3: 5	c4: 5	c5: 5	c6: 5	c7: 5	c8: 5	c9: 5	c10: 5	c11: 5	c12: 5	c13: 5	c14: 5	
Read data from board
0, 255992070, 0
6466260, 256759475, 64000
12934811, 257329500, 128000
6465837, 258128917, 64000
6466875, 259912301, 64000
6464799, 261595139, 64000
11923831, 263407021, 128000
6470081, 264154911, 64000
12934797, 265278374, 128000
6464896, 266892007, 64000
6468542, 269753115, 64000
6466398, 272829956, 64000
6465159, 275658581, 64000
11924139, 278101732, 128000
22851027, 278389161, 255980
Waiting for the board to finish...
       c0: 5	c1: 5	c2: 5	c3: 5	c4: 5	c5: 5	c6: 5	c7: 5	c8: 5	c9: 5	c10: 5	c11: 5	c12: 5	c13: 5	c14: 5	
Read data from board
0, 255982855, 0
6466260, 256750062, 64000
12934821, 257319551, 128000
6465824, 258116294, 64000
6466875, 259902689, 64000
6464788, 261584946, 64000
11923833, 263396721, 128000
6470098, 264145036, 64000
12934781, 265267931, 128000
6464896, 266881756, 64000
6468515, 269740479, 64000
6466387, 272823566, 64000
6465175, 275652885, 64000
11924136, 278095009, 128000
22851032, 278380600, 255980
Waiting for the board to finish...
       c0: 5	c1: 5	c2: 5	c3: 5	c4: 5	c5: 5	c6: 5	c7: 5	c8: 5	c9: 5	c10: 5	c11: 5	c12: 5	c13: 5	c14: 5	
Read data from board
0, 255990839, 0
6466260, 256758377, 64000
12934769, 257327092, 128000
6465831, 258126026, 64000
6466879, 259909661, 64000
6464764, 261591586, 64000
11923851, 263403987, 128000
6470026, 264151920, 64000
12934925, 265275109, 128000
6464896, 266888342, 64000
6468519, 269747017, 64000
6466388, 272822590, 64000
6465170, 275651833, 64000
11924140, 278095683, 128000
22851067, 278383536, 255980
Waiting for the board to finish...
       c0: 5	c1: 5	c2: 5	c3: 5	c4: 5	c5: 5	c6: 5	c7: 5	c8: 5	c9: 5	c10: 5	c11: 5	c12: 5	c13: 5	c14: 5	
Read data from board
0, 255997186, 0
6466260, 256765370, 64000
12934808, 257334831, 128000
6465824, 258136263, 64000
6466875, 259917278, 64000
6464789, 261598448, 64000
11923840, 263411175, 128000
6470040, 264159439, 64000
12934917, 265282293, 128000
6464896, 266895542, 64000
6468518, 269756205, 64000
6466368, 272837259, 64000
6465173, 275665575, 64000
11924141, 278110576, 128000
22851141, 278402702, 255980
Waiting for the board to finish...
       c0: 5	c1: 5	c2: 5	c3: 5	c4: 5	c5: 5	c6: 5	c7: 5	c8: 5	c9: 5	c10: 5	c11: 5	c12: 5	c13: 5	c14: 5	
Read data from board
0, 255985374, 0
6466260, 256752197, 64000
12934912, 257321709, 128000
6465824, 258120442, 64000
6466876, 259904957, 64000
6464831, 261587537, 64000
11923818, 263399695, 128000
6470076, 264147243, 64000
12935024, 265270274, 128000
6464896, 266883270, 64000
6468524, 269743541, 64000
6466372, 272826747, 64000
6465163, 275655114, 64000
11924136, 278100337, 128000
22851005, 278391382, 255980
Waiting for the board to finish...
       c0: 5	c1: 5	c2: 5	c3: 5	c4: 5	c5: 5	c6: 5	c7: 5	c8: 5	c9: 5	c10: 5	c11: 5	c12: 5	c13: 5	c14: 5	
Read data from board
0, 256003467, 0
6466260, 256770514, 64000
12934751, 257340362, 128000
6465828, 258138660, 64000
6466875, 259923083, 64000
6464798, 261605078, 64000
11923821, 263417125, 128000
6470086, 264165352, 64000
12935123, 265288012, 128000
6464896, 266902007, 64000
6468540, 269761886, 64000
6466384, 272834951, 64000
6465161, 275663790, 64000
11924138, 278105032, 128000
22851063, 278390482, 255980
Average:
0, 255994842, 0
6466260, 256762163, 64000
12934758, 257331899, 128000
6465827, 258130843, 64000
6466876, 259915043, 64000
6464796, 261597474, 64000
11923827, 263409576, 128000
6470063, 264157602, 64000
12934903, 265280584, 128000
6464896, 266894066, 64000
6468527, 269753752, 64000
6466385, 272828583, 64000
6465165, 275657403, 64000
11924139, 278099888, 128000
22851039, 278388632, 255980
