Host is running ...
size: 64000
Waiting for the board to finish...
       c0: 5	c1: 5	c2: 5	c3: 5	c4: 5	c5: 5	c6: 5	c7: 5	c8: 5	c9: 5	c10: 5	c11: 5	c12: 5	c13: 5	c14: 5	
Read data from board
0, 125100397, 0
9097046, 125149695, 64000
29502255, 125175064, 128000
10062826, 125266092, 64000
9718103, 125376159, 64000
9373904, 125474586, 64000
16756489, 125607788, 128000
18206760, 125641327, 64000
59791120, 125652376, 128000
70463974, 125664479, 64000
70501021, 125681838, 64000
71298791, 125701119, 64000
71055597, 125754775, 64000
44320678, 125834335, 128000
92531627, 125838650, 250000
Waiting for the board to finish...
       c0: 5	c1: 5	c2: 5	c3: 5	c4: 5	c5: 5	c6: 5	c7: 5	c8: 5	c9: 5	c10: 5	c11: 5	c12: 5	c13: 5	c14: 5	
Read data from board
0, 125099852, 0
9096738, 125149141, 64000
29502998, 125174503, 128000
10064171, 125265526, 64000
9719759, 125375610, 64000
9374931, 125474060, 64000
16755745, 125607249, 128000
18206068, 125640793, 64000
59791219, 125651835, 128000
70463188, 125663934, 64000
70500483, 125681291, 64000
71296010, 125700607, 64000
71049934, 125754298, 64000
44257590, 125833840, 128000
93460576, 125838169, 250000
Waiting for the board to finish...
       c0: 5	c1: 5	c2: 5	c3: 5	c4: 5	c5: 5	c6: 5	c7: 5	c8: 5	c9: 5	c10: 5	c11: 5	c12: 5	c13: 5	c14: 5	
Read data from board
0, 125099545, 0
9096639, 125148830, 64000
29502640, 125174191, 128000
10062651, 125265169, 64000
9715926, 125375222, 64000
9372611, 125473669, 64000
16756557, 125606872, 128000
18207485, 125640422, 64000
59791756, 125651461, 128000
70462573, 125663567, 64000
70500048, 125680932, 64000
71297449, 125700189, 64000
71049762, 125753977, 64000
44256437, 125833530, 128000
93460433, 125837865, 250000
Waiting for the board to finish...
       c0: 5	c1: 5	c2: 5	c3: 5	c4: 5	c5: 5	c6: 5	c7: 5	c8: 5	c9: 5	c10: 5	c11: 5	c12: 5	c13: 5	c14: 5	
Read data from board
0, 125098636, 0
9096716, 125147829, 64000
29501591, 125173181, 128000
10062789, 125264259, 64000
9718343, 125374347, 64000
9374161, 125472772, 64000
16756225, 125605947, 128000
18206244, 125639499, 64000
59789933, 125650533, 128000
70461315, 125662627, 64000
70499092, 125679966, 64000
71295423, 125699252, 64000
71048532, 125752895, 64000
44256068, 125832442, 128000
93459178, 125836777, 250000
Waiting for the board to finish...
       c0: 5	c1: 5	c2: 5	c3: 5	c4: 5	c5: 5	c6: 5	c7: 5	c8: 5	c9: 5	c10: 5	c11: 5	c12: 5	c13: 5	c14: 5	
Read data from board
0, 125098534, 0
9097057, 125147742, 64000
29503863, 125173099, 128000
10064321, 125264155, 64000
9717979, 125374233, 64000
9373491, 125472661, 64000
16756110, 125605847, 128000
18206554, 125639390, 64000
59790092, 125650439, 128000
70462075, 125662544, 64000
70499542, 125679892, 64000
71294321, 125699173, 64000
71048249, 125752893, 64000
44254870, 125832441, 128000
93459323, 125836769, 250000
Waiting for the board to finish...
       c0: 5	c1: 5	c2: 5	c3: 5	c4: 5	c5: 5	c6: 5	c7: 5	c8: 5	c9: 5	c10: 5	c11: 5	c12: 5	c13: 5	c14: 5	
Read data from board
0, 125098763, 0
9097177, 125148025, 64000
29503556, 125173397, 128000
10064680, 125264404, 64000
9716753, 125374496, 64000
9374471, 125472988, 64000
16756159, 125606177, 128000
18206795, 125639717, 64000
59789870, 125650773, 128000
70461894, 125662880, 64000
70499382, 125680237, 64000
71296534, 125699502, 64000
71048585, 125753178, 64000
44256464, 125832729, 128000
93459532, 125837060, 250000
Waiting for the board to finish...
       c0: 5	c1: 5	c2: 5	c3: 5	c4: 5	c5: 5	c6: 5	c7: 5	c8: 5	c9: 5	c10: 5	c11: 5	c12: 5	c13: 5	c14: 5	
Read data from board
0, 125100414, 0
9096971, 125149690, 64000
29503368, 125175055, 128000
10063358, 125266066, 64000
9716362, 125376171, 64000
9372709, 125474581, 64000
16756305, 125607760, 128000
18207001, 125641283, 64000
59791798, 125652320, 128000
70462802, 125664425, 64000
70501283, 125681779, 64000
71297312, 125701037, 64000
71049783, 125754703, 64000
44256346, 125834235, 128000
93461054, 125838563, 250000
Waiting for the board to finish...
       c0: 5	c1: 5	c2: 5	c3: 5	c4: 5	c5: 5	c6: 5	c7: 5	c8: 5	c9: 5	c10: 5	c11: 5	c12: 5	c13: 5	c14: 5	
Read data from board
0, 125099941, 0
9097365, 125149117, 64000
29503208, 125174496, 128000
10062346, 125265536, 64000
9716916, 125375628, 64000
9372945, 125474050, 64000
16756111, 125607223, 128000
18206903, 125640768, 64000
59791755, 125651821, 128000
70462896, 125663915, 64000
70500413, 125681281, 64000
71296588, 125700539, 64000
71050092, 125754203, 64000
44257908, 125833748, 128000
93460516, 125838081, 250000
Waiting for the board to finish...
       c0: 5	c1: 5	c2: 5	c3: 5	c4: 5	c5: 5	c6: 5	c7: 5	c8: 5	c9: 5	c10: 5	c11: 5	c12: 5	c13: 5	c14: 5	
Read data from board
0, 125100334, 0
9097210, 125149602, 64000
29502507, 125174957, 128000
10063974, 125265979, 64000
9717325, 125376040, 64000
9374330, 125474476, 64000
16756414, 125607702, 128000
18206796, 125641236, 64000
59791860, 125652285, 128000
70463896, 125664388, 64000
70500822, 125681748, 64000
71296782, 125701031, 64000
71049967, 125754709, 64000
44257621, 125834266, 128000
93461052, 125838592, 250000
Waiting for the board to finish...
       c0: 5	c1: 5	c2: 5	c3: 5	c4: 5	c5: 5	c6: 5	c7: 5	c8: 5	c9: 5	c10: 5	c11: 5	c12: 5	c13: 5	c14: 5	
Read data from board
0, 125100611, 0
9097242, 125149839, 64000
29502329, 125175225, 128000
10063563, 125266291, 64000
9717423, 125376330, 64000
9373689, 125474757, 64000
16756610, 125607967, 128000
18206546, 125641492, 64000
59791967, 125652531, 128000
70463879, 125664630, 64000
70501042, 125681968, 64000
71298102, 125701234, 64000
71049930, 125754936, 64000
44257323, 125834476, 128000
93461391, 125838791, 250000
Average:
0, 125099702, 0
9097016, 125148951, 64000
29502831, 125174316, 128000
10063467, 125265347, 64000
9717488, 125375423, 64000
9373724, 125473860, 64000
16756272, 125607053, 128000
18206715, 125640592, 64000
59791137, 125651637, 128000
70462849, 125663738, 64000
70500312, 125681093, 64000
71296731, 125700368, 64000
71050043, 125754056, 64000
44263130, 125833604, 128000
93367468, 125837931, 250000
