Host is running ...
size: 64000
Waiting for the board to finish...
       c0: 5	c1: 5	c2: 5	c3: 5	c4: 5	c5: 5	c6: 5	c7: 5	c8: 5	c9: 5	c10: 5	c11: 5	c12: 5	c13: 5	c14: 5	
Read data from board
0, 69297692, 0
7991544, 69409533, 64000
27759168, 69455424, 128000
37272492, 69492295, 64000
37063464, 69561311, 64000
38232985, 69624395, 64000
23892705, 69871957, 128000
8696960, 69986413, 64000
27337462, 70127002, 128000
33554439, 70407067, 64000
27184657, 70768873, 64000
21442174, 71127073, 64000
14979766, 71485118, 64000
15558900, 71739096, 128000
38558199, 71778881, 250000
Waiting for the board to finish...
       c0: 5	c1: 5	c2: 5	c3: 5	c4: 5	c5: 5	c6: 5	c7: 5	c8: 5	c9: 5	c10: 5	c11: 5	c12: 5	c13: 5	c14: 5	
Read data from board
0, 69298838, 0
7992259, 69410684, 64000
27760369, 69456564, 128000
37273624, 69493428, 64000
37065088, 69562379, 64000
38233442, 69625462, 64000
23893912, 69873191, 128000
8698144, 69987414, 64000
27352051, 70127091, 128000
33589450, 70406328, 64000
27202475, 70768417, 64000
21462159, 71126877, 64000
15000790, 71484939, 64000
15558709, 71738919, 128000
39495347, 71778461, 250000
Waiting for the board to finish...
       c0: 5	c1: 5	c2: 5	c3: 5	c4: 5	c5: 5	c6: 5	c7: 5	c8: 5	c9: 5	c10: 5	c11: 5	c12: 5	c13: 5	c14: 5	
Read data from board
0, 69297475, 0
7991779, 69409366, 64000
27759363, 69455260, 128000
37272336, 69492131, 64000
37063746, 69561111, 64000
38232184, 69624209, 64000
23892745, 69871911, 128000
8697176, 69986357, 64000
27336808, 70126579, 128000
33564635, 70406897, 64000
27204502, 70768594, 64000
21452283, 71127083, 64000
14975870, 71485160, 64000
15558937, 71739139, 128000
39495743, 71778685, 250000
Waiting for the board to finish...
       c0: 5	c1: 5	c2: 5	c3: 5	c4: 5	c5: 5	c6: 5	c7: 5	c8: 5	c9: 5	c10: 5	c11: 5	c12: 5	c13: 5	c14: 5	
Read data from board
0, 69297298, 0
7991542, 69409125, 64000
27758954, 69455024, 128000
37272162, 69491914, 64000
37062825, 69560916, 64000
38232215, 69623994, 64000
23892623, 69871947, 128000
8696410, 69986445, 64000
27327631, 70127100, 128000
33539978, 70407469, 64000
27160689, 70768894, 64000
21436740, 71127364, 64000
14974944, 71485449, 64000
15558736, 71739431, 128000
39495803, 71778989, 250000
Waiting for the board to finish...
       c0: 5	c1: 5	c2: 5	c3: 5	c4: 5	c5: 5	c6: 5	c7: 5	c8: 5	c9: 5	c10: 5	c11: 5	c12: 5	c13: 5	c14: 5	
Read data from board
0, 69298573, 0
7992235, 69410414, 64000
27760008, 69456304, 128000
37273312, 69493180, 64000
37064653, 69562167, 64000
38233306, 69625264, 64000
23893730, 69872993, 128000
8697820, 69987451, 64000
27336988, 70127678, 128000
33560915, 70407417, 64000
27172006, 70769622, 64000
21448313, 71128181, 64000
14983051, 71486267, 64000
15558781, 71740247, 128000
39496745, 71779794, 250000
Waiting for the board to finish...
       c0: 5	c1: 5	c2: 5	c3: 5	c4: 5	c5: 5	c6: 5	c7: 5	c8: 5	c9: 5	c10: 5	c11: 5	c12: 5	c13: 5	c14: 5	
Read data from board
0, 69297774, 0
7991906, 69409613, 64000
27759352, 69455500, 128000
37272489, 69492380, 64000
37064060, 69561409, 64000
38232763, 69624488, 64000
23892777, 69872206, 128000
8696810, 69986672, 64000
27346218, 70126317, 128000
33571430, 70405738, 64000
27212783, 70767804, 64000
21478545, 71126470, 64000
15000193, 71484564, 64000
15559071, 71738547, 128000
39495096, 71778100, 250000
Waiting for the board to finish...
       c0: 5	c1: 5	c2: 5	c3: 5	c4: 5	c5: 5	c6: 5	c7: 5	c8: 5	c9: 5	c10: 5	c11: 5	c12: 5	c13: 5	c14: 5	
Read data from board
0, 69297102, 0
7991329, 69409009, 64000
27758949, 69454912, 128000
37271848, 69491790, 64000
37063262, 69560800, 64000
38232556, 69623909, 64000
23893218, 69871472, 128000
8696161, 69985970, 64000
27336901, 70126475, 128000
33552298, 70406121, 64000
27179563, 70768344, 64000
21453162, 71126446, 64000
14990333, 71484512, 64000
15558648, 71738484, 128000
39494902, 71778031, 250000
Waiting for the board to finish...
       c0: 5	c1: 5	c2: 5	c3: 5	c4: 5	c5: 5	c6: 5	c7: 5	c8: 5	c9: 5	c10: 5	c11: 5	c12: 5	c13: 5	c14: 5	
Read data from board
0, 69296906, 0
7991114, 69408751, 64000
27758542, 69454614, 128000
37271769, 69491478, 64000
37062303, 69560517, 64000
38232174, 69623606, 64000
23892053, 69871708, 128000
8695860, 69986181, 64000
27329532, 70126629, 128000
33543580, 70406639, 64000
27171298, 70768467, 64000
21433259, 71126956, 64000
14974953, 71485020, 64000
15558732, 71738981, 128000
39495510, 71778519, 250000
Waiting for the board to finish...
       c0: 5	c1: 5	c2: 5	c3: 5	c4: 5	c5: 5	c6: 5	c7: 5	c8: 5	c9: 5	c10: 5	c11: 5	c12: 5	c13: 5	c14: 5	
Read data from board
0, 69297906, 0
7991797, 69409785, 64000
27759352, 69455669, 128000
37272769, 69492530, 64000
37064028, 69561530, 64000
38232563, 69624635, 64000
23893223, 69872171, 128000
8696836, 69986641, 64000
27338025, 70127189, 128000
33557625, 70406994, 64000
27181700, 70769037, 64000
21436406, 71127211, 64000
14982138, 71485262, 64000
15558614, 71739232, 128000
39495812, 71778765, 250000
Waiting for the board to finish...
       c0: 5	c1: 5	c2: 5	c3: 5	c4: 5	c5: 5	c6: 5	c7: 5	c8: 5	c9: 5	c10: 5	c11: 5	c12: 5	c13: 5	c14: 5	
Read data from board
0, 69296834, 0
7991198, 69408697, 64000
27758463, 69454594, 128000
37271775, 69491480, 64000
37062875, 69560462, 64000
38232298, 69623566, 64000
23892100, 69871454, 128000
8695843, 69985902, 64000
27328617, 70127069, 128000
33546183, 70407017, 64000
27169331, 70768495, 64000
21438179, 71127014, 64000
14971947, 71485095, 64000
15558823, 71739066, 128000
39495452, 71778600, 250000
Average:
0, 69297639, 0
7991670, 69409497, 64000
27759252, 69455386, 128000
37272457, 69492260, 64000
37063630, 69561260, 64000
38232648, 69624352, 64000
23892908, 69872101, 128000
8696802, 69986544, 64000
27337023, 70126912, 128000
33558053, 70406768, 64000
27183900, 70768654, 64000
21448122, 71127067, 64000
14983398, 71485138, 64000
15558795, 71739114, 128000
39401860, 71778682, 250000
