Host is running ...
size: 64000
Waiting for the board to finish...
       c0: 5	c1: 5	c2: 5	c3: 5	c4: 5	c5: 5	c6: 5	c7: 5	c8: 5	c9: 5	c10: 5	c11: 5	c12: 5	c13: 5	c14: 5	
Read data from board
0, 247019476, 0
7753108, 248607378, 64000
15472173, 250117670, 128000
7740070, 252326009, 64000
7720124, 255876017, 64000
7734381, 259199696, 64000
14206084, 262327136, 128000
7772041, 264387255, 64000
15501969, 266406558, 128000
7741876, 270715996, 64000
7721026, 276551013, 64000
7724957, 282857873, 64000
7725386, 289309760, 64000
14208256, 293516791, 128000
27205361, 294228272, 255980
Waiting for the board to finish...
       c0: 5	c1: 5	c2: 5	c3: 5	c4: 5	c5: 5	c6: 5	c7: 5	c8: 5	c9: 5	c10: 5	c11: 5	c12: 5	c13: 5	c14: 5	
Read data from board
0, 247017724, 0
7753306, 248604513, 64000
15473062, 250115646, 128000
7741564, 252319129, 64000
7720063, 255868318, 64000
7734481, 259177564, 64000
14206136, 262305567, 128000
7771946, 264365753, 64000
15501911, 266385459, 128000
7741903, 270696249, 64000
7721163, 276532509, 64000
7724950, 282837383, 64000
7725447, 289289602, 64000
14208576, 293506512, 128000
27205797, 294220725, 255980
Waiting for the board to finish...
       c0: 5	c1: 5	c2: 5	c3: 5	c4: 5	c5: 5	c6: 5	c7: 5	c8: 5	c9: 5	c10: 5	c11: 5	c12: 5	c13: 5	c14: 5	
Read data from board
0, 247025208, 0
7755360, 248612328, 64000
15474327, 250123221, 128000
7743166, 252330547, 64000
7720092, 255873292, 64000
7734197, 259181718, 64000
14207429, 262309518, 128000
7764396, 264369354, 64000
15511575, 266389918, 128000
7735571, 270699658, 64000
7720948, 276533659, 64000
7726639, 282839654, 64000
7725545, 289291927, 64000
14208721, 293520369, 128000
27205442, 294232401, 255980
Waiting for the board to finish...
       c0: 5	c1: 5	c2: 5	c3: 5	c4: 5	c5: 5	c6: 5	c7: 5	c8: 5	c9: 5	c10: 5	c11: 5	c12: 5	c13: 5	c14: 5	
Read data from board
0, 247015642, 0
7753182, 248602483, 64000
15472932, 250113840, 128000
7743162, 252318088, 64000
7719945, 255863611, 64000
7734420, 259179820, 64000
14206179, 262307704, 128000
7772280, 264367621, 64000
15501870, 266387981, 128000
7740546, 270697346, 64000
7720996, 276530384, 64000
7726651, 282836269, 64000
7725501, 289289157, 64000
14208492, 293498837, 128000
27205712, 294210500, 255980
Waiting for the board to finish...
       c0: 5	c1: 5	c2: 5	c3: 5	c4: 5	c5: 5	c6: 5	c7: 5	c8: 5	c9: 5	c10: 5	c11: 5	c12: 5	c13: 5	c14: 5	
Read data from board
0, 247020341, 0
7755532, 248608981, 64000
15474002, 250120107, 128000
7743147, 252331654, 64000
7720081, 255886749, 64000
7734375, 259189496, 64000
14206042, 262317727, 128000
7764355, 264377730, 64000
15509392, 266397118, 128000
7741674, 270707248, 64000
7721112, 276542333, 64000
7725084, 282850352, 64000
7725512, 289302528, 64000
14208468, 293525212, 128000
27205428, 294234614, 255980
Waiting for the board to finish...
       c0: 5	c1: 5	c2: 5	c3: 5	c4: 5	c5: 5	c6: 5	c7: 5	c8: 5	c9: 5	c10: 5	c11: 5	c12: 5	c13: 5	c14: 5	
Read data from board
0, 247020235, 0
7753176, 248608650, 64000
15472848, 250118955, 128000
7741693, 252326014, 64000
7720025, 255877146, 64000
7734028, 259190342, 64000
14207373, 262317806, 128000
7771987, 264378032, 64000
15501873, 266399558, 128000
7740738, 270709263, 64000
7720988, 276544335, 64000
7725002, 282852515, 64000
7725535, 289305024, 64000
14208316, 293525728, 128000
27205181, 294238692, 255980
Waiting for the board to finish...
       c0: 5	c1: 5	c2: 5	c3: 5	c4: 5	c5: 5	c6: 5	c7: 5	c8: 5	c9: 5	c10: 5	c11: 5	c12: 5	c13: 5	c14: 5	
Read data from board
0, 247016635, 0
7755325, 248604681, 64000
15473841, 250115100, 128000
7742191, 252321438, 64000
7719996, 255866598, 64000
7734094, 259179585, 64000
14207354, 262307800, 128000
7772016, 264368317, 64000
15502349, 266388540, 128000
7741709, 270698428, 64000
7721031, 276531885, 64000
7724921, 282835609, 64000
7725534, 289287220, 64000
14208207, 293502699, 128000
27206104, 294219651, 255980
Waiting for the board to finish...
       c0: 5	c1: 5	c2: 5	c3: 5	c4: 5	c5: 5	c6: 5	c7: 5	c8: 5	c9: 5	c10: 5	c11: 5	c12: 5	c13: 5	c14: 5	
Read data from board
0, 247026639, 0
7753330, 248613250, 64000
15472320, 250123837, 128000
7740552, 252330320, 64000
7720074, 255872288, 64000
7734362, 259177898, 64000
14206054, 262305384, 128000
7764212, 264365611, 64000
15509826, 266385482, 128000
7742178, 270694520, 64000
7721011, 276527370, 64000
7725082, 282830944, 64000
7725520, 289283190, 64000
14208339, 293504184, 128000
27205805, 294211785, 255980
Waiting for the board to finish...
       c0: 5	c1: 5	c2: 5	c3: 5	c4: 5	c5: 5	c6: 5	c7: 5	c8: 5	c9: 5	c10: 5	c11: 5	c12: 5	c13: 5	c14: 5	
Read data from board
0, 247014438, 0
7755280, 248602561, 64000
15473984, 250113792, 128000
7743088, 252320268, 64000
7720101, 255868466, 64000
7734426, 259185757, 64000
14206135, 262313772, 128000
7772071, 264374353, 64000
15508782, 266393864, 128000
7737422, 270703322, 64000
7720986, 276538838, 64000
7724981, 282846266, 64000
7725393, 289298487, 64000
14208312, 293524817, 128000
27205191, 294233806, 255980
Waiting for the board to finish...
       c0: 5	c1: 5	c2: 5	c3: 5	c4: 5	c5: 5	c6: 5	c7: 5	c8: 5	c9: 5	c10: 5	c11: 5	c12: 5	c13: 5	c14: 5	
Read data from board
0, 247018428, 0
7753141, 248605770, 64000
15473159, 250116063, 128000
7741942, 252324969, 64000
7719971, 255882293, 64000
7734252, 259202389, 64000
14207085, 262330908, 128000
7764312, 264391716, 64000
15511308, 266411707, 128000
7737489, 270721462, 64000
7720986, 276554896, 64000
7726642, 282861416, 64000
7725561, 289314122, 64000
14208427, 293538874, 128000
27205752, 294251795, 255980
Average:
0, 247019476, 0
7754074, 248607059, 64000
15473264, 250117823, 128000
7742057, 252324843, 64000
7720047, 255873477, 64000
7734301, 259186426, 64000
14206587, 262314332, 128000
7768961, 264374574, 64000
15506085, 266394618, 128000
7740110, 270704349, 64000
7721024, 276538722, 64000
7725490, 282844828, 64000
7725493, 289297101, 64000
14208411, 293516402, 128000
27205577, 294228224, 255980
