Host is running ...
size: 64000
Waiting for the board to finish...
       c0: 5	c1: 5	c2: 5	c3: 5	c4: 5	c5: 5	c6: 5	c7: 5	c8: 5	c9: 5	c10: 5	c11: 5	c12: 5	c13: 5	c14: 5	
Read data from board
59581490, 72909789, 64000
37632770, 72941015, 128000
42024892, 72979680, 64000
53212772, 72996433, 64000
52197667, 73068790, 64000
53569727, 73141111, 64000
41487509, 73257147, 64000
39187493, 73294339, 128000
15041783, 73295471, 64000
15121265, 73297586, 64000
14992304, 73300277, 64000
19095637, 73303367, 64000
14184796, 73305309, 64000
14935279, 73343944, 64000
0, 73344810, 0
Waiting for the board to finish...
       c0: 5	c1: 5	c2: 5	c3: 5	c4: 5	c5: 5	c6: 5	c7: 5	c8: 5	c9: 5	c10: 5	c11: 5	c12: 5	c13: 5	c14: 5	
Read data from board
59578277, 72906576, 64000
37626781, 72937738, 128000
42027623, 72976231, 64000
53218630, 72993098, 64000
52202697, 73065591, 64000
53569982, 73137675, 64000
41485620, 73253470, 64000
39188796, 73290715, 128000
15043356, 73291841, 64000
15121005, 73293962, 64000
14992168, 73296662, 64000
19082066, 73299745, 64000
14191976, 73301670, 64000
14841230, 73340281, 64000
0, 73341141, 0
Waiting for the board to finish...
       c0: 5	c1: 5	c2: 5	c3: 5	c4: 5	c5: 5	c6: 5	c7: 5	c8: 5	c9: 5	c10: 5	c11: 5	c12: 5	c13: 5	c14: 5	
Read data from board
59583993, 72912292, 64000
37631882, 72943499, 128000
42045007, 72982123, 64000
53235517, 72998919, 64000
52218641, 73071594, 64000
53582573, 73143467, 64000
41489469, 73259461, 64000
39190303, 73296674, 128000
15043406, 73297808, 64000
15121765, 73299906, 64000
14990476, 73302618, 64000
19091668, 73305661, 64000
14193283, 73307620, 64000
14841072, 73346250, 64000
0, 73347086, 0
Waiting for the board to finish...
       c0: 5	c1: 5	c2: 5	c3: 5	c4: 5	c5: 5	c6: 5	c7: 5	c8: 5	c9: 5	c10: 5	c11: 5	c12: 5	c13: 5	c14: 5	
Read data from board
59582606, 72910905, 64000
37630116, 72942090, 128000
42035715, 72981036, 64000
53226424, 72997804, 64000
52205579, 73069905, 64000
53584089, 73142216, 64000
41488357, 73257994, 64000
39187455, 73295202, 128000
15042752, 73296345, 64000
15121850, 73298451, 64000
14990905, 73301202, 64000
19090372, 73304211, 64000
14191021, 73306167, 64000
14841552, 73344792, 64000
0, 73345656, 0
Waiting for the board to finish...
       c0: 5	c1: 5	c2: 5	c3: 5	c4: 5	c5: 5	c6: 5	c7: 5	c8: 5	c9: 5	c10: 5	c11: 5	c12: 5	c13: 5	c14: 5	
Read data from board
59582200, 72910499, 64000
37629477, 72941734, 128000
42047070, 72980638, 64000
53239293, 72997394, 64000
52218882, 73069695, 64000
53581986, 73141828, 64000
41490491, 73257889, 64000
39188311, 73295095, 128000
15044339, 73296221, 64000
15119794, 73298345, 64000
14992543, 73301071, 64000
19092190, 73304172, 64000
14189956, 73306122, 64000
14842157, 73344760, 64000
0, 73345622, 0
Waiting for the board to finish...
       c0: 5	c1: 5	c2: 5	c3: 5	c4: 5	c5: 5	c6: 5	c7: 5	c8: 5	c9: 5	c10: 5	c11: 5	c12: 5	c13: 5	c14: 5	
Read data from board
59585556, 72913855, 64000
37635883, 72945102, 128000
42039218, 72983590, 64000
53228118, 73000553, 64000
52213597, 73072901, 64000
53583005, 73144747, 64000
41493308, 73260977, 64000
39191257, 73298146, 128000
15042270, 73299267, 64000
15120419, 73301407, 64000
14990006, 73304134, 64000
19089901, 73307222, 64000
14190358, 73309173, 64000
14841689, 73347806, 64000
0, 73348660, 0
Waiting for the board to finish...
       c0: 5	c1: 5	c2: 5	c3: 5	c4: 5	c5: 5	c6: 5	c7: 5	c8: 5	c9: 5	c10: 5	c11: 5	c12: 5	c13: 5	c14: 5	
Read data from board
59586068, 72914367, 64000
37636808, 72945570, 128000
42036707, 72984337, 64000
53224623, 73001104, 64000
52209024, 73073382, 64000
53577881, 73145447, 64000
41492934, 73261552, 64000
39192322, 73298702, 128000
15043661, 73299834, 64000
15120265, 73301974, 64000
14990334, 73304682, 64000
19089873, 73307772, 64000
14190856, 73309731, 64000
14842134, 73348371, 64000
0, 73349225, 0
Waiting for the board to finish...
       c0: 5	c1: 5	c2: 5	c3: 5	c4: 5	c5: 5	c6: 5	c7: 5	c8: 5	c9: 5	c10: 5	c11: 5	c12: 5	c13: 5	c14: 5	
Read data from board
59585338, 72913637, 64000
37635106, 72944879, 128000
42036279, 72983550, 64000
53224561, 73000325, 64000
52206130, 73072665, 64000
53583836, 73144762, 64000
41492181, 73260793, 64000
39190227, 73297990, 128000
15042592, 73299113, 64000
15121300, 73301230, 64000
14992258, 73303941, 64000
19085645, 73306981, 64000
14191677, 73308917, 64000
14841078, 73347549, 64000
0, 73348408, 0
Waiting for the board to finish...
       c0: 5	c1: 5	c2: 5	c3: 5	c4: 5	c5: 5	c6: 5	c7: 5	c8: 5	c9: 5	c10: 5	c11: 5	c12: 5	c13: 5	c14: 5	
Read data from board
59581041, 72909340, 64000
37632936, 72940529, 128000
42035056, 72979189, 64000
53225563, 72996065, 64000
52209397, 73068175, 64000
53578387, 73140426, 64000
41489284, 73256478, 64000
39189006, 73293682, 128000
15043519, 73294817, 64000
15121338, 73296941, 64000
14991345, 73299652, 64000
19082004, 73302729, 64000
14191787, 73304663, 64000
14841369, 73343300, 64000
0, 73344166, 0
Waiting for the board to finish...
       c0: 5	c1: 5	c2: 5	c3: 5	c4: 5	c5: 5	c6: 5	c7: 5	c8: 5	c9: 5	c10: 5	c11: 5	c12: 5	c13: 5	c14: 5	
Read data from board
59584497, 72912796, 64000
37632351, 72943999, 128000
42039933, 72982865, 64000
53227355, 72999643, 64000
52207124, 73072023, 64000
53584994, 73144072, 64000
41491731, 73259987, 64000
39193150, 73297153, 128000
15043355, 73298279, 64000
15122501, 73300408, 64000
14990455, 73303153, 64000
19085966, 73306153, 64000
14190792, 73308074, 64000
14840685, 73346703, 64000
0, 73347564, 0
Average:
59583106, 72911405, 64000
37632411, 72942615, 128000
42036750, 72981323, 64000
53226285, 72998133, 64000
52208873, 73070472, 64000
53579646, 73142575, 64000
41490088, 73258574, 64000
39189832, 73295769, 128000
15043103, 73296899, 64000
15121150, 73299021, 64000
14991279, 73301739, 64000
19088532, 73304801, 64000
14190650, 73306744, 64000
14850824, 73345375, 64000
0, 73346233, 0
