Host is running ...
size: 64000
Waiting for the board to finish...
       c0: 5	c1: 5	c2: 5	c3: 5	c4: 5	c5: 5	c6: 5	c7: 5	c8: 5	c9: 5	c10: 5	c11: 5	c12: 5	c13: 5	c14: 5	
Read data from board
57738694, 71066993, 64000
35932871, 71293367, 128000
34801474, 71507071, 64000
45022310, 71764395, 64000
45794938, 72215065, 64000
49281243, 72663323, 64000
40152563, 73155283, 64000
39336403, 73376277, 128000
15105066, 73377407, 64000
15184839, 73379536, 64000
15050293, 73382268, 64000
19219462, 73385360, 64000
14214955, 73387320, 64000
14926497, 73425959, 64000
0, 73426819, 0
Waiting for the board to finish...
       c0: 5	c1: 5	c2: 5	c3: 5	c4: 5	c5: 5	c6: 5	c7: 5	c8: 5	c9: 5	c10: 5	c11: 5	c12: 5	c13: 5	c14: 5	
Read data from board
57742384, 71070683, 64000
35936172, 71297449, 128000
34813520, 71511211, 64000
45035827, 71768588, 64000
45816524, 72218586, 64000
49302452, 72666947, 64000
40174896, 73158750, 64000
39337223, 73379937, 128000
15107907, 73381085, 64000
15186015, 73383196, 64000
15052318, 73385929, 64000
19217681, 73388967, 64000
14220283, 73390904, 64000
14877167, 73429541, 64000
0, 73430400, 0
Waiting for the board to finish...
       c0: 5	c1: 5	c2: 5	c3: 5	c4: 5	c5: 5	c6: 5	c7: 5	c8: 5	c9: 5	c10: 5	c11: 5	c12: 5	c13: 5	c14: 5	
Read data from board
57743073, 71071372, 64000
35935104, 71298039, 128000
34814535, 71512140, 64000
45035927, 71769481, 64000
45823614, 72219731, 64000
49316939, 72668320, 64000
40175320, 73160196, 64000
39341017, 73381329, 128000
15107816, 73382474, 64000
15186127, 73384597, 64000
15052130, 73387335, 64000
19214418, 73390327, 64000
14220030, 73392284, 64000
14878379, 73430905, 64000
0, 73431766, 0
Waiting for the board to finish...
       c0: 5	c1: 5	c2: 5	c3: 5	c4: 5	c5: 5	c6: 5	c7: 5	c8: 5	c9: 5	c10: 5	c11: 5	c12: 5	c13: 5	c14: 5	
Read data from board
57740484, 71068783, 64000
35933864, 71295267, 128000
34801608, 71509289, 64000
45019673, 71766675, 64000
45779316, 72216679, 64000
49294474, 72665260, 64000
40164828, 73156825, 64000
39338697, 73378201, 128000
15110148, 73379347, 64000
15185514, 73381476, 64000
15053180, 73384209, 64000
19211413, 73387261, 64000
14221566, 73389227, 64000
14877349, 73427851, 64000
0, 73428712, 0
Waiting for the board to finish...
       c0: 5	c1: 5	c2: 5	c3: 5	c4: 5	c5: 5	c6: 5	c7: 5	c8: 5	c9: 5	c10: 5	c11: 5	c12: 5	c13: 5	c14: 5	
Read data from board
57740991, 71069290, 64000
35936264, 71295939, 128000
34820792, 71509366, 64000
45040892, 71766659, 64000
45815391, 72217242, 64000
49308623, 72665613, 64000
40164326, 73157150, 64000
39338462, 73378338, 128000
15110447, 73379464, 64000
15186363, 73381571, 64000
15053749, 73384276, 64000
19219457, 73387366, 64000
14218293, 73389307, 64000
14877050, 73427937, 64000
0, 73428787, 0
Waiting for the board to finish...
       c0: 5	c1: 5	c2: 5	c3: 5	c4: 5	c5: 5	c6: 5	c7: 5	c8: 5	c9: 5	c10: 5	c11: 5	c12: 5	c13: 5	c14: 5	
Read data from board
57737348, 71065647, 64000
35930387, 71292018, 128000
34809473, 71505870, 64000
45031407, 71763293, 64000
45810746, 72213811, 64000
49310593, 72662621, 64000
40163218, 73154171, 64000
39339034, 73375487, 128000
15106827, 73376606, 64000
15186337, 73378730, 64000
15051750, 73381453, 64000
19215657, 73384482, 64000
14219552, 73386417, 64000
14876979, 73425054, 64000
0, 73425890, 0
Waiting for the board to finish...
       c0: 5	c1: 5	c2: 5	c3: 5	c4: 5	c5: 5	c6: 5	c7: 5	c8: 5	c9: 5	c10: 5	c11: 5	c12: 5	c13: 5	c14: 5	
Read data from board
57743371, 71071670, 64000
35938653, 71298437, 128000
34805166, 71512350, 64000
45019792, 71769755, 64000
45788736, 72219629, 64000
49282857, 72668575, 64000
40157842, 73161157, 64000
39339762, 73382307, 128000
15106831, 73383475, 64000
15186116, 73385610, 64000
15053087, 73388360, 64000
19211082, 73391412, 64000
14219776, 73393356, 64000
14878445, 73432031, 64000
0, 73432888, 0
Waiting for the board to finish...
       c0: 5	c1: 5	c2: 5	c3: 5	c4: 5	c5: 5	c6: 5	c7: 5	c8: 5	c9: 5	c10: 5	c11: 5	c12: 5	c13: 5	c14: 5	
Read data from board
57747217, 71075516, 64000
35941562, 71301974, 128000
34825048, 71515452, 64000
45050407, 71772672, 64000
45838499, 72222546, 64000
49330462, 72671020, 64000
40180418, 73162454, 64000
39339739, 73383807, 128000
15106145, 73384945, 64000
15186097, 73387032, 64000
15051531, 73389761, 64000
19214839, 73392840, 64000
14221406, 73394792, 64000
14877588, 73433402, 64000
0, 73434254, 0
Waiting for the board to finish...
       c0: 5	c1: 5	c2: 5	c3: 5	c4: 5	c5: 5	c6: 5	c7: 5	c8: 5	c9: 5	c10: 5	c11: 5	c12: 5	c13: 5	c14: 5	
Read data from board
57742494, 71070793, 64000
35935973, 71297263, 128000
34795201, 71511003, 64000
45016242, 71768224, 64000
45790943, 72218318, 64000
49287652, 72666853, 64000
40161794, 73158589, 64000
39339416, 73379851, 128000
15106988, 73380980, 64000
15185295, 73383111, 64000
15053383, 73385825, 64000
19211473, 73388924, 64000
14219590, 73390876, 64000
14877742, 73429493, 64000
0, 73430355, 0
Waiting for the board to finish...
       c0: 5	c1: 5	c2: 5	c3: 5	c4: 5	c5: 5	c6: 5	c7: 5	c8: 5	c9: 5	c10: 5	c11: 5	c12: 5	c13: 5	c14: 5	
Read data from board
57742800, 71071099, 64000
35937532, 71297831, 128000
34828824, 71511835, 64000
45050634, 71768933, 64000
45816835, 72219117, 64000
49315127, 72668081, 64000
40169991, 73159816, 64000
39340159, 73381082, 128000
15109266, 73382196, 64000
15184570, 73384320, 64000
15051430, 73387002, 64000
19218674, 73390092, 64000
14219918, 73392042, 64000
14878703, 73430660, 64000
0, 73431505, 0
Average:
57741885, 71070184, 64000
35935838, 71296758, 128000
34811564, 71510558, 64000
45032311, 71767867, 64000
45807554, 72218072, 64000
49303042, 72666661, 64000
40166519, 73158439, 64000
39338991, 73379661, 128000
15107744, 73380797, 64000
15185727, 73382917, 64000
15052285, 73385641, 64000
19215415, 73388703, 64000
14219536, 73390652, 64000
14882589, 73429283, 64000
0, 73430137, 0
