Host is running ...
size: 64000
Waiting for the board to finish...
       c0: 5	c1: 5	c2: 5	c3: 5	c4: 5	c5: 5	c6: 5	c7: 5	c8: 5	c9: 5	c10: 5	c11: 5	c12: 5	c13: 5	c14: 5	
Read data from board
70667156, 83691484, 64000
49687963, 83723573, 128000
28770855, 83740674, 64000
35128637, 83786184, 64000
48480780, 83853445, 64000
55429844, 83919838, 64000
46576605, 84000294, 64000
40783624, 84023172, 128000
20591143, 84035830, 64000
20038104, 84051508, 64000
22364238, 84085955, 64000
22585968, 84138451, 64000
21143834, 84192016, 64000
22219213, 84246813, 64000
0, 84251036, 0
Waiting for the board to finish...
       c0: 5	c1: 5	c2: 5	c3: 5	c4: 5	c5: 5	c6: 5	c7: 5	c8: 5	c9: 5	c10: 5	c11: 5	c12: 5	c13: 5	c14: 5	
Read data from board
70673707, 83698054, 64000
49694896, 83730390, 128000
28770877, 83747507, 64000
35128905, 83793144, 64000
48489360, 83860183, 64000
55417612, 83927188, 64000
46583389, 84007729, 64000
40783506, 84030579, 128000
20591279, 84043228, 64000
20038182, 84058927, 64000
22364066, 84093354, 64000
22586161, 84147070, 64000
21142429, 84200183, 64000
22224360, 84253691, 64000
0, 84257901, 0
Waiting for the board to finish...
       c0: 5	c1: 5	c2: 5	c3: 5	c4: 5	c5: 5	c6: 5	c7: 5	c8: 5	c9: 5	c10: 5	c11: 5	c12: 5	c13: 5	c14: 5	
Read data from board
70670220, 83694567, 64000
49689239, 83726723, 128000
28768033, 83743817, 64000
35128491, 83789621, 64000
48488969, 83855601, 64000
55422531, 83922281, 64000
46585306, 84002782, 64000
40783688, 84025648, 128000
20591671, 84038301, 64000
20037784, 84053986, 64000
22363853, 84088437, 64000
22585914, 84142462, 64000
21142112, 84195523, 64000
22224861, 84249027, 64000
0, 84253266, 0
Waiting for the board to finish...
       c0: 5	c1: 5	c2: 5	c3: 5	c4: 5	c5: 5	c6: 5	c7: 5	c8: 5	c9: 5	c10: 5	c11: 5	c12: 5	c13: 5	c14: 5	
Read data from board
70673384, 83698003, 64000
49694194, 83729026, 128000
28776419, 83746144, 64000
35135125, 83791861, 64000
48505375, 83858867, 64000
55456110, 83925255, 64000
46585178, 84005768, 64000
40784110, 84028608, 128000
20592244, 84041268, 64000
20038139, 84056976, 64000
22364050, 84091404, 64000
22586188, 84145437, 64000
21142818, 84198544, 64000
22224611, 84252050, 64000
0, 84256286, 0
Waiting for the board to finish...
       c0: 5	c1: 5	c2: 5	c3: 5	c4: 5	c5: 5	c6: 5	c7: 5	c8: 5	c9: 5	c10: 5	c11: 5	c12: 5	c13: 5	c14: 5	
Read data from board
70681677, 83706024, 64000
49702032, 83737501, 128000
28789680, 83754599, 64000
35147405, 83800212, 64000
48500569, 83867802, 64000
55440635, 83934438, 64000
46590544, 84014932, 64000
40783232, 84037778, 128000
20591164, 84050430, 64000
20037971, 84066100, 64000
22364401, 84100569, 64000
22585733, 84154317, 64000
21142143, 84207284, 64000
22224406, 84260783, 64000
0, 84265005, 0
Waiting for the board to finish...
       c0: 5	c1: 5	c2: 5	c3: 5	c4: 5	c5: 5	c6: 5	c7: 5	c8: 5	c9: 5	c10: 5	c11: 5	c12: 5	c13: 5	c14: 5	
Read data from board
70664112, 83688437, 64000
49686443, 83720199, 128000
28770036, 83737300, 64000
35127415, 83782727, 64000
48487592, 83849743, 64000
55395353, 83916409, 64000
46573895, 83996898, 64000
40783214, 84019740, 128000
20591402, 84032395, 64000
20037977, 84048059, 64000
22363966, 84082519, 64000
22585747, 84136270, 64000
21142311, 84189377, 64000
22224467, 84242887, 64000
0, 84247101, 0
Waiting for the board to finish...
       c0: 5	c1: 5	c2: 5	c3: 5	c4: 5	c5: 5	c6: 5	c7: 5	c8: 5	c9: 5	c10: 5	c11: 5	c12: 5	c13: 5	c14: 5	
Read data from board
70677470, 83701817, 64000
49697656, 83733648, 128000
28784217, 83750744, 64000
35141878, 83795804, 64000
48500541, 83862873, 64000
55456517, 83929533, 64000
46590814, 84010043, 64000
40783424, 84032891, 128000
20590868, 84045553, 64000
20038292, 84061228, 64000
22364172, 84095664, 64000
22585796, 84149464, 64000
21142791, 84202571, 64000
22224483, 84256076, 64000
0, 84260287, 0
Waiting for the board to finish...
       c0: 5	c1: 5	c2: 5	c3: 5	c4: 5	c5: 5	c6: 5	c7: 5	c8: 5	c9: 5	c10: 5	c11: 5	c12: 5	c13: 5	c14: 5	
Read data from board
70681343, 83705988, 64000
49703613, 83736979, 128000
28789653, 83754101, 64000
35148273, 83800576, 64000
48509043, 83867416, 64000
55425358, 83934056, 64000
46580147, 84014584, 64000
40783844, 84037428, 128000
20591456, 84050079, 64000
20037974, 84065759, 64000
22364708, 84100213, 64000
22586152, 84153987, 64000
21142642, 84207036, 64000
22224296, 84260521, 64000
0, 84264748, 0
Waiting for the board to finish...
       c0: 5	c1: 5	c2: 5	c3: 5	c4: 5	c5: 5	c6: 5	c7: 5	c8: 5	c9: 5	c10: 5	c11: 5	c12: 5	c13: 5	c14: 5	
Read data from board
70673738, 83698057, 64000
49694570, 83729171, 128000
28780778, 83746267, 64000
35139450, 83792257, 64000
48497747, 83859519, 64000
55426327, 83925906, 64000
46571493, 84006393, 64000
40784316, 84029239, 128000
20591403, 84041894, 64000
20037998, 84057566, 64000
22364320, 84092001, 64000
22585758, 84146033, 64000
21142213, 84199073, 64000
22224487, 84252575, 64000
0, 84256804, 0
Waiting for the board to finish...
       c0: 5	c1: 5	c2: 5	c3: 5	c4: 5	c5: 5	c6: 5	c7: 5	c8: 5	c9: 5	c10: 5	c11: 5	c12: 5	c13: 5	c14: 5	
Read data from board
70682018, 83706642, 64000
49702755, 83738573, 128000
28781027, 83755674, 64000
35140599, 83801713, 64000
48486236, 83868936, 64000
55473172, 83935338, 64000
46581267, 84015826, 64000
40784586, 84038685, 128000
20591568, 84051343, 64000
20038187, 84067025, 64000
22364323, 84101464, 64000
22586067, 84155190, 64000
21142715, 84208289, 64000
22224081, 84261795, 64000
0, 84266018, 0
Average:
70674482, 83698907, 64000
49695336, 83730578, 128000
28778157, 83747682, 64000
35136617, 83793409, 64000
48494621, 83860438, 64000
55434345, 83927024, 64000
46581863, 84007524, 64000
40783754, 84030376, 128000
20591419, 84043032, 64000
20038060, 84058713, 64000
22364209, 84093158, 64000
22585948, 84146868, 64000
21142600, 84199989, 64000
22223926, 84253621, 64000
0, 84257845, 0
