Host is running ...
size: 64000
Waiting for the board to finish...
       c0: 5	c1: 5	c2: 5	c3: 5	c4: 5	c5: 5	c6: 5	c7: 5	c8: 5	c9: 5	c10: 5	c11: 5	c12: 5	c13: 5	c14: 5	
Read data from board
29021020, 236547745, 64000
109931334, 237220215, 128000
99851661, 237898639, 64000
113293943, 238845752, 64000
126629133, 240572081, 64000
140267959, 242039532, 64000
137459661, 243497506, 64000
156710977, 244393599, 128000
152860807, 245309853, 64000
171594711, 247263224, 64000
186506385, 249927308, 64000
201847411, 252674411, 64000
216570450, 255506661, 64000
178750098, 257862603, 64000
0, 258144585, 0
Waiting for the board to finish...
       c0: 5	c1: 5	c2: 5	c3: 5	c4: 5	c5: 5	c6: 5	c7: 5	c8: 5	c9: 5	c10: 5	c11: 5	c12: 5	c13: 5	c14: 5	
Read data from board
29042218, 236567088, 64000
110077179, 237240898, 128000
100075797, 237917823, 64000
113529839, 238863452, 64000
126825669, 240589444, 64000
140509468, 242056623, 64000
137644968, 243514693, 64000
156883964, 244410256, 128000
152733394, 245327248, 64000
171534419, 247281050, 64000
186534783, 249943461, 64000
201870151, 252690408, 64000
216543701, 255518916, 64000
178765813, 257876842, 64000
0, 258159220, 0
Waiting for the board to finish...
       c0: 5	c1: 5	c2: 5	c3: 5	c4: 5	c5: 5	c6: 5	c7: 5	c8: 5	c9: 5	c10: 5	c11: 5	c12: 5	c13: 5	c14: 5	
Read data from board
29004147, 236543943, 64000
109846055, 237217849, 128000
99801018, 237893968, 64000
113277994, 238840538, 64000
126662143, 240567082, 64000
140331470, 242034543, 64000
137537168, 243492491, 64000
156769864, 244387905, 128000
152685147, 245305011, 64000
171486629, 247257433, 64000
186509297, 249919589, 64000
201846388, 252665788, 64000
216549150, 255492496, 64000
178740267, 257843208, 64000
0, 258125652, 0
Waiting for the board to finish...
       c0: 5	c1: 5	c2: 5	c3: 5	c4: 5	c5: 5	c6: 5	c7: 5	c8: 5	c9: 5	c10: 5	c11: 5	c12: 5	c13: 5	c14: 5	
Read data from board
29018560, 236548760, 64000
109972479, 237223093, 128000
99863513, 237900985, 64000
113257230, 238846082, 64000
126628484, 240572971, 64000
140231210, 242039948, 64000
137412734, 243498765, 64000
156668625, 244394391, 128000
152780489, 245311433, 64000
171544658, 247264247, 64000
186488391, 249928419, 64000
201776886, 252674844, 64000
216554578, 255501964, 64000
178752216, 257850402, 64000
0, 258136307, 0
Waiting for the board to finish...
       c0: 5	c1: 5	c2: 5	c3: 5	c4: 5	c5: 5	c6: 5	c7: 5	c8: 5	c9: 5	c10: 5	c11: 5	c12: 5	c13: 5	c14: 5	
Read data from board
29032439, 236568822, 64000
110020364, 237242198, 128000
99973286, 237921582, 64000
113424674, 238866208, 64000
126685501, 240592288, 64000
140353755, 242059487, 64000
137577984, 243516663, 64000
156853299, 244412783, 128000
152696244, 245329364, 64000
171488772, 247283300, 64000
186529232, 249947355, 64000
201832234, 252693870, 64000
216621677, 255518446, 64000
178775363, 257874742, 64000
0, 258154752, 0
Waiting for the board to finish...
       c0: 5	c1: 5	c2: 5	c3: 5	c4: 5	c5: 5	c6: 5	c7: 5	c8: 5	c9: 5	c10: 5	c11: 5	c12: 5	c13: 5	c14: 5	
Read data from board
29018607, 236540926, 64000
109914036, 237215034, 128000
99801944, 237892317, 64000
113223134, 238834272, 64000
126554011, 240560838, 64000
140144668, 242027843, 64000
137426876, 243485846, 64000
156587057, 244381547, 128000
152727860, 245298619, 64000
171401477, 247252536, 64000
186395728, 249916609, 64000
201857099, 252661751, 64000
216550067, 255489020, 64000
178749671, 257849176, 64000
0, 258136217, 0
Waiting for the board to finish...
       c0: 5	c1: 5	c2: 5	c3: 5	c4: 5	c5: 5	c6: 5	c7: 5	c8: 5	c9: 5	c10: 5	c11: 5	c12: 5	c13: 5	c14: 5	
Read data from board
29060267, 236584795, 64000
110199866, 237258608, 128000
100203534, 237936770, 64000
113710282, 238880430, 64000
127007304, 240607408, 64000
140680328, 242074590, 64000
137793531, 243532920, 64000
157055918, 244428611, 128000
152922035, 245344905, 64000
171789754, 247299527, 64000
186650030, 249963780, 64000
201922822, 252710723, 64000
216658618, 255538650, 64000
178787704, 257880839, 64000
0, 258164759, 0
Waiting for the board to finish...
       c0: 5	c1: 5	c2: 5	c3: 5	c4: 5	c5: 5	c6: 5	c7: 5	c8: 5	c9: 5	c10: 5	c11: 5	c12: 5	c13: 5	c14: 5	
Read data from board
29014867, 236543407, 64000
109957532, 237217122, 128000
99925927, 237895048, 64000
113368873, 238839520, 64000
126621671, 240566815, 64000
140141855, 242034110, 64000
137397618, 243492541, 64000
156484042, 244388130, 128000
152643399, 245304629, 64000
171320038, 247258782, 64000
186378012, 249921827, 64000
201774183, 252668089, 64000
216523144, 255497367, 64000
178745242, 257853960, 64000
0, 258132475, 0
Waiting for the board to finish...
       c0: 5	c1: 5	c2: 5	c3: 5	c4: 5	c5: 5	c6: 5	c7: 5	c8: 5	c9: 5	c10: 5	c11: 5	c12: 5	c13: 5	c14: 5	
Read data from board
29014770, 236557272, 64000
109992130, 237232499, 128000
99992375, 237909475, 64000
113405059, 238855200, 64000
126737355, 240580963, 64000
140400248, 242048216, 64000
137495935, 243506854, 64000
156773398, 244402450, 128000
152718672, 245319086, 64000
171549224, 247273902, 64000
186526007, 249937390, 64000
201920144, 252683297, 64000
216652357, 255516808, 64000
178776439, 257861644, 64000
0, 258149729, 0
Waiting for the board to finish...
       c0: 5	c1: 5	c2: 5	c3: 5	c4: 5	c5: 5	c6: 5	c7: 5	c8: 5	c9: 5	c10: 5	c11: 5	c12: 5	c13: 5	c14: 5	
Read data from board
29038456, 236561732, 64000
110043054, 237234565, 128000
100037236, 237912508, 64000
113421547, 238857644, 64000
126727549, 240582988, 64000
140347385, 242050639, 64000
137451722, 243508365, 64000
156715160, 244404271, 128000
152626961, 245321051, 64000
171610594, 247274108, 64000
186560380, 249937014, 64000
201811818, 252685202, 64000
216608100, 255508750, 64000
178763038, 257854020, 64000
0, 258135511, 0
Average:
29026535, 236556449, 64000
109995402, 237230208, 128000
99952629, 237907911, 64000
113391257, 238852909, 64000
126707882, 240579287, 64000
140340834, 242046553, 64000
137519819, 243504664, 64000
156750230, 244400394, 128000
152739500, 245317119, 64000
171532027, 247270810, 64000
186507824, 249934275, 64000
201845913, 252680838, 64000
216583184, 255508907, 64000
178760585, 257860743, 64000
0, 258143920, 0
