Host is running ...
size: 64000
Waiting for the board to finish...
       c0: 5	c1: 5	c2: 5	c3: 5	c4: 5	c5: 5	c6: 5	c7: 5	c8: 5	c9: 5	c10: 5	c11: 5	c12: 5	c13: 5	c14: 5	
Read data from board
115772843, 128682584, 64000
96607975, 128719340, 128000
68170868, 128747828, 64000
99598213, 128846167, 64000
104498093, 128957209, 64000
109136643, 129053733, 64000
87846131, 129191169, 64000
93680310, 129226740, 128000
46967066, 129237250, 64000
45771073, 129249550, 64000
45459764, 129267268, 64000
45800282, 129286372, 64000
46151248, 129340315, 64000
49383845, 129420294, 64000
0, 129423008, 0
Waiting for the board to finish...
       c0: 5	c1: 5	c2: 5	c3: 5	c4: 5	c5: 5	c6: 5	c7: 5	c8: 5	c9: 5	c10: 5	c11: 5	c12: 5	c13: 5	c14: 5	
Read data from board
115776730, 128686481, 64000
96610683, 128723150, 128000
68201265, 128751251, 64000
99667175, 128849768, 64000
104598033, 128960971, 64000
109198272, 129057496, 64000
87846908, 129194906, 64000
93681235, 129230497, 128000
46967707, 129241001, 64000
45771322, 129253290, 64000
45460383, 129270998, 64000
45800579, 129290110, 64000
46150457, 129344025, 64000
49342183, 129424007, 64000
0, 129426702, 0
Waiting for the board to finish...
       c0: 5	c1: 5	c2: 5	c3: 5	c4: 5	c5: 5	c6: 5	c7: 5	c8: 5	c9: 5	c10: 5	c11: 5	c12: 5	c13: 5	c14: 5	
Read data from board
115777958, 128687687, 64000
96613324, 128724437, 128000
68184403, 128752974, 64000
99616163, 128851254, 64000
104553485, 128962417, 64000
109207195, 129058900, 64000
87847619, 129196352, 64000
93681486, 129231957, 128000
46967100, 129242458, 64000
45770540, 129254762, 64000
45459748, 129272474, 64000
45800081, 129291556, 64000
46150976, 129345479, 64000
49342679, 129425470, 64000
0, 129428162, 0
Waiting for the board to finish...
       c0: 5	c1: 5	c2: 5	c3: 5	c4: 5	c5: 5	c6: 5	c7: 5	c8: 5	c9: 5	c10: 5	c11: 5	c12: 5	c13: 5	c14: 5	
Read data from board
115775259, 128684994, 64000
96609336, 128721670, 128000
68190167, 128749851, 64000
99654975, 128848575, 64000
104570323, 128959642, 64000
109179035, 129056186, 64000
87844984, 129193588, 64000
93682168, 129229145, 128000
46966822, 129239648, 64000
45770759, 129251947, 64000
45460296, 129269662, 64000
45800321, 129288790, 64000
46150392, 129342706, 64000
49342315, 129422686, 64000
0, 129425390, 0
Waiting for the board to finish...
       c0: 5	c1: 5	c2: 5	c3: 5	c4: 5	c5: 5	c6: 5	c7: 5	c8: 5	c9: 5	c10: 5	c11: 5	c12: 5	c13: 5	c14: 5	
Read data from board
115772778, 128682468, 64000
96605459, 128719600, 128000
68180493, 128748428, 64000
99619468, 128846391, 64000
104530783, 128957548, 64000
109154308, 129054049, 64000
87846470, 129191450, 64000
93681476, 129227037, 128000
46966540, 129237544, 64000
45771912, 129249840, 64000
45459535, 129267539, 64000
45801117, 129286649, 64000
46149489, 129340575, 64000
49342341, 129420571, 64000
0, 129423252, 0
Waiting for the board to finish...
       c0: 5	c1: 5	c2: 5	c3: 5	c4: 5	c5: 5	c6: 5	c7: 5	c8: 5	c9: 5	c10: 5	c11: 5	c12: 5	c13: 5	c14: 5	
Read data from board
115779254, 128688976, 64000
96613373, 128726064, 128000
68205890, 128754137, 64000
99656504, 128852731, 64000
104571266, 128963945, 64000
109197726, 129060366, 64000
87847027, 129197747, 64000
93679776, 129233306, 128000
46967654, 129243803, 64000
45771082, 129256096, 64000
45459449, 129273807, 64000
45799925, 129292924, 64000
46150924, 129346850, 64000
49342267, 129426850, 64000
0, 129429534, 0
Waiting for the board to finish...
       c0: 5	c1: 5	c2: 5	c3: 5	c4: 5	c5: 5	c6: 5	c7: 5	c8: 5	c9: 5	c10: 5	c11: 5	c12: 5	c13: 5	c14: 5	
Read data from board
115775080, 128684831, 64000
96609868, 128721531, 128000
68202935, 128749989, 64000
99662013, 128848504, 64000
104586846, 128959626, 64000
109197945, 129056055, 64000
87847846, 129193434, 64000
93680833, 129229015, 128000
46967212, 129239502, 64000
45771811, 129251781, 64000
45459592, 129269500, 64000
45800793, 129288568, 64000
46150043, 129342465, 64000
49342085, 129422427, 64000
0, 129425115, 0
Waiting for the board to finish...
       c0: 5	c1: 5	c2: 5	c3: 5	c4: 5	c5: 5	c6: 5	c7: 5	c8: 5	c9: 5	c10: 5	c11: 5	c12: 5	c13: 5	c14: 5	
Read data from board
115775996, 128685743, 64000
96609849, 128722421, 128000
68181300, 128750803, 64000
99621012, 128849416, 64000
104546963, 128960544, 64000
109173564, 129056979, 64000
87848136, 129194382, 64000
93681851, 129229951, 128000
46968107, 129240454, 64000
45771366, 129252753, 64000
45459657, 129270468, 64000
45800982, 129289585, 64000
46149809, 129343486, 64000
49342511, 129423472, 64000
0, 129426164, 0
Waiting for the board to finish...
       c0: 5	c1: 5	c2: 5	c3: 5	c4: 5	c5: 5	c6: 5	c7: 5	c8: 5	c9: 5	c10: 5	c11: 5	c12: 5	c13: 5	c14: 5	
Read data from board
115774775, 128684511, 64000
96610027, 128721267, 128000
68172280, 128749802, 64000
99589815, 128847979, 64000
104522803, 128959172, 64000
109159934, 129055626, 64000
87848074, 129192972, 64000
93680452, 129228543, 128000
46967445, 129239029, 64000
45770227, 129251317, 64000
45459416, 129269020, 64000
45800878, 129288122, 64000
46150026, 129342058, 64000
49343095, 129422042, 64000
0, 129424720, 0
Waiting for the board to finish...
       c0: 5	c1: 5	c2: 5	c3: 5	c4: 5	c5: 5	c6: 5	c7: 5	c8: 5	c9: 5	c10: 5	c11: 5	c12: 5	c13: 5	c14: 5	
Read data from board
115772934, 128682696, 64000
96608006, 128719400, 128000
68159847, 128747917, 64000
99556240, 128846521, 64000
104479498, 128957662, 64000
109145802, 129054191, 64000
87847865, 129191646, 64000
93682645, 129227198, 128000
46967708, 129237709, 64000
45772407, 129250004, 64000
45459768, 129267724, 64000
45800690, 129286843, 64000
46150330, 129340769, 64000
49342731, 129420755, 64000
0, 129423448, 0
Average:
115775360, 128685097, 64000
96609790, 128721888, 128000
68184944, 128750298, 64000
99624157, 128848730, 64000
104545809, 128959873, 64000
109175042, 129056358, 64000
87847106, 129193764, 64000
93681223, 129229338, 128000
46967336, 129239839, 64000
45771249, 129252134, 64000
45459760, 129269846, 64000
45800564, 129288951, 64000
46150369, 129342872, 64000
49346605, 129422857, 64000
0, 129425549, 0
