Host is running ...
size: 64000
Waiting for the board to finish...
       c0: 5	c1: 5	c2: 5	c3: 5	c4: 5	c5: 5	c6: 5	c7: 5	c8: 5	c9: 5	c10: 5	c11: 5	c12: 5	c13: 5	c14: 5	
Read data from board
20324325, 227553248, 64000
40782095, 227687827, 128000
20867842, 228635633, 64000
30223693, 230656941, 64000
53258190, 233978272, 64000
76063998, 236994932, 64000
89154726, 239887050, 64000
115484935, 241723259, 128000
111713464, 243618925, 64000
132800821, 247665579, 64000
158838911, 253167905, 64000
184577679, 259205767, 64000
210888364, 265270151, 64000
185011708, 269371692, 64000
0, 270059723, 0
Waiting for the board to finish...
       c0: 5	c1: 5	c2: 5	c3: 5	c4: 5	c5: 5	c6: 5	c7: 5	c8: 5	c9: 5	c10: 5	c11: 5	c12: 5	c13: 5	c14: 5	
Read data from board
20324589, 227510096, 64000
40781820, 227644729, 128000
21177316, 228663304, 64000
30723448, 230690756, 64000
53937097, 234011431, 64000
76641531, 237029554, 64000
89607134, 239923651, 64000
115481206, 241760299, 128000
112201678, 243653005, 64000
133559256, 247702557, 64000
159088495, 253208331, 64000
184824999, 259248613, 64000
211091409, 265315763, 64000
185027723, 269408110, 64000
0, 270097379, 0
Waiting for the board to finish...
       c0: 5	c1: 5	c2: 5	c3: 5	c4: 5	c5: 5	c6: 5	c7: 5	c8: 5	c9: 5	c10: 5	c11: 5	c12: 5	c13: 5	c14: 5	
Read data from board
20324338, 227525585, 64000
40781520, 227660341, 128000
21108130, 228663200, 64000
30602408, 230690159, 64000
53777073, 234010444, 64000
76470562, 237029608, 64000
89428454, 239924427, 64000
115631227, 241763902, 128000
112036647, 243655175, 64000
133423224, 247702266, 64000
159115055, 253209324, 64000
184747635, 259247287, 64000
211003410, 265314858, 64000
185037553, 269405867, 64000
0, 270101474, 0
Waiting for the board to finish...
       c0: 5	c1: 5	c2: 5	c3: 5	c4: 5	c5: 5	c6: 5	c7: 5	c8: 5	c9: 5	c10: 5	c11: 5	c12: 5	c13: 5	c14: 5	
Read data from board
20324391, 227533066, 64000
40781793, 227667851, 128000
21088658, 228667877, 64000
30871931, 230692330, 64000
53740825, 234014326, 64000
76464037, 237032773, 64000
89449250, 239929770, 64000
115693406, 241767035, 128000
112068229, 243662044, 64000
133426649, 247709439, 64000
159018812, 253217235, 64000
184743460, 259257341, 64000
211035130, 265322989, 64000
185054994, 269419908, 64000
0, 270106619, 0
Waiting for the board to finish...
       c0: 5	c1: 5	c2: 5	c3: 5	c4: 5	c5: 5	c6: 5	c7: 5	c8: 5	c9: 5	c10: 5	c11: 5	c12: 5	c13: 5	c14: 5	
Read data from board
20324377, 227552922, 64000
40781769, 227687740, 128000
20907156, 228645508, 64000
30278109, 230667169, 64000
53321344, 233989339, 64000
76186731, 237007538, 64000
89317548, 239902867, 64000
115372263, 241738864, 128000
111881809, 243630957, 64000
133056576, 247679333, 64000
158899402, 253182009, 64000
184626836, 259221135, 64000
210973654, 265289446, 64000
185002055, 269384789, 64000
0, 270072872, 0
Waiting for the board to finish...
       c0: 5	c1: 5	c2: 5	c3: 5	c4: 5	c5: 5	c6: 5	c7: 5	c8: 5	c9: 5	c10: 5	c11: 5	c12: 5	c13: 5	c14: 5	
Read data from board
20324575, 227561699, 64000
40781907, 227696385, 128000
20868481, 228642411, 64000
30208810, 230663079, 64000
53301670, 233984581, 64000
76060285, 237002190, 64000
89170113, 239896967, 64000
115542029, 241733198, 128000
111725724, 243627315, 64000
132706755, 247675439, 64000
158820681, 253183933, 64000
184723357, 259220140, 64000
211068902, 265285070, 64000
184995037, 269368227, 64000
0, 270064897, 0
Waiting for the board to finish...
       c0: 5	c1: 5	c2: 5	c3: 5	c4: 5	c5: 5	c6: 5	c7: 5	c8: 5	c9: 5	c10: 5	c11: 5	c12: 5	c13: 5	c14: 5	
Read data from board
20324533, 227551126, 64000
40781894, 227685803, 128000
20959484, 228655273, 64000
30561917, 230683646, 64000
53598760, 234004796, 64000
76351736, 237022701, 64000
89371412, 239916122, 64000
115521996, 241754749, 128000
111989804, 243649594, 64000
133262350, 247699011, 64000
159084693, 253203374, 64000
184735606, 259246751, 64000
211005680, 265315372, 64000
185029318, 269397056, 64000
0, 270082717, 0
Waiting for the board to finish...
       c0: 5	c1: 5	c2: 5	c3: 5	c4: 5	c5: 5	c6: 5	c7: 5	c8: 5	c9: 5	c10: 5	c11: 5	c12: 5	c13: 5	c14: 5	
Read data from board
20324336, 227532991, 64000
40781696, 227667597, 128000
20984621, 228645552, 64000
30572384, 230670552, 64000
53509332, 233991543, 64000
76173819, 237009913, 64000
89252007, 239904461, 64000
115306067, 241740280, 128000
111849823, 243634987, 64000
132980595, 247683275, 64000
158748077, 253194626, 64000
184653263, 259234429, 64000
210959183, 265297027, 64000
185015345, 269384955, 64000
0, 270080089, 0
Waiting for the board to finish...
       c0: 5	c1: 5	c2: 5	c3: 5	c4: 5	c5: 5	c6: 5	c7: 5	c8: 5	c9: 5	c10: 5	c11: 5	c12: 5	c13: 5	c14: 5	
Read data from board
20324556, 227545460, 64000
40781194, 227680100, 128000
20971008, 228653326, 64000
30614702, 230673529, 64000
53502589, 233997453, 64000
76273619, 237014206, 64000
89295767, 239903020, 64000
115454160, 241740345, 128000
111933435, 243633254, 64000
133221913, 247681173, 64000
158993000, 253184097, 64000
184623636, 259222380, 64000
210963085, 265287226, 64000
184999844, 269372350, 64000
0, 270067867, 0
Waiting for the board to finish...
       c0: 5	c1: 5	c2: 5	c3: 5	c4: 5	c5: 5	c6: 5	c7: 5	c8: 5	c9: 5	c10: 5	c11: 5	c12: 5	c13: 5	c14: 5	
Read data from board
20324584, 227532553, 64000
40781859, 227667125, 128000
20974556, 228642211, 64000
30568479, 230669936, 64000
53551090, 233993024, 64000
76371900, 237008796, 64000
89373552, 239902969, 64000
115471190, 241739208, 128000
111912487, 243632010, 64000
133123964, 247681597, 64000
158920536, 253186846, 64000
184669544, 259224732, 64000
210935146, 265288664, 64000
185015732, 269381731, 64000
0, 270071595, 0
Average:
20324460, 227539874, 64000
40781754, 227674549, 128000
20990725, 228651429, 64000
30522588, 230675809, 64000
53549797, 233997520, 64000
76305821, 237015221, 64000
89341996, 239909130, 64000
115495847, 241746113, 128000
111931310, 243639726, 64000
133156210, 247687966, 64000
158952766, 253193768, 64000
184692601, 259232857, 64000
210992396, 265298656, 64000
185018930, 269389468, 64000
0, 270080523, 0
