Host is running ...
size: 64000
Waiting for the board to finish...
       c0: 5	c1: 5	c2: 5	c3: 5	c4: 5	c5: 5	c6: 5	c7: 5	c8: 5	c9: 5	c10: 5	c11: 5	c13: 5	c14: 5	c15: 5	
Read data from board
31961625, 55137896, 0
0, 55164656, 0
0, 55165612, 0
0, 55167366, 0
0, 55223213, 0
3966300, 55197727, 0
0, 55172503, 0
0, 55171379, 0
0, 55226004, 0
0, 55227773, 0
0, 55229966, 0
0, 55232214, 0
0, 55270176, 0
0, 55266115, 0
0, 55235723, 0
Waiting for the board to finish...
       c0: 5	c1: 5	c2: 5	c3: 5	c4: 5	c5: 5	c6: 5	c7: 5	c8: 5	c9: 5	c10: 5	c11: 5	c13: 5	c14: 5	c15: 5	
Read data from board
31961962, 55137599, 0
0, 55164351, 0
0, 55165305, 0
0, 55167072, 0
0, 55222837, 0
3964568, 55197359, 0
0, 55172157, 0
0, 55171059, 0
0, 55225617, 0
0, 55227408, 0
0, 55229614, 0
0, 55231875, 0
0, 55269924, 0
0, 55265825, 0
0, 55235446, 0
Waiting for the board to finish...
       c0: 5	c1: 5	c2: 5	c3: 5	c4: 5	c5: 5	c6: 5	c7: 5	c8: 5	c9: 5	c10: 5	c11: 5	c13: 5	c14: 5	c15: 5	
Read data from board
31962524, 55137572, 0
0, 55164311, 0
0, 55165284, 0
0, 55167086, 0
0, 55223004, 0
3963645, 55197575, 0
0, 55172238, 0
0, 55171144, 0
0, 55225815, 0
0, 55227603, 0
0, 55229827, 0
0, 55232086, 0
0, 55270151, 0
0, 55266066, 0
0, 55235679, 0
Waiting for the board to finish...
       c0: 5	c1: 5	c2: 5	c3: 5	c4: 5	c5: 5	c6: 5	c7: 5	c8: 5	c9: 5	c10: 5	c11: 5	c13: 5	c14: 5	c15: 5	
Read data from board
31963179, 55138618, 0
0, 55165367, 0
0, 55166331, 0
0, 55168104, 0
0, 55223983, 0
3966276, 55198551, 0
0, 55173228, 0
0, 55172144, 0
0, 55226806, 0
0, 55228593, 0
0, 55230798, 0
0, 55233072, 0
0, 55271120, 0
0, 55267051, 0
0, 55236641, 0
Waiting for the board to finish...
       c0: 5	c1: 5	c2: 5	c3: 5	c4: 5	c5: 5	c6: 5	c7: 5	c8: 5	c9: 5	c10: 5	c11: 5	c13: 5	c14: 5	c15: 5	
Read data from board
31964513, 55139086, 0
0, 55165824, 0
0, 55166797, 0
0, 55168592, 0
0, 55224377, 0
3966073, 55198935, 0
0, 55173726, 0
0, 55172636, 0
0, 55227188, 0
0, 55228964, 0
0, 55231160, 0
0, 55233429, 0
0, 55271439, 0
0, 55267340, 0
0, 55236965, 0
Waiting for the board to finish...
       c0: 5	c1: 5	c2: 5	c3: 5	c4: 5	c5: 5	c6: 5	c7: 5	c8: 5	c9: 5	c10: 5	c11: 5	c13: 5	c14: 5	c15: 5	
Read data from board
31961281, 55137443, 0
0, 55164192, 0
0, 55165163, 0
0, 55166923, 0
0, 55222817, 0
3969982, 55197369, 0
0, 55172053, 0
0, 55170977, 0
0, 55225643, 0
0, 55227421, 0
0, 55229615, 0
0, 55231874, 0
0, 55269861, 0
0, 55265776, 0
0, 55235445, 0
Waiting for the board to finish...
       c0: 5	c1: 5	c2: 5	c3: 5	c4: 5	c5: 5	c6: 5	c7: 5	c8: 5	c9: 5	c10: 5	c11: 5	c13: 5	c14: 5	c15: 5	
Read data from board
31956811, 55133443, 0
0, 55160181, 0
0, 55161151, 0
0, 55162910, 0
0, 55218967, 0
3963957, 55193450, 0
0, 55168088, 0
0, 55166970, 0
0, 55221784, 0
0, 55223564, 0
0, 55225803, 0
0, 55228067, 0
0, 55266042, 0
0, 55261957, 0
0, 55231635, 0
Waiting for the board to finish...
       c0: 5	c1: 5	c2: 5	c3: 5	c4: 5	c5: 5	c6: 5	c7: 5	c8: 5	c9: 5	c10: 5	c11: 5	c13: 5	c14: 5	c15: 5	
Read data from board
31964215, 55139315, 0
0, 55166058, 0
0, 55167020, 0
0, 55168763, 0
0, 55224698, 0
3965538, 55199196, 0
0, 55173907, 0
0, 55172775, 0
0, 55227459, 0
0, 55229205, 0
0, 55231433, 0
0, 55233682, 0
0, 55271623, 0
0, 55267520, 0
0, 55237186, 0
Waiting for the board to finish...
       c0: 5	c1: 5	c2: 5	c3: 5	c4: 5	c5: 5	c6: 5	c7: 5	c8: 5	c9: 5	c10: 5	c11: 5	c13: 5	c14: 5	c15: 5	
Read data from board
31962157, 55138046, 0
0, 55164787, 0
0, 55165756, 0
0, 55167539, 0
0, 55223490, 0
3967049, 55198043, 0
0, 55172654, 0
0, 55171562, 0
0, 55226292, 0
0, 55228053, 0
0, 55230241, 0
0, 55232506, 0
0, 55270533, 0
0, 55266450, 0
0, 55236044, 0
Waiting for the board to finish...
       c0: 5	c1: 5	c2: 5	c3: 5	c4: 5	c5: 5	c6: 5	c7: 5	c8: 5	c9: 5	c10: 5	c11: 5	c13: 5	c14: 5	c15: 5	
Read data from board
31959967, 55136000, 0
0, 55162734, 0
0, 55163681, 0
0, 55165465, 0
0, 55221442, 0
3963774, 55195979, 0
0, 55170582, 0
0, 55169459, 0
0, 55224206, 0
0, 55225977, 0
0, 55228174, 0
0, 55230441, 0
0, 55268481, 0
0, 55264384, 0
0, 55234006, 0
Average:
31961823, 55137501, 0
0, 55164246, 0
0, 55165210, 0
0, 55166982, 0
0, 55222882, 0
3965716, 55197418, 0
0, 55172113, 0
0, 55171010, 0
0, 55225681, 0
0, 55227456, 0
0, 55229663, 0
0, 55231924, 0
0, 55269935, 0
0, 55265848, 0
0, 55235477, 0
