Host is running ...
size: 64000
Waiting for the board to finish...
       c0: 5	c1: 5	c2: 5	c3: 5	c4: 5	c5: 5	c6: 5	c7: 5	c8: 5	c9: 5	c10: 5	c11: 5	c13: 5	c14: 5	c15: 5	
Read data from board
8037393, 226825840, 0
68356034, 227495990, 0
78000003, 228247643, 0
91196676, 229229588, 0
120622961, 235500862, 0
119822054, 234490137, 0
118544259, 232431687, 0
104551369, 230820442, 0
133405052, 236615254, 0
151347882, 237831442, 0
167142717, 240908596, 0
182391913, 243743462, 0
0, 250863210, 0
171875371, 250207032, 0
196530301, 246663035, 0
Waiting for the board to finish...
       c0: 5	c1: 5	c2: 5	c3: 5	c4: 5	c5: 5	c6: 5	c7: 5	c8: 5	c9: 5	c10: 5	c11: 5	c13: 5	c14: 5	c15: 5	
Read data from board
8034375, 226823054, 0
68305285, 227492636, 0
77930934, 228245255, 0
91143691, 229227286, 0
120616248, 235501061, 0
119814352, 234490217, 0
118497121, 232431400, 0
104448990, 230818304, 0
133371632, 236615900, 0
151320352, 237832792, 0
167090486, 240910822, 0
182385223, 243753794, 0
0, 250879552, 0
171881865, 250229436, 0
196514365, 246672892, 0
Waiting for the board to finish...
       c0: 5	c1: 5	c2: 5	c3: 5	c4: 5	c5: 5	c6: 5	c7: 5	c8: 5	c9: 5	c10: 5	c11: 5	c13: 5	c14: 5	c15: 5	
Read data from board
8029234, 226819090, 0
68301130, 227487905, 0
77922575, 228241088, 0
91156835, 229223158, 0
120625685, 235494929, 0
119815847, 234484577, 0
118510994, 232426891, 0
104486710, 230813951, 0
133402196, 236609726, 0
151368300, 237826153, 0
167148464, 240903032, 0
182402899, 243742529, 0
0, 250874457, 0
171890187, 250214384, 0
196560206, 246662523, 0
Waiting for the board to finish...
       c0: 5	c1: 5	c2: 5	c3: 5	c4: 5	c5: 5	c6: 5	c7: 5	c8: 5	c9: 5	c10: 5	c11: 5	c13: 5	c14: 5	c15: 5	
Read data from board
8031991, 226834892, 0
68330415, 227505895, 0
77951717, 228257094, 0
91164974, 229239828, 0
120653942, 235511548, 0
119853434, 234499410, 0
118519943, 232443223, 0
104517549, 230831061, 0
133429415, 236623023, 0
151371691, 237840789, 0
167120003, 240921918, 0
182365490, 243763017, 0
0, 250917263, 0
171979538, 250266272, 0
196605511, 246683568, 0
Waiting for the board to finish...
       c0: 5	c1: 5	c2: 5	c3: 5	c4: 5	c5: 5	c6: 5	c7: 5	c8: 5	c9: 5	c10: 5	c11: 5	c13: 5	c14: 5	c15: 5	
Read data from board
8030099, 226825678, 0
68331818, 227495796, 0
77949369, 228247141, 0
91174502, 229229264, 0
120620043, 235500109, 0
119828607, 234488734, 0
118505551, 232431176, 0
104511605, 230819013, 0
133400581, 236613246, 0
151330521, 237829758, 0
167087447, 240908127, 0
182336737, 243750273, 0
0, 250882490, 0
171918208, 250235745, 0
196569321, 246668976, 0
Waiting for the board to finish...
       c0: 5	c1: 5	c2: 5	c3: 5	c4: 5	c5: 5	c6: 5	c7: 5	c8: 5	c9: 5	c10: 5	c11: 5	c13: 5	c14: 5	c15: 5	
Read data from board
8047426, 226833343, 0
68461708, 227505136, 0
78095492, 228254866, 0
91302251, 229237037, 0
120738474, 235507933, 0
119942858, 234496210, 0
118645159, 232438561, 0
104644052, 230827209, 0
133477709, 236621177, 0
151443938, 237835041, 0
167201029, 240913275, 0
182400063, 243754146, 0
0, 250892361, 0
171908698, 250234719, 0
196538940, 246673126, 0
Waiting for the board to finish...
       c0: 5	c1: 5	c2: 5	c3: 5	c4: 5	c5: 5	c6: 5	c7: 5	c8: 5	c9: 5	c10: 5	c11: 5	c13: 5	c14: 5	c15: 5	
Read data from board
8028264, 226808767, 0
68304613, 227479471, 0
77941546, 228230856, 0
91131434, 229213098, 0
120584300, 235484745, 0
119774449, 234473287, 0
118465724, 232415617, 0
104478791, 230803891, 0
133360510, 236597080, 0
151315305, 237812582, 0
167095167, 240891367, 0
182358162, 243729763, 0
0, 250868936, 0
171885365, 250215521, 0
196526554, 246649276, 0
Waiting for the board to finish...
       c0: 5	c1: 5	c2: 5	c3: 5	c4: 5	c5: 5	c6: 5	c7: 5	c8: 5	c9: 5	c10: 5	c11: 5	c13: 5	c14: 5	c15: 5	
Read data from board
8036933, 226835492, 0
68357095, 227506685, 0
77986383, 228258372, 0
91206070, 229240436, 0
120627352, 235513630, 0
119831928, 234502638, 0
118551423, 232444329, 0
104522944, 230831194, 0
133403514, 236625304, 0
151353494, 237841674, 0
167117927, 240920435, 0
182379202, 243763550, 0
0, 250890018, 0
171912697, 250244394, 0
196535350, 246682769, 0
Waiting for the board to finish...
       c0: 5	c1: 5	c2: 5	c3: 5	c4: 5	c5: 5	c6: 5	c7: 5	c8: 5	c9: 5	c10: 5	c11: 5	c13: 5	c14: 5	c15: 5	
Read data from board
8023931, 226812070, 0
68313827, 227482116, 0
77920453, 228235005, 0
91128181, 229216139, 0
120616220, 235487255, 0
119822926, 234476445, 0
118502151, 232419325, 0
104462141, 230807838, 0
133386654, 236600512, 0
151348699, 237818106, 0
167128761, 240896158, 0
182396567, 243745903, 0
0, 250892736, 0
171916665, 250240323, 0
196556758, 246665570, 0
Waiting for the board to finish...
       c0: 5	c1: 5	c2: 5	c3: 5	c4: 5	c5: 5	c6: 5	c7: 5	c8: 5	c9: 5	c10: 5	c11: 5	c13: 5	c14: 5	c15: 5	
Read data from board
8040905, 226821714, 0
68351188, 227492123, 0
77973700, 228244184, 0
91187929, 229226798, 0
120632432, 235500482, 0
119846248, 234488505, 0
118544809, 232430533, 0
104522392, 230816561, 0
133416163, 236614024, 0
151355028, 237829266, 0
167122709, 240909859, 0
182386869, 243750079, 0
0, 250896807, 0
171932408, 250243888, 0
196537132, 246670048, 0
Average:
8034055, 226823994, 0
68341311, 227494375, 0
77967217, 228246150, 0
91179254, 229228263, 0
120633765, 235500255, 0
119835270, 234489016, 0
118528713, 232431274, 0
104514654, 230818946, 0
133405342, 236613524, 0
151355521, 237829760, 0
167125471, 240908358, 0
182380312, 243749651, 0
0, 250885783, 0
171910100, 250233171, 0
196547443, 246669178, 0
