Host is running ...
size: 64000
Waiting for the board to finish...
       c0: 5	c1: 5	c2: 5	c3: 5	c4: 5	c5: 5	c6: 5	c7: 5	c8: 5	c9: 5	c10: 5	c11: 5	c13: 5	c14: 5	c15: 5	
Read data from board
0, 218424665, 0
0, 218427172, 0
0, 218429079, 0
0, 218430943, 0
60766569, 228072003, 0
49658529, 225776194, 0
27800086, 221923493, 0
900225, 218473455, 0
76792318, 230309317, 0
96777049, 232754972, 0
126525490, 238501959, 0
155738584, 244178047, 0
0, 258637971, 0
176564695, 257121028, 0
186067401, 250463747, 0
Waiting for the board to finish...
       c0: 5	c1: 5	c2: 5	c3: 5	c4: 5	c5: 5	c6: 5	c7: 5	c8: 5	c9: 5	c10: 5	c11: 5	c13: 5	c14: 5	c15: 5	
Read data from board
0, 218403296, 0
0, 218405817, 0
0, 218407652, 0
0, 218409568, 0
60646304, 228035095, 0
49546605, 225740889, 0
27665309, 221890097, 0
794324, 218439705, 0
76668459, 230271507, 0
96635211, 232718932, 0
126406564, 238463944, 0
155639802, 244139644, 0
0, 258600918, 0
176513510, 257083152, 0
185989820, 250427020, 0
Waiting for the board to finish...
       c0: 5	c1: 5	c2: 5	c3: 5	c4: 5	c5: 5	c6: 5	c7: 5	c8: 5	c9: 5	c10: 5	c11: 5	c13: 5	c14: 5	c15: 5	
Read data from board
0, 218395612, 0
0, 218398379, 0
0, 218400003, 0
0, 218401917, 0
60710477, 228040445, 0
49635840, 225746861, 0
27758202, 221894707, 0
894209, 218443305, 0
76733161, 230281192, 0
96725405, 232728330, 0
126490327, 238478627, 0
155696316, 244153177, 0
0, 258616680, 0
176551495, 257097170, 0
186060865, 250439973, 0
Waiting for the board to finish...
       c0: 5	c1: 5	c2: 5	c3: 5	c4: 5	c5: 5	c6: 5	c7: 5	c8: 5	c9: 5	c10: 5	c11: 5	c13: 5	c14: 5	c15: 5	
Read data from board
0, 218432065, 0
0, 218434811, 0
0, 218436501, 0
0, 218438651, 0
60690414, 228066520, 0
49594247, 225772464, 0
27707600, 221921193, 0
798879, 218468711, 0
76711082, 230303904, 0
96668752, 232750383, 0
126447580, 238498271, 0
155684720, 244190452, 0
0, 258639792, 0
176530808, 257125893, 0
186021376, 250476408, 0
Waiting for the board to finish...
       c0: 5	c1: 5	c2: 5	c3: 5	c4: 5	c5: 5	c6: 5	c7: 5	c8: 5	c9: 5	c10: 5	c11: 5	c13: 5	c14: 5	c15: 5	
Read data from board
0, 218426304, 0
0, 218429050, 0
0, 218430740, 0
0, 218432613, 0
60734524, 228070588, 0
49653104, 225777207, 0
27769899, 221923949, 0
882158, 218472538, 0
76767461, 230306884, 0
96719101, 232752377, 0
126468128, 238502727, 0
155696592, 244184096, 0
0, 258641107, 0
176520962, 257115168, 0
186057757, 250470882, 0
Waiting for the board to finish...
       c0: 5	c1: 5	c2: 5	c3: 5	c4: 5	c5: 5	c6: 5	c7: 5	c8: 5	c9: 5	c10: 5	c11: 5	c13: 5	c14: 5	c15: 5	
Read data from board
0, 218404336, 0
0, 218407082, 0
0, 218408892, 0
0, 218410878, 0
60678188, 228042254, 0
49582370, 225748422, 0
27688724, 221894212, 0
823101, 218444189, 0
76705160, 230281403, 0
96686775, 232728682, 0
126428219, 238477818, 0
155671888, 244154921, 0
0, 258616634, 0
176516729, 257098823, 0
186029707, 250440868, 0
Waiting for the board to finish...
       c0: 5	c1: 5	c2: 5	c3: 5	c4: 5	c5: 5	c6: 5	c7: 5	c8: 5	c9: 5	c10: 5	c11: 5	c13: 5	c14: 5	c15: 5	
Read data from board
0, 218426016, 0
0, 218428754, 0
0, 218430678, 0
0, 218432407, 0
60689987, 228065661, 0
49586156, 225770919, 0
27716591, 221918689, 0
824064, 218465750, 0
76704000, 230301969, 0
96684125, 232747526, 0
126460288, 238494215, 0
155674807, 244178084, 0
0, 258640890, 0
176513656, 257120267, 0
186038100, 250465590, 0
Waiting for the board to finish...
       c0: 5	c1: 5	c2: 5	c3: 5	c4: 5	c5: 5	c6: 5	c7: 5	c8: 5	c9: 5	c10: 5	c11: 5	c13: 5	c14: 5	c15: 5	
Read data from board
0, 218401845, 0
0, 218404389, 0
0, 218406350, 0
0, 218408250, 0
60682024, 228032823, 0
49578361, 225738368, 0
27689203, 221887852, 0
788238, 218437135, 0
76717429, 230268395, 0
96679720, 232712101, 0
126440654, 238460615, 0
155654347, 244133222, 0
0, 258605387, 0
176516403, 257080544, 0
186041672, 250419406, 0
Waiting for the board to finish...
       c0: 5	c1: 5	c2: 5	c3: 5	c4: 5	c5: 5	c6: 5	c7: 5	c8: 5	c9: 5	c10: 5	c11: 5	c13: 5	c14: 5	c15: 5	
Read data from board
0, 218395273, 0
0, 218397781, 0
0, 218399615, 0
0, 218401574, 0
60669937, 228028697, 0
49569462, 225735119, 0
27663334, 221880174, 0
774414, 218428999, 0
76698660, 230267680, 0
96658931, 232713728, 0
126432650, 238461160, 0
155654052, 244139736, 0
0, 258580839, 0
176488958, 257059813, 0
185980582, 250425863, 0
Waiting for the board to finish...
       c0: 5	c1: 5	c2: 5	c3: 5	c4: 5	c5: 5	c6: 5	c7: 5	c8: 5	c9: 5	c10: 5	c11: 5	c13: 5	c14: 5	c15: 5	
Read data from board
0, 218425302, 0
0, 218428023, 0
0, 218429824, 0
0, 218431692, 0
60748302, 228070784, 0
49647012, 225776427, 0
27777196, 221921397, 0
887915, 218472390, 0
76779420, 230307453, 0
96762580, 232753064, 0
126521748, 238499012, 0
155737121, 244179323, 0
0, 258632081, 0
176535978, 257111845, 0
186099594, 250463919, 0
Average:
0, 218413471, 0
0, 218416125, 0
0, 218417933, 0
0, 218419849, 0
60701672, 228052487, 0
49605168, 225758287, 0
27723614, 221905576, 0
836752, 218454617, 0
76727715, 230289970, 0
96699764, 232736009, 0
126462164, 238483834, 0
155684822, 244163070, 0
0, 258621229, 0
176525319, 257101370, 0
186038687, 250449367, 0
