Host is running ...
size: 64000
Waiting for the board to finish...
       c0: 5	c1: 5	c2: 5	c3: 5	c4: 5	c5: 5	c6: 5	c7: 5	c8: 5	c9: 5	c10: 5	c11: 5	c13: 5	c14: 5	c15: 5	
Read data from board
17705134, 231233905, 0
77641692, 231930660, 0
141633561, 232454261, 0
151292204, 233184277, 0
167564765, 238827702, 0
164066413, 238133665, 0
170741048, 236451312, 0
163856385, 234886877, 0
169927086, 239885838, 0
180298948, 241409709, 0
195147948, 244108406, 0
203533931, 246982610, 0
0, 252213181, 0
185540504, 251955419, 0
211115979, 249666744, 0
Waiting for the board to finish...
       c0: 5	c1: 5	c2: 5	c3: 5	c4: 5	c5: 5	c6: 5	c7: 5	c8: 5	c9: 5	c10: 5	c11: 5	c13: 5	c14: 5	c15: 5	
Read data from board
17692863, 231236065, 0
77650614, 231933461, 0
141660007, 232456232, 0
151336576, 233185698, 0
167610129, 238832145, 0
164109473, 238138334, 0
170791669, 236455360, 0
163902869, 234892309, 0
169972224, 239889688, 0
180322538, 241413917, 0
195179485, 244113632, 0
203554962, 246986570, 0
0, 252217912, 0
185544913, 251960155, 0
211132442, 249670471, 0
Waiting for the board to finish...
       c0: 5	c1: 5	c2: 5	c3: 5	c4: 5	c5: 5	c6: 5	c7: 5	c8: 5	c9: 5	c10: 5	c11: 5	c13: 5	c14: 5	c15: 5	
Read data from board
17672766, 231254665, 0
77579900, 231951927, 0
141583820, 232475924, 0
151206993, 233202118, 0
167564904, 238847671, 0
164062161, 238153645, 0
170702559, 236470389, 0
163791488, 234904787, 0
169926673, 239905707, 0
180274896, 241429601, 0
195107904, 244127502, 0
203501849, 246999419, 0
0, 252242846, 0
185564512, 251979005, 0
211115139, 249683490, 0
Waiting for the board to finish...
       c0: 5	c1: 5	c2: 5	c3: 5	c4: 5	c5: 5	c6: 5	c7: 5	c8: 5	c9: 5	c10: 5	c11: 5	c13: 5	c14: 5	c15: 5	
Read data from board
17699155, 231241047, 0
77586718, 231938826, 0
141593950, 232462435, 0
151231912, 233182017, 0
167529506, 238824085, 0
164023203, 238129866, 0
170696776, 236447836, 0
163810690, 234884952, 0
169890804, 239882291, 0
180245530, 241405745, 0
195070621, 244103790, 0
203480107, 246976420, 0
0, 252213692, 0
185540706, 251955416, 0
211097363, 249660570, 0
Waiting for the board to finish...
       c0: 5	c1: 5	c2: 5	c3: 5	c4: 5	c5: 5	c6: 5	c7: 5	c8: 5	c9: 5	c10: 5	c11: 5	c13: 5	c14: 5	c15: 5	
Read data from board
17706280, 231250213, 0
77686531, 231948595, 0
141719541, 232475366, 0
151377740, 233197395, 0
167638482, 238845731, 0
164139085, 238152099, 0
170829032, 236469016, 0
163954307, 234902894, 0
170001365, 239904080, 0
180364837, 241427716, 0
195186936, 244126249, 0
203565188, 246999640, 0
0, 252231980, 0
185557765, 251972433, 0
211133537, 249683543, 0
Waiting for the board to finish...
       c0: 5	c1: 5	c2: 5	c3: 5	c4: 5	c5: 5	c6: 5	c7: 5	c8: 5	c9: 5	c10: 5	c11: 5	c13: 5	c14: 5	c15: 5	
Read data from board
17697934, 231237656, 0
77640611, 231935464, 0
141661880, 232458728, 0
151316599, 233187327, 0
167650899, 238831184, 0
164138193, 238137120, 0
170796980, 236454721, 0
163892803, 234889869, 0
170012507, 239889759, 0
180363981, 241413554, 0
195178173, 244111236, 0
203540329, 246984550, 0
0, 252219895, 0
185538650, 251955100, 0
211123760, 249668291, 0
Waiting for the board to finish...
       c0: 5	c1: 5	c2: 5	c3: 5	c4: 5	c5: 5	c6: 5	c7: 5	c8: 5	c9: 5	c10: 5	c11: 5	c13: 5	c14: 5	c15: 5	
Read data from board
17654615, 231238217, 0
77566855, 231935019, 0
141578383, 232460385, 0
151216934, 233182158, 0
167551796, 238823318, 0
164044494, 238128969, 0
170690974, 236445463, 0
163799768, 234882882, 0
169913049, 239881638, 0
180279360, 241406866, 0
195130196, 244105356, 0
203527971, 246977545, 0
0, 252207457, 0
185531207, 251944600, 0
211106898, 249661212, 0
Waiting for the board to finish...
       c0: 5	c1: 5	c2: 5	c3: 5	c4: 5	c5: 5	c6: 5	c7: 5	c8: 5	c9: 5	c10: 5	c11: 5	c13: 5	c14: 5	c15: 5	
Read data from board
17659387, 231230897, 0
77583362, 231927972, 0
141589373, 232453779, 0
151221149, 233176991, 0
167574039, 238817954, 0
164040031, 238124104, 0
170689963, 236440851, 0
163801064, 234877799, 0
169936395, 239876320, 0
180309053, 241399383, 0
195122590, 244097495, 0
203505230, 246969385, 0
0, 252200206, 0
185524682, 251940626, 0
211098835, 249653015, 0
Waiting for the board to finish...
       c0: 5	c1: 5	c2: 5	c3: 5	c4: 5	c5: 5	c6: 5	c7: 5	c8: 5	c9: 5	c10: 5	c11: 5	c13: 5	c14: 5	c15: 5	
Read data from board
17700672, 231253393, 0
77628383, 231950910, 0
141631964, 232475270, 0
151312226, 233205901, 0
167592779, 238849277, 0
164093015, 238154321, 0
170774498, 236471877, 0
163883282, 234907810, 0
169955717, 239907469, 0
180329683, 241431881, 0
195147802, 244130493, 0
203538950, 247004349, 0
0, 252241165, 0
185561818, 251977323, 0
211125812, 249688163, 0
Waiting for the board to finish...
       c0: 5	c1: 5	c2: 5	c3: 5	c4: 5	c5: 5	c6: 5	c7: 5	c8: 5	c9: 5	c10: 5	c11: 5	c13: 5	c14: 5	c15: 5	
Read data from board
17680547, 231236108, 0
77629219, 231932675, 0
141646353, 232457072, 0
151322052, 233186710, 0
167610622, 238829828, 0
164124629, 238135700, 0
170802250, 236452938, 0
163897649, 234890544, 0
169973384, 239887687, 0
180350099, 241412230, 0
195165898, 244110126, 0
203539588, 246982933, 0
0, 252215654, 0
185537011, 251952408, 0
211137621, 249666676, 0
Average:
17686935, 231241216, 0
77619388, 231938550, 0
141629883, 232462945, 0
151283438, 233189059, 0
167588792, 238832889, 0
164084069, 238138782, 0
170751574, 236455976, 0
163859030, 234892072, 0
169950920, 239891047, 0
180313892, 241415060, 0
195143755, 244113428, 0
203528810, 246986342, 0
0, 252220398, 0
185544176, 251959248, 0
211118738, 249670217, 0
