Host is running ...
size: 64000
Waiting for the board to finish...
       c0: 5	c1: 5	c2: 5	c3: 5	c4: 5	c5: 5	c6: 5	c7: 5	c8: 5	c9: 5	c10: 5	c11: 5	c13: 5	c14: 5	c15: 5	
Read data from board
58945565, 116520626, 0
1656837, 116561501, 0
20744401, 116589596, 0
48553876, 116672256, 0
0, 117011158, 0
30442723, 116981201, 0
56886735, 116859370, 0
52181293, 116773477, 0
0, 117022569, 0
0, 117033890, 0
0, 117049865, 0
0, 117066715, 0
0, 117192779, 0
0, 117191305, 0
29686, 117119757, 0
Waiting for the board to finish...
       c0: 5	c1: 5	c2: 5	c3: 5	c4: 5	c5: 5	c6: 5	c7: 5	c8: 5	c9: 5	c10: 5	c11: 5	c13: 5	c14: 5	c15: 5	
Read data from board
58942856, 116518563, 0
1653071, 116559538, 0
20749188, 116587667, 0
48570310, 116670172, 0
0, 117009143, 0
30442991, 116979164, 0
56884303, 116857344, 0
52181235, 116771383, 0
0, 117020491, 0
0, 117031784, 0
0, 117047724, 0
0, 117064593, 0
0, 117190554, 0
0, 117189079, 0
29603, 117117514, 0
Waiting for the board to finish...
       c0: 5	c1: 5	c2: 5	c3: 5	c4: 5	c5: 5	c6: 5	c7: 5	c8: 5	c9: 5	c10: 5	c11: 5	c13: 5	c14: 5	c15: 5	
Read data from board
58938436, 116515686, 0
1649174, 116556686, 0
20735205, 116584812, 0
48544018, 116667411, 0
0, 117006355, 0
30439799, 116976402, 0
56878532, 116854526, 0
52173537, 116768675, 0
0, 117017750, 0
0, 117029051, 0
0, 117045009, 0
0, 117061925, 0
0, 117187866, 0
0, 117186401, 0
29567, 117114834, 0
Waiting for the board to finish...
       c0: 5	c1: 5	c2: 5	c3: 5	c4: 5	c5: 5	c6: 5	c7: 5	c8: 5	c9: 5	c10: 5	c11: 5	c13: 5	c14: 5	c15: 5	
Read data from board
58941926, 116517489, 0
1650515, 116558443, 0
20740526, 116586583, 0
48556529, 116669120, 0
0, 117008060, 0
30441561, 116978089, 0
56882830, 116856381, 0
52176554, 116770412, 0
0, 117019458, 0
0, 117030759, 0
0, 117046686, 0
0, 117063580, 0
0, 117189552, 0
0, 117188079, 0
29669, 117116496, 0
Waiting for the board to finish...
       c0: 5	c1: 5	c2: 5	c3: 5	c4: 5	c5: 5	c6: 5	c7: 5	c8: 5	c9: 5	c10: 5	c11: 5	c13: 5	c14: 5	c15: 5	
Read data from board
58943824, 116519605, 0
1653693, 116560517, 0
20752244, 116588655, 0
48573119, 116671253, 0
0, 117010273, 0
30442111, 116980312, 0
56884935, 116858433, 0
52181671, 116772472, 0
0, 117021644, 0
0, 117032933, 0
0, 117048911, 0
0, 117065741, 0
0, 117191695, 0
0, 117190228, 0
29635, 117118634, 0
Waiting for the board to finish...
       c0: 5	c1: 5	c2: 5	c3: 5	c4: 5	c5: 5	c6: 5	c7: 5	c8: 5	c9: 5	c10: 5	c11: 5	c13: 5	c14: 5	c15: 5	
Read data from board
58944160, 116518949, 0
1652223, 116560175, 0
20747521, 116588299, 0
48570192, 116670756, 0
0, 117009644, 0
30443157, 116979693, 0
56879581, 116857936, 0
52195678, 116772068, 0
0, 117021055, 0
0, 117032368, 0
0, 117048349, 0
0, 117065187, 0
0, 117191154, 0
0, 117189685, 0
29627, 117118128, 0
Waiting for the board to finish...
       c0: 5	c1: 5	c2: 5	c3: 5	c4: 5	c5: 5	c6: 5	c7: 5	c8: 5	c9: 5	c10: 5	c11: 5	c13: 5	c14: 5	c15: 5	
Read data from board
58944185, 116519622, 0
1656004, 116560617, 0
20749417, 116588718, 0
48562604, 116671389, 0
0, 117010385, 0
30443623, 116980415, 0
56880925, 116858547, 0
52179608, 116772634, 0
0, 117021815, 0
0, 117033138, 0
0, 117049114, 0
0, 117065970, 0
0, 117191969, 0
0, 117190508, 0
29627, 117118941, 0
Waiting for the board to finish...
       c0: 5	c1: 5	c2: 5	c3: 5	c4: 5	c5: 5	c6: 5	c7: 5	c8: 5	c9: 5	c10: 5	c11: 5	c13: 5	c14: 5	c15: 5	
Read data from board
58940342, 116516594, 0
1648174, 116557691, 0
20740938, 116585791, 0
48553358, 116668183, 0
0, 117007342, 0
30442337, 116977398, 0
56884150, 116855446, 0
52181815, 116769517, 0
0, 117018759, 0
0, 117030079, 0
0, 117046056, 0
0, 117062889, 0
0, 117188875, 0
0, 117187398, 0
29627, 117115829, 0
Waiting for the board to finish...
       c0: 5	c1: 5	c2: 5	c3: 5	c4: 5	c5: 5	c6: 5	c7: 5	c8: 5	c9: 5	c10: 5	c11: 5	c13: 5	c14: 5	c15: 5	
Read data from board
58945463, 116520954, 0
1654379, 116562044, 0
20745886, 116590181, 0
48568104, 116672638, 0
0, 117011573, 0
30442825, 116981618, 0
56887828, 116859801, 0
52201039, 116773890, 0
0, 117022968, 0
0, 117034289, 0
0, 117050237, 0
0, 117067134, 0
0, 117193129, 0
0, 117191654, 0
29627, 117120093, 0
Waiting for the board to finish...
       c0: 5	c1: 5	c2: 5	c3: 5	c4: 5	c5: 5	c6: 5	c7: 5	c8: 5	c9: 5	c10: 5	c11: 5	c13: 5	c14: 5	c15: 5	
Read data from board
58944344, 116519436, 0
1652960, 116560603, 0
20745354, 116588720, 0
48567539, 116671286, 0
0, 117010135, 0
30444660, 116980187, 0
56881988, 116858394, 0
52187156, 116772537, 0
0, 117021537, 0
0, 117032841, 0
0, 117048805, 0
0, 117065650, 0
0, 117191669, 0
0, 117190202, 0
29656, 117118637, 0
Average:
58943110, 116518752, 0
1652703, 116559781, 0
20745068, 116587902, 0
48561964, 116670446, 0
0, 117009406, 0
30442578, 116979447, 0
56883180, 116857617, 0
52183958, 116771706, 0
0, 117020804, 0
0, 117032113, 0
0, 117048075, 0
0, 117064938, 0
0, 117190924, 0
0, 117189453, 0
29632, 117117886, 0
