Host is running ...
size: 64000
Waiting for the board to finish...
       c0: 5	c1: 5	c2: 5	c3: 5	c4: 5	c5: 5	c6: 5	c7: 5	c8: 5	c9: 5	c10: 5	c11: 5	c13: 5	c14: 5	c15: 5	
Read data from board
7612332, 233445318, 0
77024933, 234131803, 0
90950681, 234832048, 0
103383411, 235793064, 0
117729574, 241402779, 0
122373864, 240474609, 0
127375762, 239019059, 0
115308066, 237534885, 0
137367760, 242335734, 0
155060230, 244310310, 0
167590467, 246996773, 0
180817457, 249741751, 0
0, 255154640, 0
154426610, 254873021, 0
193815157, 252541274, 0
Waiting for the board to finish...
       c0: 5	c1: 5	c2: 5	c3: 5	c4: 5	c5: 5	c6: 5	c7: 5	c8: 5	c9: 5	c10: 5	c11: 5	c13: 5	c14: 5	c15: 5	
Read data from board
7595211, 233432804, 0
76856309, 234118195, 0
90793053, 234818395, 0
103197114, 235778001, 0
117959856, 241386515, 0
122153391, 240459059, 0
127154405, 239002713, 0
115089734, 237519319, 0
137278717, 242319857, 0
154970848, 244293815, 0
167625652, 246980330, 0
180870561, 249720719, 0
0, 255142847, 0
154417305, 254857521, 0
193788971, 252520153, 0
Waiting for the board to finish...
       c0: 5	c1: 5	c2: 5	c3: 5	c4: 5	c5: 5	c6: 5	c7: 5	c8: 5	c9: 5	c10: 5	c11: 5	c13: 5	c14: 5	c15: 5	
Read data from board
7621638, 233445736, 0
77074912, 234129426, 0
90944183, 234826275, 0
103361767, 235787549, 0
117767343, 241401787, 0
122362803, 240472157, 0
127382658, 239013629, 0
115358444, 237530067, 0
137438375, 242333675, 0
154967372, 244306297, 0
167687718, 246993166, 0
180887346, 249738879, 0
0, 255161925, 0
154431527, 254877710, 0
193799888, 252536776, 0
Waiting for the board to finish...
       c0: 5	c1: 5	c2: 5	c3: 5	c4: 5	c5: 5	c6: 5	c7: 5	c8: 5	c9: 5	c10: 5	c11: 5	c13: 5	c14: 5	c15: 5	
Read data from board
7635128, 233456627, 0
77035293, 234140933, 0
90928937, 234839756, 0
103339469, 235798839, 0
117709916, 241408571, 0
122348636, 240479407, 0
127369688, 239022440, 0
115309329, 237541444, 0
137360469, 242340413, 0
155091942, 244313017, 0
167613005, 246999048, 0
180830361, 249744169, 0
0, 255177684, 0
154442287, 254892744, 0
193814869, 252544109, 0
Waiting for the board to finish...
       c0: 5	c1: 5	c2: 5	c3: 5	c4: 5	c5: 5	c6: 5	c7: 5	c8: 5	c9: 5	c10: 5	c11: 5	c13: 5	c14: 5	c15: 5	
Read data from board
7629334, 233444123, 0
77148702, 234127986, 0
91031686, 234825992, 0
103438442, 235785185, 0
117845914, 241397121, 0
122406281, 240467675, 0
127473522, 239010258, 0
115434428, 237526102, 0
137531300, 242329511, 0
155020972, 244302387, 0
167720015, 246987550, 0
180961408, 249730448, 0
0, 255141657, 0
154405063, 254860047, 0
193826016, 252527049, 0
Waiting for the board to finish...
       c0: 5	c1: 5	c2: 5	c3: 5	c4: 5	c5: 5	c6: 5	c7: 5	c8: 5	c9: 5	c10: 5	c11: 5	c13: 5	c14: 5	c15: 5	
Read data from board
7611185, 233451292, 0
76919895, 234135784, 0
90801193, 234834207, 0
103231457, 235794250, 0
117709981, 241406769, 0
122332522, 240477154, 0
127352202, 239020269, 0
115292246, 237537051, 0
137393089, 242338208, 0
155130011, 244312636, 0
167700529, 246998108, 0
180877570, 249739940, 0
0, 255158445, 0
154441280, 254881499, 0
193793903, 252536346, 0
Waiting for the board to finish...
       c0: 5	c1: 5	c2: 5	c3: 5	c4: 5	c5: 5	c6: 5	c7: 5	c8: 5	c9: 5	c10: 5	c11: 5	c13: 5	c14: 5	c15: 5	
Read data from board
7632446, 233453573, 0
77114142, 234137956, 0
90968886, 234835968, 0
103391250, 235796806, 0
117826627, 241403089, 0
122454176, 240476073, 0
127510689, 239020773, 0
115487598, 237539225, 0
137457493, 242334957, 0
155137854, 244309756, 0
167660881, 246996924, 0
180902906, 249738376, 0
0, 255160358, 0
154428167, 254879115, 0
193792562, 252535942, 0
Waiting for the board to finish...
       c0: 5	c1: 5	c2: 5	c3: 5	c4: 5	c5: 5	c6: 5	c7: 5	c8: 5	c9: 5	c10: 5	c11: 5	c13: 5	c14: 5	c15: 5	
Read data from board
7629692, 233448528, 0
77106539, 234132317, 0
90962242, 234828905, 0
103411652, 235788055, 0
117735606, 241396126, 0
122415593, 240467717, 0
127448859, 239011381, 0
115412247, 237529244, 0
137385262, 242328087, 0
155099424, 244299265, 0
167643567, 246986196, 0
180895235, 249729723, 0
0, 255141788, 0
154416974, 254859544, 0
193821773, 252528048, 0
Waiting for the board to finish...
       c0: 5	c1: 5	c2: 5	c3: 5	c4: 5	c5: 5	c6: 5	c7: 5	c8: 5	c9: 5	c10: 5	c11: 5	c13: 5	c14: 5	c15: 5	
Read data from board
7641477, 233463253, 0
77164191, 234148046, 0
91063303, 234847412, 0
103470231, 235808008, 0
117908143, 241422865, 0
122465683, 240492654, 0
127502623, 239033883, 0
115465811, 237550599, 0
137556124, 242354402, 0
155049679, 244328170, 0
167722298, 247013502, 0
180979505, 249759272, 0
0, 255180316, 0
154446507, 254896081, 0
193847894, 252556752, 0
Waiting for the board to finish...
       c0: 5	c1: 5	c2: 5	c3: 5	c4: 5	c5: 5	c6: 5	c7: 5	c8: 5	c9: 5	c10: 5	c11: 5	c13: 5	c14: 5	c15: 5	
Read data from board
7630396, 233448863, 0
77102799, 234133118, 0
90954009, 234832587, 0
103371482, 235792970, 0
117651048, 241402248, 0
122301048, 240474092, 0
127342340, 239017451, 0
115385792, 237534453, 0
137317105, 242334859, 0
155099741, 244309958, 0
167665986, 246994920, 0
180928724, 249743094, 0
0, 255165225, 0
154435259, 254881140, 0
193818700, 252541933, 0
Average:
7623883, 233449011, 0
77054771, 234133556, 0
90939817, 234832154, 0
103359627, 235792272, 0
117784400, 241402787, 0
122361399, 240474059, 0
127391274, 239017185, 0
115354369, 237534238, 0
137408569, 242334970, 0
155062807, 244308561, 0
167663011, 246994651, 0
180895107, 249738637, 0
0, 255158488, 0
154429097, 254875842, 0
193811973, 252536838, 0
