Host is running ...
size: 64000
Waiting for the board to finish...
       c0: 5	c1: 5	c2: 5	c3: 5	c4: 5	c5: 5	c6: 5	c7: 5	c8: 5	c9: 5	c10: 5	c11: 5	c13: 5	c14: 5	c15: 5	
Read data from board
0, 221460047, 0
4817702, 222820675, 0
13718250, 224228805, 0
24990858, 226296459, 0
81268605, 237336014, 0
76265204, 235470283, 0
66242574, 232628115, 0
45778534, 229629207, 0
97851078, 239203084, 0
118207667, 243158311, 0
142232585, 248531643, 0
166118317, 254390466, 0
0, 264986790, 0
162067982, 264302786, 0
189288695, 260295286, 0
Waiting for the board to finish...
       c0: 5	c1: 5	c2: 5	c3: 5	c4: 5	c5: 5	c6: 5	c7: 5	c8: 5	c9: 5	c10: 5	c11: 5	c13: 5	c14: 5	c15: 5	
Read data from board
0, 221434314, 0
4969741, 222821155, 0
13933694, 224227411, 0
24949177, 226295673, 0
80873161, 237341717, 0
76305601, 235472501, 0
66270158, 232627220, 0
45865166, 229628624, 0
97859029, 239209977, 0
118198442, 243167223, 0
142326061, 248540720, 0
166220297, 254400195, 0
0, 265013086, 0
162097719, 264329001, 0
189345735, 260306229, 0
Waiting for the board to finish...
       c0: 5	c1: 5	c2: 5	c3: 5	c4: 5	c5: 5	c6: 5	c7: 5	c8: 5	c9: 5	c10: 5	c11: 5	c13: 5	c14: 5	c15: 5	
Read data from board
0, 221451049, 0
4910172, 222832232, 0
13858393, 224241137, 0
24870591, 226307706, 0
80890577, 237358339, 0
76313368, 235490705, 0
66271831, 232642425, 0
45833809, 229640673, 0
97889590, 239224782, 0
118165964, 243180239, 0
142281524, 248553894, 0
166175418, 254405186, 0
0, 265018778, 0
162099870, 264336403, 0
189294922, 260311167, 0
Waiting for the board to finish...
       c0: 5	c1: 5	c2: 5	c3: 5	c4: 5	c5: 5	c6: 5	c7: 5	c8: 5	c9: 5	c10: 5	c11: 5	c13: 5	c14: 5	c15: 5	
Read data from board
0, 221450823, 0
4875941, 222827580, 0
13835198, 224235636, 0
24884092, 226302275, 0
80924567, 237347740, 0
76306399, 235480635, 0
66257882, 232639072, 0
45850874, 229634646, 0
97885591, 239215336, 0
118221187, 243171440, 0
142321820, 248544708, 0
166199095, 254410606, 0
0, 265012978, 0
162123364, 264334078, 0
189338038, 260317108, 0
Waiting for the board to finish...
       c0: 5	c1: 5	c2: 5	c3: 5	c4: 5	c5: 5	c6: 5	c7: 5	c8: 5	c9: 5	c10: 5	c11: 5	c13: 5	c14: 5	c15: 5	
Read data from board
0, 221446530, 0
4989921, 222834552, 0
13990101, 224241356, 0
25021623, 226308562, 0
80949683, 237341546, 0
76339160, 235479078, 0
66339794, 232638453, 0
45909359, 229641330, 0
97902461, 239210041, 0
118260376, 243164170, 0
142344661, 248535865, 0
166228214, 254390912, 0
0, 265003213, 0
162097320, 264322014, 0
189315205, 260297548, 0
Waiting for the board to finish...
       c0: 5	c1: 5	c2: 5	c3: 5	c4: 5	c5: 5	c6: 5	c7: 5	c8: 5	c9: 5	c10: 5	c11: 5	c13: 5	c14: 5	c15: 5	
Read data from board
0, 221439631, 0
4990440, 222833050, 0
14016268, 224240962, 0
25089926, 226307817, 0
81074887, 237354202, 0
76412416, 235488126, 0
66382655, 232641132, 0
45980363, 229641487, 0
97945582, 239219595, 0
118331590, 243174094, 0
142378741, 248546827, 0
166214215, 254400185, 0
0, 265017901, 0
162112337, 264332316, 0
189341793, 260304844, 0
Waiting for the board to finish...
       c0: 5	c1: 5	c2: 5	c3: 5	c4: 5	c5: 5	c6: 5	c7: 5	c8: 5	c9: 5	c10: 5	c11: 5	c13: 5	c14: 5	c15: 5	
Read data from board
0, 221440790, 0
4938838, 222825655, 0
13919592, 224234722, 0
24889284, 226302631, 0
80929016, 237349850, 0
76340103, 235480747, 0
66312086, 232635608, 0
45875152, 229636147, 0
97899695, 239215650, 0
118283174, 243171373, 0
142319791, 248542942, 0
166147129, 254395468, 0
0, 265001564, 0
162088172, 264324548, 0
189370953, 260302876, 0
Waiting for the board to finish...
       c0: 5	c1: 5	c2: 5	c3: 5	c4: 5	c5: 5	c6: 5	c7: 5	c8: 5	c9: 5	c10: 5	c11: 5	c13: 5	c14: 5	c15: 5	
Read data from board
0, 221451338, 0
4867829, 222823775, 0
13765812, 224231772, 0
24956973, 226301259, 0
81519143, 237346088, 0
76212672, 235482219, 0
66234484, 232638220, 0
45802876, 229633950, 0
97753185, 239210785, 0
117977135, 243162339, 0
142165238, 248536057, 0
166062036, 254390012, 0
0, 265001275, 0
162076846, 264316397, 0
189287904, 260298233, 0
Waiting for the board to finish...
       c0: 5	c1: 5	c2: 5	c3: 5	c4: 5	c5: 5	c6: 5	c7: 5	c8: 5	c9: 5	c10: 5	c11: 5	c13: 5	c14: 5	c15: 5	
Read data from board
0, 221466803, 0
4710849, 222814292, 0
13475512, 224220101, 0
24784425, 226288476, 0
81472265, 237329721, 0
76187027, 235465738, 0
66127447, 232623538, 0
45665903, 229622080, 0
97654758, 239195579, 0
117869247, 243148344, 0
142056607, 248520012, 0
166018640, 254379147, 0
0, 264988577, 0
162069937, 264310738, 0
189226090, 260281993, 0
Waiting for the board to finish...
       c0: 5	c1: 5	c2: 5	c3: 5	c4: 5	c5: 5	c6: 5	c7: 5	c8: 5	c9: 5	c10: 5	c11: 5	c13: 5	c14: 5	c15: 5	
Read data from board
0, 221466749, 0
4746008, 222817250, 0
13532484, 224225413, 0
24798911, 226293555, 0
81216346, 237330719, 0
76233739, 235466032, 0
66143356, 232624192, 0
45634602, 229626210, 0
97783776, 239198355, 0
118136870, 243154818, 0
142292663, 248526455, 0
166098138, 254379227, 0
0, 264987258, 0
162070156, 264301821, 0
189244093, 260286971, 0
Average:
0, 221450807, 0
4881744, 222825021, 0
13804530, 224232731, 0
24923586, 226300441, 0
81111825, 237343593, 0
76291568, 235477606, 0
66258226, 232633797, 0
45819663, 229633435, 0
97842474, 239210318, 0
118165165, 243165235, 0
142271969, 248537912, 0
166148149, 254394140, 0
0, 265003142, 0
162090370, 264321010, 0
189305342, 260300225, 0
