Host is running ...
size: 64000
Waiting for the board to finish...
       c0: 5	c1: 5	c2: 5	c3: 5	c4: 5	c5: 5	c6: 5	c7: 5	c8: 5	c9: 5	c10: 5	c11: 5	c13: 5	c14: 5	c15: 5	
Read data from board
0, 253939359, 0
9694523, 254675787, 64000
19401823, 255495378, 128000
9859445, 256531493, 64000
10123639, 263481892, 64000
15853853, 262364187, 128000
9840190, 260069890, 64000
10476549, 258259819, 64000
19350165, 264714520, 128000
9607179, 266048778, 64000
10757973, 269404618, 64000
9715708, 272519794, 64000
28571123, 280232545, 255980
15308297, 279525469, 128000
11024999, 275716451, 64000
Waiting for the board to finish...
       c0: 5	c1: 5	c2: 5	c3: 5	c4: 5	c5: 5	c6: 5	c7: 5	c8: 5	c9: 5	c10: 5	c11: 5	c13: 5	c14: 5	c15: 5	
Read data from board
0, 253958618, 0
9688618, 254696011, 64000
19403023, 255514567, 128000
9853490, 256550995, 64000
10118661, 263498993, 64000
15903965, 262381250, 128000
9818401, 260087201, 64000
10558925, 258276922, 64000
19352278, 264731858, 128000
9562570, 266066829, 64000
10824458, 269421991, 64000
9709971, 272541047, 64000
28568581, 280249326, 255980
15286666, 279543195, 128000
11093335, 275738407, 64000
Waiting for the board to finish...
       c0: 5	c1: 5	c2: 5	c3: 5	c4: 5	c5: 5	c6: 5	c7: 5	c8: 5	c9: 5	c10: 5	c11: 5	c13: 5	c14: 5	c15: 5	
Read data from board
0, 253951094, 0
9692911, 254688586, 64000
19386638, 255507257, 128000
9840886, 256541921, 64000
10116506, 263484849, 64000
15899252, 262367035, 128000
9803250, 260073489, 64000
10423278, 258262837, 64000
19340167, 264716939, 128000
9638589, 266051359, 64000
10759168, 269408060, 64000
9778167, 272526802, 64000
28569245, 280233471, 255980
15309351, 279522682, 128000
11077094, 275724138, 64000
Waiting for the board to finish...
       c0: 5	c1: 5	c2: 5	c3: 5	c4: 5	c5: 5	c6: 5	c7: 5	c8: 5	c9: 5	c10: 5	c11: 5	c13: 5	c14: 5	c15: 5	
Read data from board
0, 253974504, 0
9706885, 254710472, 64000
19403164, 255527862, 128000
9857194, 256564931, 64000
10123201, 263500635, 64000
15860998, 262382498, 128000
9817217, 260088570, 64000
10469956, 258278201, 64000
19326122, 264732014, 128000
9633256, 266066995, 64000
10781409, 269420539, 64000
9774104, 272540831, 64000
28566885, 280232404, 255980
15317159, 279528318, 128000
11027962, 275737481, 64000
Waiting for the board to finish...
       c0: 5	c1: 5	c2: 5	c3: 5	c4: 5	c5: 5	c6: 5	c7: 5	c8: 5	c9: 5	c10: 5	c11: 5	c13: 5	c14: 5	c15: 5	
Read data from board
0, 253969826, 0
9709203, 254705763, 64000
19408947, 255523252, 128000
9869431, 256559378, 64000
10130489, 263513516, 64000
15849814, 262395693, 128000
9828145, 260101775, 64000
10548826, 258291411, 64000
19352802, 264748430, 128000
9565490, 266083152, 64000
10786955, 269440158, 64000
9788109, 272556579, 64000
28567260, 280265247, 255980
15311929, 279561219, 128000
11196748, 275753451, 64000
Waiting for the board to finish...
       c0: 5	c1: 5	c2: 5	c3: 5	c4: 5	c5: 5	c6: 5	c7: 5	c8: 5	c9: 5	c10: 5	c11: 5	c13: 5	c14: 5	c15: 5	
Read data from board
0, 253968172, 0
9691141, 254706407, 64000
19391528, 255524017, 128000
9768806, 256573014, 64000
10115030, 263509032, 64000
15913064, 262391781, 128000
9808553, 260097856, 64000
10617524, 258287313, 64000
19348968, 264744448, 128000
9667406, 266079022, 64000
10746596, 269436338, 64000
9745191, 272554988, 64000
28569979, 280264768, 255980
15286280, 279560873, 128000
11032944, 275752315, 64000
Waiting for the board to finish...
       c0: 5	c1: 5	c2: 5	c3: 5	c4: 5	c5: 5	c6: 5	c7: 5	c8: 5	c9: 5	c10: 5	c11: 5	c13: 5	c14: 5	c15: 5	
Read data from board
0, 253950331, 0
9703795, 254688424, 64000
19384498, 255506539, 128000
9737504, 256541939, 64000
10111980, 263490211, 64000
15899058, 262372373, 128000
9798926, 260078416, 64000
10631618, 258268720, 64000
19354273, 264722370, 128000
9568988, 266056976, 64000
10816466, 269412880, 64000
9707388, 272530204, 64000
28570518, 280235470, 255980
15295198, 279530587, 128000
11025992, 275727625, 64000
Waiting for the board to finish...
       c0: 5	c1: 5	c2: 5	c3: 5	c4: 5	c5: 5	c6: 5	c7: 5	c8: 5	c9: 5	c10: 5	c11: 5	c13: 5	c14: 5	c15: 5	
Read data from board
0, 253970613, 0
9685820, 254707078, 64000
19387262, 255525124, 128000
9769799, 256563396, 64000
10120364, 263510917, 64000
15904747, 262393349, 128000
9818736, 260099596, 64000
10601183, 258287103, 64000
19346265, 264743961, 128000
9681748, 266078393, 64000
10773332, 269433699, 64000
9891367, 272547012, 64000
28573807, 280251167, 255980
15253323, 279547471, 128000
11625856, 275743800, 64000
Waiting for the board to finish...
       c0: 5	c1: 5	c2: 5	c3: 5	c4: 5	c5: 5	c6: 5	c7: 5	c8: 5	c9: 5	c10: 5	c11: 5	c13: 5	c14: 5	c15: 5	
Read data from board
0, 253958879, 0
9706959, 254696753, 64000
19387798, 255513915, 128000
9766010, 256547329, 64000
10118664, 263483030, 64000
15909612, 262364377, 128000
9814535, 260070986, 64000
10621442, 258260820, 64000
19321490, 264714886, 128000
9642253, 266049176, 64000
10793569, 269404670, 64000
9898189, 272523827, 64000
28572584, 280222761, 255980
15249997, 279521919, 128000
11650014, 275720814, 64000
Waiting for the board to finish...
       c0: 5	c1: 5	c2: 5	c3: 5	c4: 5	c5: 5	c6: 5	c7: 5	c8: 5	c9: 5	c10: 5	c11: 5	c13: 5	c14: 5	c15: 5	
Read data from board
0, 253988357, 0
9690784, 254725917, 64000
19401234, 255544263, 128000
9860910, 256582069, 64000
10121090, 263519000, 64000
15858062, 262401463, 128000
9819159, 260107783, 64000
10527776, 258297432, 64000
19357725, 264750769, 128000
9687145, 266085511, 64000
10695802, 269441210, 64000
9897066, 272560274, 64000
28573694, 280257789, 255980
15259107, 279560753, 128000
11615956, 275757367, 64000
Average:
0, 253962975, 0
9697063, 254700119, 64000
19395591, 255518217, 128000
9818347, 256555646, 64000
10119962, 263499207, 64000
15885242, 262381400, 128000
9816711, 260087556, 64000
10547707, 258277057, 64000
19345025, 264732019, 128000
9625462, 266066619, 64000
10773572, 269422416, 64000
9790526, 272540135, 64000
28570367, 280244494, 255980
15287730, 279540248, 128000
11237090, 275737184, 64000
