Host is running ...
size: 64000
Waiting for the board to finish...
       c0: 5	c1: 5	c2: 5	c3: 5	c4: 5	c5: 5	c6: 5	c7: 5	c8: 5	c9: 5	c10: 5	c11: 5	c13: 5	c14: 5	c15: 5	
Read data from board
0, 267680448, 0
10233638, 267689535, 64000
19301104, 267926035, 128000
9951440, 267943413, 64000
9906049, 269154164, 64000
15344706, 269120511, 128000
9516861, 268518422, 64000
10498862, 268229408, 64000
18435804, 269510071, 128000
9950208, 269529371, 64000
10792547, 269993111, 64000
9577404, 270493538, 64000
28445372, 271991882, 255980
15193889, 271893659, 128000
10965266, 271005445, 64000
Waiting for the board to finish...
       c0: 5	c1: 5	c2: 5	c3: 5	c4: 5	c5: 5	c6: 5	c7: 5	c8: 5	c9: 5	c10: 5	c11: 5	c13: 5	c14: 5	c15: 5	
Read data from board
0, 267676975, 0
10236263, 267686745, 64000
19311122, 267923062, 128000
9959862, 267940360, 64000
9912222, 269147270, 64000
15337426, 269113607, 128000
9505620, 268510915, 64000
10478580, 268221577, 64000
18430202, 269503413, 128000
9934329, 269522746, 64000
10749962, 269986233, 64000
9562544, 270487174, 64000
28431928, 271989315, 255980
15273007, 271896292, 128000
10815773, 270999017, 64000
Waiting for the board to finish...
       c0: 5	c1: 5	c2: 5	c3: 5	c4: 5	c5: 5	c6: 5	c7: 5	c8: 5	c9: 5	c10: 5	c11: 5	c13: 5	c14: 5	c15: 5	
Read data from board
0, 267645740, 0
10230706, 267655219, 64000
19373095, 267891694, 128000
10007786, 267908787, 64000
9910360, 269118789, 64000
15339131, 269085159, 128000
9522941, 268482718, 64000
10274641, 268193351, 64000
18429500, 269474685, 128000
9960598, 269493773, 64000
10564442, 269957431, 64000
9592267, 270458256, 64000
28429703, 271965915, 255980
15303880, 271865610, 128000
10850770, 270970132, 64000
Waiting for the board to finish...
       c0: 5	c1: 5	c2: 5	c3: 5	c4: 5	c5: 5	c6: 5	c7: 5	c8: 5	c9: 5	c10: 5	c11: 5	c13: 5	c14: 5	c15: 5	
Read data from board
0, 267573552, 0
10231651, 267582597, 64000
19373194, 267818621, 128000
10099109, 267835814, 64000
9916529, 269044487, 64000
15333071, 269010823, 128000
9510234, 268408384, 64000
10316298, 268119143, 64000
18449213, 269401008, 128000
9855093, 269420151, 64000
10605947, 269883570, 64000
9579190, 270384653, 64000
28429954, 271884677, 255980
15303428, 271789661, 128000
10892941, 270896701, 64000
Waiting for the board to finish...
       c0: 5	c1: 5	c2: 5	c3: 5	c4: 5	c5: 5	c6: 5	c7: 5	c8: 5	c9: 5	c10: 5	c11: 5	c13: 5	c14: 5	c15: 5	
Read data from board
0, 267620462, 0
10231477, 267630206, 64000
19304237, 267866759, 128000
9999907, 267883312, 64000
9919526, 269087899, 64000
15422272, 269054236, 128000
9487774, 268452482, 64000
10373089, 268163104, 64000
18520313, 269443870, 128000
9888396, 269462933, 64000
10722617, 269926600, 64000
9588094, 270426088, 64000
28445700, 271933972, 255980
15208886, 271835238, 128000
10919829, 270937955, 64000
Waiting for the board to finish...
       c0: 5	c1: 5	c2: 5	c3: 5	c4: 5	c5: 5	c6: 5	c7: 5	c8: 5	c9: 5	c10: 5	c11: 5	c13: 5	c14: 5	c15: 5	
Read data from board
0, 267649140, 0
10236749, 267658836, 64000
19306885, 267895087, 128000
10038623, 267912299, 64000
9910083, 269118252, 64000
15333064, 269084626, 128000
9495675, 268482566, 64000
10173464, 268193473, 64000
18434928, 269474118, 128000
9935751, 269493366, 64000
10751634, 269957415, 64000
9572035, 270458379, 64000
28433245, 271968280, 255980
15265580, 271870094, 128000
10820147, 270970175, 64000
Waiting for the board to finish...
       c0: 5	c1: 5	c2: 5	c3: 5	c4: 5	c5: 5	c6: 5	c7: 5	c8: 5	c9: 5	c10: 5	c11: 5	c13: 5	c14: 5	c15: 5	
Read data from board
0, 267638340, 0
10235462, 267647898, 64000
19367203, 267884895, 128000
10086688, 267902026, 64000
9899940, 269108513, 64000
15397365, 269074859, 128000
9511753, 268472739, 64000
10324964, 268182993, 64000
18468480, 269464562, 128000
9920272, 269483736, 64000
10828281, 269949043, 64000
9727362, 270447706, 64000
28453937, 271953138, 255980
15135501, 271854917, 128000
11672782, 270960086, 64000
Waiting for the board to finish...
       c0: 5	c1: 5	c2: 5	c3: 5	c4: 5	c5: 5	c6: 5	c7: 5	c8: 5	c9: 5	c10: 5	c11: 5	c13: 5	c14: 5	c15: 5	
Read data from board
0, 267604703, 0
10235783, 267614203, 64000
19383633, 267850612, 128000
10099516, 267867770, 64000
9904355, 269072534, 64000
15393397, 269038886, 128000
9510055, 268436532, 64000
10304272, 268147095, 64000
18456487, 269428427, 128000
9987557, 269447759, 64000
10713518, 269911583, 64000
9584491, 270412517, 64000
28436022, 271921162, 255980
15268682, 271823248, 128000
10842817, 270924429, 64000
Waiting for the board to finish...
       c0: 5	c1: 5	c2: 5	c3: 5	c4: 5	c5: 5	c6: 5	c7: 5	c8: 5	c9: 5	c10: 5	c11: 5	c13: 5	c14: 5	c15: 5	
Read data from board
0, 267636965, 0
10231130, 267646276, 64000
19302654, 267882929, 128000
9960784, 267900344, 64000
9905426, 269104336, 64000
15398308, 269070695, 128000
9519074, 268468862, 64000
10500914, 268180063, 64000
18476152, 269460267, 128000
9920032, 269479537, 64000
10675911, 269942664, 64000
9664666, 270442974, 64000
28441973, 271943969, 255980
15197466, 271848828, 128000
11150486, 270955003, 64000
Waiting for the board to finish...
       c0: 5	c1: 5	c2: 5	c3: 5	c4: 5	c5: 5	c6: 5	c7: 5	c8: 5	c9: 5	c10: 5	c11: 5	c13: 5	c14: 5	c15: 5	
Read data from board
0, 267669202, 0
10229280, 267678745, 64000
19301657, 267914920, 128000
9990705, 267932327, 64000
9906078, 269137560, 64000
15428602, 269103907, 128000
9492730, 268501633, 64000
10372736, 268212436, 64000
18490113, 269493672, 128000
9947767, 269512626, 64000
10776272, 269976035, 64000
9667921, 270475811, 64000
28440432, 271985413, 255980
15211376, 271888064, 128000
11102161, 270987517, 64000
Average:
0, 267639552, 0
10233213, 267649026, 64000
19332478, 267885461, 128000
10019442, 267902645, 64000
9909056, 269109380, 64000
15372734, 269075730, 128000
9507271, 268473525, 64000
10361782, 268184264, 64000
18459119, 269465409, 128000
9930000, 269484599, 64000
10718113, 269948368, 64000
9611597, 270448709, 64000
28438826, 271953772, 255980
15236169, 271856561, 128000
11003297, 270960646, 64000
