Host is running ...
size: 64000
Waiting for the board to finish...
       c0: 5	c1: 5	c2: 5	c3: 5	c4: 5	c5: 5	c6: 5	c7: 5	c8: 5	c9: 5	c10: 5	c11: 5	c13: 5	c14: 5	c15: 5	
Read data from board
0, 66143089, 0
10134014, 66303914, 64000
21893267, 66415266, 128000
21708434, 66588361, 64000
11749879, 67680027, 64000
16579116, 67560711, 128000
11775637, 67267895, 64000
11653393, 66922478, 64000
22852662, 67820527, 128000
22676764, 68005606, 64000
12462002, 68345084, 64000
12849888, 68687762, 64000
35959467, 69299036, 250000
17587628, 69256282, 128000
12437812, 69003014, 64000
Waiting for the board to finish...
       c0: 5	c1: 5	c2: 5	c3: 5	c4: 5	c5: 5	c6: 5	c7: 5	c8: 5	c9: 5	c10: 5	c11: 5	c13: 5	c14: 5	c15: 5	
Read data from board
0, 65949188, 0
10129576, 66109393, 64000
21892147, 66220663, 128000
21707669, 66392848, 64000
11757081, 67480167, 64000
16578581, 67360928, 128000
11775052, 67069533, 64000
11652398, 66725520, 64000
22857776, 67619852, 128000
22677342, 67804312, 64000
12467739, 68142254, 64000
12853430, 68483447, 64000
36692944, 69092601, 250000
17587593, 69049870, 128000
12438445, 68797907, 64000
Waiting for the board to finish...
       c0: 5	c1: 5	c2: 5	c3: 5	c4: 5	c5: 5	c6: 5	c7: 5	c8: 5	c9: 5	c10: 5	c11: 5	c13: 5	c14: 5	c15: 5	
Read data from board
0, 65948904, 0
10130035, 66109122, 64000
21892081, 66220410, 128000
21707100, 66392656, 64000
11756884, 67479891, 64000
16578222, 67360771, 128000
11774222, 67069289, 64000
11652185, 66725324, 64000
22857464, 67619625, 128000
22676512, 67804116, 64000
12467583, 68142086, 64000
12853184, 68483272, 64000
36692784, 69092439, 250000
17587385, 69049718, 128000
12438437, 68797761, 64000
Waiting for the board to finish...
       c0: 5	c1: 5	c2: 5	c3: 5	c4: 5	c5: 5	c6: 5	c7: 5	c8: 5	c9: 5	c10: 5	c11: 5	c13: 5	c14: 5	c15: 5	
Read data from board
0, 65949179, 0
10129495, 66109350, 64000
21892661, 66220598, 128000
21708069, 66393025, 64000
11757173, 67480158, 64000
16578362, 67360973, 128000
11775051, 67069555, 64000
11652630, 66725592, 64000
22857627, 67619905, 128000
22676713, 67804335, 64000
12468204, 68142319, 64000
12853784, 68483506, 64000
36693055, 69092692, 250000
17587630, 69049963, 128000
12438462, 68798012, 64000
Waiting for the board to finish...
       c0: 5	c1: 5	c2: 5	c3: 5	c4: 5	c5: 5	c6: 5	c7: 5	c8: 5	c9: 5	c10: 5	c11: 5	c13: 5	c14: 5	c15: 5	
Read data from board
0, 65949142, 0
10129677, 66109282, 64000
21892346, 66220577, 128000
21707615, 66392899, 64000
11757084, 67480151, 64000
16578443, 67360925, 128000
11774701, 67069498, 64000
11652560, 66725555, 64000
22857756, 67619906, 128000
22676743, 67804334, 64000
12467658, 68142300, 64000
12853904, 68483477, 64000
36693011, 69092662, 250000
17587721, 69049927, 128000
12438511, 68797979, 64000
Waiting for the board to finish...
       c0: 5	c1: 5	c2: 5	c3: 5	c4: 5	c5: 5	c6: 5	c7: 5	c8: 5	c9: 5	c10: 5	c11: 5	c13: 5	c14: 5	c15: 5	
Read data from board
0, 65949021, 0
10129886, 66109231, 64000
21892628, 66220518, 128000
21707638, 66392705, 64000
11756991, 67480044, 64000
16578600, 67360806, 128000
11775179, 67069392, 64000
11652114, 66725379, 64000
22857850, 67619720, 128000
22677085, 67804202, 64000
12467670, 68142156, 64000
12853725, 68483320, 64000
36692838, 69092490, 250000
17587567, 69049749, 128000
12438615, 68797828, 64000
Waiting for the board to finish...
       c0: 5	c1: 5	c2: 5	c3: 5	c4: 5	c5: 5	c6: 5	c7: 5	c8: 5	c9: 5	c10: 5	c11: 5	c13: 5	c14: 5	c15: 5	
Read data from board
0, 65949085, 0
10130199, 66109225, 64000
21892711, 66220563, 128000
21706885, 66392780, 64000
11756446, 67480073, 64000
16578537, 67360937, 128000
11774914, 67069413, 64000
11652702, 66725492, 64000
22858086, 67619871, 128000
22676788, 67804354, 64000
12468063, 68142315, 64000
12853561, 68483491, 64000
36693011, 69092645, 250000
17587650, 69049920, 128000
12438475, 68797971, 64000
Waiting for the board to finish...
       c0: 5	c1: 5	c2: 5	c3: 5	c4: 5	c5: 5	c6: 5	c7: 5	c8: 5	c9: 5	c10: 5	c11: 5	c13: 5	c14: 5	c15: 5	
Read data from board
0, 65949335, 0
10129574, 66109443, 64000
21892426, 66220719, 128000
21707282, 66392946, 64000
11757159, 67480220, 64000
16578520, 67360998, 128000
11775320, 67069613, 64000
11652717, 66725649, 64000
22858141, 67619919, 128000
22676890, 67804358, 64000
12468140, 68142316, 64000
12853675, 68483490, 64000
36692988, 69092658, 250000
17587663, 69049915, 128000
12438338, 68797942, 64000
Waiting for the board to finish...
       c0: 5	c1: 5	c2: 5	c3: 5	c4: 5	c5: 5	c6: 5	c7: 5	c8: 5	c9: 5	c10: 5	c11: 5	c13: 5	c14: 5	c15: 5	
Read data from board
0, 65949460, 0
10129999, 66109605, 64000
21892508, 66220898, 128000
21705994, 66393223, 64000
11756958, 67480486, 64000
16578471, 67361305, 128000
11774708, 67069923, 64000
11652140, 66725815, 64000
22857239, 67620217, 128000
22676882, 67804663, 64000
12467946, 68142650, 64000
12853898, 68483818, 64000
36693363, 69093002, 250000
17587857, 69050265, 128000
12438807, 68798322, 64000
Waiting for the board to finish...
       c0: 5	c1: 5	c2: 5	c3: 5	c4: 5	c5: 5	c6: 5	c7: 5	c8: 5	c9: 5	c10: 5	c11: 5	c13: 5	c14: 5	c15: 5	
Read data from board
0, 65948933, 0
10129650, 66109089, 64000
21892596, 66220422, 128000
21707878, 66392609, 64000
11756878, 67479864, 64000
16578207, 67360714, 128000
11774563, 67069275, 64000
11651815, 66725284, 64000
22857209, 67619578, 128000
22676088, 67804099, 64000
12467181, 68142034, 64000
12853090, 68483202, 64000
36692711, 69092355, 250000
17587153, 69049604, 128000
12438066, 68797645, 64000
Average:
0, 65968533, 0
10130210, 66128765, 64000
21892537, 66240063, 128000
21707456, 66412405, 64000
11756253, 67500108, 64000
16578505, 67380906, 128000
11774934, 67089338, 64000
11652465, 66745208, 64000
22857181, 67639912, 128000
22676780, 67824437, 64000
12467218, 68162551, 64000
12853213, 68503878, 64000
36619617, 69113258, 250000
17587584, 69070521, 128000
12438396, 68818438, 64000
