Host is running ...
size: 64000
Waiting for the board to finish...
       c0: 5	c1: 5	c2: 5	c3: 5	c4: 5	c5: 5	c6: 5	c7: 5	c8: 5	c9: 5	c10: 5	c11: 5	c13: 5	c14: 5	c15: 5	
Read data from board
0, 61158479, 0
9903827, 61429820, 64000
20998888, 61675715, 128000
21493310, 61983103, 64000
11601636, 64035482, 64000
16513666, 63774871, 128000
12173674, 63244812, 64000
12586132, 62627268, 64000
22598444, 64278098, 128000
22805642, 64604537, 64000
13509729, 65230299, 64000
13527729, 65863967, 64000
33659514, 66998621, 250000
17987006, 66912885, 128000
13157511, 66500553, 64000
Waiting for the board to finish...
       c0: 5	c1: 5	c2: 5	c3: 5	c4: 5	c5: 5	c6: 5	c7: 5	c8: 5	c9: 5	c10: 5	c11: 5	c13: 5	c14: 5	c15: 5	
Read data from board
0, 60843490, 0
9903905, 61111918, 64000
20998756, 61356368, 128000
21508023, 61662293, 64000
11602106, 63698119, 64000
16515310, 63439198, 128000
12174104, 62915058, 64000
12586531, 62300393, 64000
22599670, 63939368, 128000
22820693, 64262872, 64000
13527264, 64884105, 64000
13533566, 65513384, 64000
34239936, 66639836, 250000
17987565, 66554669, 128000
13163321, 66145399, 64000
Waiting for the board to finish...
       c0: 5	c1: 5	c2: 5	c3: 5	c4: 5	c5: 5	c6: 5	c7: 5	c8: 5	c9: 5	c10: 5	c11: 5	c13: 5	c14: 5	c15: 5	
Read data from board
0, 60843696, 0
9903979, 61112153, 64000
20998279, 61356623, 128000
21507565, 61662578, 64000
11602260, 63698376, 64000
16515262, 63439395, 128000
12173875, 62915262, 64000
12585765, 62300648, 64000
22600243, 63939646, 128000
22821099, 64263156, 64000
13526803, 64884417, 64000
13533929, 65513698, 64000
34240244, 66640163, 250000
17987895, 66555004, 128000
13163593, 66145744, 64000
Waiting for the board to finish...
       c0: 5	c1: 5	c2: 5	c3: 5	c4: 5	c5: 5	c6: 5	c7: 5	c8: 5	c9: 5	c10: 5	c11: 5	c13: 5	c14: 5	c15: 5	
Read data from board
0, 60843390, 0
9903994, 61111718, 64000
20998866, 61356195, 128000
21508102, 61662147, 64000
11601868, 63697983, 64000
16515325, 63438973, 128000
12173757, 62914811, 64000
12586924, 62300225, 64000
22599530, 63939101, 128000
22820844, 64262602, 64000
13526828, 64883813, 64000
13533862, 65513098, 64000
34239697, 66639546, 250000
17987595, 66554377, 128000
13163456, 66145117, 64000
Waiting for the board to finish...
       c0: 5	c1: 5	c2: 5	c3: 5	c4: 5	c5: 5	c6: 5	c7: 5	c8: 5	c9: 5	c10: 5	c11: 5	c13: 5	c14: 5	c15: 5	
Read data from board
0, 60843467, 0
9903781, 61111932, 64000
20999405, 61356407, 128000
21508513, 61662240, 64000
11601946, 63698124, 64000
16515120, 63439116, 128000
12173855, 62915000, 64000
12587243, 62300402, 64000
22599314, 63939358, 128000
22820748, 64262891, 64000
13526395, 64884094, 64000
13533792, 65513379, 64000
34239931, 66639823, 250000
17987591, 66554658, 128000
13163575, 66145388, 64000
Waiting for the board to finish...
       c0: 5	c1: 5	c2: 5	c3: 5	c4: 5	c5: 5	c6: 5	c7: 5	c8: 5	c9: 5	c10: 5	c11: 5	c13: 5	c14: 5	c15: 5	
Read data from board
0, 60843533, 0
9903791, 61111931, 64000
20999191, 61356271, 128000
21509211, 61662253, 64000
11601710, 63698137, 64000
16515205, 63439110, 128000
12175040, 62915024, 64000
12587463, 62300388, 64000
22599540, 63939375, 128000
22821103, 64262884, 64000
13527278, 64884122, 64000
13534114, 65513374, 64000
34239955, 66639853, 250000
17987573, 66554698, 128000
13163742, 66145449, 64000
Waiting for the board to finish...
       c0: 5	c1: 5	c2: 5	c3: 5	c4: 5	c5: 5	c6: 5	c7: 5	c8: 5	c9: 5	c10: 5	c11: 5	c13: 5	c14: 5	c15: 5	
Read data from board
0, 60843379, 0
9903538, 61111795, 64000
20998599, 61356142, 128000
21507831, 61662093, 64000
11601692, 63697879, 64000
16515122, 63438867, 128000
12173548, 62914725, 64000
12585632, 62300173, 64000
22600210, 63939153, 128000
22820729, 64262646, 64000
13526967, 64883877, 64000
13533659, 65513162, 64000
34239693, 66639593, 250000
17987438, 66554424, 128000
13163538, 66145169, 64000
Waiting for the board to finish...
       c0: 5	c1: 5	c2: 5	c3: 5	c4: 5	c5: 5	c6: 5	c7: 5	c8: 5	c9: 5	c10: 5	c11: 5	c13: 5	c14: 5	c15: 5	
Read data from board
0, 60843664, 0
9904054, 61112039, 64000
20999082, 61356380, 128000
21508272, 61662319, 64000
11601805, 63698218, 64000
16515232, 63439155, 128000
12174095, 62915045, 64000
12586754, 62300505, 64000
22599907, 63939399, 128000
22821271, 64262906, 64000
13526910, 64884128, 64000
13533795, 65513371, 64000
34239937, 66639818, 250000
17987359, 66554649, 128000
13163599, 66145395, 64000
Waiting for the board to finish...
       c0: 5	c1: 5	c2: 5	c3: 5	c4: 5	c5: 5	c6: 5	c7: 5	c8: 5	c9: 5	c10: 5	c11: 5	c13: 5	c14: 5	c15: 5	
Read data from board
0, 60843388, 0
9903950, 61111832, 64000
20998623, 61356345, 128000
21507934, 61662287, 64000
11601935, 63698134, 64000
16515351, 63439118, 128000
12173962, 62915045, 64000
12586615, 62300429, 64000
22599934, 63939356, 128000
22820685, 64262900, 64000
13527814, 64884129, 64000
13533676, 65513426, 64000
34240063, 66639934, 250000
17987721, 66554769, 128000
13163425, 66145516, 64000
Waiting for the board to finish...
       c0: 5	c1: 5	c2: 5	c3: 5	c4: 5	c5: 5	c6: 5	c7: 5	c8: 5	c9: 5	c10: 5	c11: 5	c13: 5	c14: 5	c15: 5	
Read data from board
0, 60843511, 0
9903866, 61111947, 64000
20998195, 61356418, 128000
21507691, 61662333, 64000
11601810, 63698169, 64000
16515203, 63439177, 128000
12173087, 62915056, 64000
12586204, 62300439, 64000
22600039, 63939410, 128000
22820954, 64262934, 64000
13526746, 64884137, 64000
13533656, 65513410, 64000
34239957, 66639839, 250000
17987450, 66554662, 128000
13163326, 66145392, 64000
Average:
0, 60874999, 0
9903868, 61143708, 64000
20998788, 61388286, 128000
21506645, 61694364, 64000
11601876, 63731862, 64000
16515079, 63472698, 128000
12173899, 62947983, 64000
12586526, 62333087, 64000
22599683, 63973226, 128000
22819376, 64297032, 64000
13525273, 64918712, 64000
13533177, 65548426, 64000
34181892, 66675702, 250000
17987519, 66590479, 128000
13162908, 66180912, 64000
