Host is running ...
size: 64000
Waiting for the board to finish...
       c0: 5	c1: 5	c2: 5	c3: 5	c4: 5	c5: 5	c6: 5	c7: 5	c8: 5	c9: 5	c10: 5	c11: 5	c13: 5	c14: 5	c15: 5	
Read data from board
0, 259262390, 0
7847512, 260028942, 64000
15688797, 260775316, 128000
7833723, 261802318, 64000
7869181, 267931805, 64000
14339652, 266903159, 128000
7830279, 265299963, 64000
7828480, 263662390, 64000
15708226, 268939704, 128000
7841998, 271092066, 64000
7828074, 274006904, 64000
7830027, 276966713, 64000
27383578, 282757634, 255980
14342597, 282462433, 128000
7832675, 280018386, 64000
Waiting for the board to finish...
       c0: 5	c1: 5	c2: 5	c3: 5	c4: 5	c5: 5	c6: 5	c7: 5	c8: 5	c9: 5	c10: 5	c11: 5	c13: 5	c14: 5	c15: 5	
Read data from board
0, 259269729, 0
7847173, 260037399, 64000
15688934, 260784058, 128000
7833689, 261812706, 64000
7884373, 267938234, 64000
14338829, 266909816, 128000
7829970, 265305580, 64000
7828432, 263669838, 64000
15701366, 268946148, 128000
7841532, 271098537, 64000
7828110, 274013704, 64000
7830495, 276974015, 64000
27383561, 282772470, 255980
14343176, 282477235, 128000
7832468, 280025727, 64000
Waiting for the board to finish...
       c0: 5	c1: 5	c2: 5	c3: 5	c4: 5	c5: 5	c6: 5	c7: 5	c8: 5	c9: 5	c10: 5	c11: 5	c13: 5	c14: 5	c15: 5	
Read data from board
0, 259268830, 0
7860934, 260036103, 64000
15693063, 260782391, 128000
7833682, 261815030, 64000
7869087, 267939141, 64000
14339625, 266910864, 128000
7830257, 265307040, 64000
7828523, 263673723, 64000
15708740, 268946622, 128000
7841825, 271098291, 64000
7828020, 274012117, 64000
7830404, 276973050, 64000
27383497, 282763431, 255980
14342867, 282469442, 128000
7832600, 280024741, 64000
Waiting for the board to finish...
       c0: 5	c1: 5	c2: 5	c3: 5	c4: 5	c5: 5	c6: 5	c7: 5	c8: 5	c9: 5	c10: 5	c11: 5	c13: 5	c14: 5	c15: 5	
Read data from board
0, 259251341, 0
7847035, 260018115, 64000
15689354, 260765124, 128000
7833723, 261796493, 64000
7884610, 267922091, 64000
14338520, 266893053, 128000
7830102, 265289041, 64000
7828490, 263654718, 64000
15701287, 268930899, 128000
7841486, 271082901, 64000
7827999, 273998312, 64000
7830393, 276956751, 64000
27385073, 282754529, 255980
14343147, 282458604, 128000
7832475, 280008109, 64000
Waiting for the board to finish...
       c0: 5	c1: 5	c2: 5	c3: 5	c4: 5	c5: 5	c6: 5	c7: 5	c8: 5	c9: 5	c10: 5	c11: 5	c13: 5	c14: 5	c15: 5	
Read data from board
0, 259274076, 0
7847383, 260039614, 64000
15688988, 260786478, 128000
7833735, 261813112, 64000
7869201, 267949019, 64000
14339464, 266920957, 128000
7830183, 265317206, 64000
7828458, 263678290, 64000
15707940, 268956495, 128000
7841880, 271108987, 64000
7828054, 274024753, 64000
7830112, 276984166, 64000
27384841, 282781399, 255980
14342617, 282488905, 128000
7832583, 280035989, 64000
Waiting for the board to finish...
       c0: 5	c1: 5	c2: 5	c3: 5	c4: 5	c5: 5	c6: 5	c7: 5	c8: 5	c9: 5	c10: 5	c11: 5	c13: 5	c14: 5	c15: 5	
Read data from board
0, 259272848, 0
7860792, 260040309, 64000
15693103, 260786644, 128000
7833709, 261814068, 64000
7884514, 267936918, 64000
14338677, 266908353, 128000
7829929, 265304431, 64000
7828461, 263668566, 64000
15704846, 268944208, 128000
7842027, 271096500, 64000
7828034, 274011271, 64000
7830490, 276971691, 64000
27383301, 282770745, 255980
14342522, 282471558, 128000
7832667, 280023616, 64000
Waiting for the board to finish...
       c0: 5	c1: 5	c2: 5	c3: 5	c4: 5	c5: 5	c6: 5	c7: 5	c8: 5	c9: 5	c10: 5	c11: 5	c13: 5	c14: 5	c15: 5	
Read data from board
0, 259272808, 0
7847126, 260038233, 64000
15685225, 260784743, 128000
7834660, 261812446, 64000
7869221, 267936971, 64000
14338684, 266908705, 128000
7829952, 265304925, 64000
7828477, 263666478, 64000
15697780, 268944704, 128000
7839556, 271096616, 64000
7828034, 274013755, 64000
7830546, 276974336, 64000
27383285, 282768642, 255980
14343226, 282472844, 128000
7832523, 280025910, 64000
Waiting for the board to finish...
       c0: 5	c1: 5	c2: 5	c3: 5	c4: 5	c5: 5	c6: 5	c7: 5	c8: 5	c9: 5	c10: 5	c11: 5	c13: 5	c14: 5	c15: 5	
Read data from board
0, 259261065, 0
7860597, 260028621, 64000
15689406, 260774856, 128000
7826925, 261803613, 64000
7884384, 267919825, 64000
14339581, 266891547, 128000
7830191, 265287515, 64000
7828520, 263652625, 64000
15701852, 268928507, 128000
7839550, 271081311, 64000
7828152, 273996516, 64000
7830473, 276956267, 64000
27382981, 282749412, 255980
14342542, 282454824, 128000
7832585, 280007927, 64000
Waiting for the board to finish...
       c0: 5	c1: 5	c2: 5	c3: 5	c4: 5	c5: 5	c6: 5	c7: 5	c8: 5	c9: 5	c10: 5	c11: 5	c13: 5	c14: 5	c15: 5	
Read data from board
0, 259266391, 0
7847165, 260033588, 64000
15685520, 260780215, 128000
7826958, 261806660, 64000
7868798, 267937123, 64000
14339584, 266908858, 128000
7830228, 265304962, 64000
7828441, 263663874, 64000
15697807, 268944911, 128000
7841551, 271096773, 64000
7828083, 274013567, 64000
7830104, 276972979, 64000
27383251, 282760113, 255980
14343479, 282469059, 128000
7832498, 280024270, 64000
Waiting for the board to finish...
       c0: 5	c1: 5	c2: 5	c3: 5	c4: 5	c5: 5	c6: 5	c7: 5	c8: 5	c9: 5	c10: 5	c11: 5	c13: 5	c14: 5	c15: 5	
Read data from board
0, 259278766, 0
7860850, 260044946, 64000
15692963, 260791065, 128000
7833670, 261819672, 64000
7869020, 267950392, 64000
14339516, 266922244, 128000
7830189, 265318073, 64000
7828459, 263678006, 64000
15697825, 268958840, 128000
7839591, 271110905, 64000
7828063, 274024879, 64000
7830501, 276978713, 64000
27384590, 282770208, 255980
14342707, 282475288, 128000
7832620, 280030255, 64000
Average:
0, 259267824, 0
7852656, 260034587, 64000
15689535, 260781089, 128000
7832447, 261809611, 64000
7875238, 267936151, 64000
14339213, 266907755, 128000
7830128, 265303873, 64000
7828474, 263666850, 64000
15702766, 268944103, 128000
7841099, 271096288, 64000
7828062, 274011577, 64000
7830354, 276970868, 64000
27383795, 282764858, 255980
14342888, 282470019, 128000
7832569, 280022493, 64000
