Host is running ...
size: 64000
Waiting for the board to finish...
       c0: 5	c1: 5	c2: 5	c3: 5	c4: 5	c5: 5	c6: 5	c7: 5	c8: 5	c9: 5	c10: 5	c11: 5	c13: 5	c14: 5	c15: 5	
Read data from board
0, 124604728, 0
9084132, 124653460, 64000
29440936, 124678739, 128000
10122612, 124769466, 64000
18348932, 125141103, 64000
16660232, 125108974, 128000
9360991, 124977621, 64000
9713921, 124880763, 64000
59296739, 125153944, 128000
70110136, 125166003, 64000
69921019, 125183370, 64000
71011179, 125202510, 64000
92055759, 125339027, 250000
43980537, 125335897, 128000
70641517, 125257853, 64000
Waiting for the board to finish...
       c0: 5	c1: 5	c2: 5	c3: 5	c4: 5	c5: 5	c6: 5	c7: 5	c8: 5	c9: 5	c10: 5	c11: 5	c13: 5	c14: 5	c15: 5	
Read data from board
0, 124604686, 0
9084044, 124653524, 64000
29440318, 124678817, 128000
10123246, 124769614, 64000
18349283, 125141186, 64000
16660375, 125109088, 128000
9358095, 124977752, 64000
9713478, 124880911, 64000
59297034, 125154059, 128000
70112611, 125166125, 64000
69920123, 125183496, 64000
71010915, 125202625, 64000
92957525, 125339181, 250000
43963764, 125336059, 128000
70640153, 125258025, 64000
Waiting for the board to finish...
       c0: 5	c1: 5	c2: 5	c3: 5	c4: 5	c5: 5	c6: 5	c7: 5	c8: 5	c9: 5	c10: 5	c11: 5	c13: 5	c14: 5	c15: 5	
Read data from board
0, 124602116, 0
9084439, 124651034, 64000
29440627, 124676354, 128000
10123738, 124767036, 64000
18348798, 125138631, 64000
16660287, 125106525, 128000
9357298, 124975202, 64000
9714269, 124878392, 64000
59294452, 125151514, 128000
70109058, 125163592, 64000
69919643, 125180983, 64000
71008686, 125200113, 64000
92954981, 125336648, 250000
43961509, 125333524, 128000
70638171, 125255489, 64000
Waiting for the board to finish...
       c0: 5	c1: 5	c2: 5	c3: 5	c4: 5	c5: 5	c6: 5	c7: 5	c8: 5	c9: 5	c10: 5	c11: 5	c13: 5	c14: 5	c15: 5	
Read data from board
0, 124603300, 0
9083871, 124652102, 64000
29439558, 124677392, 128000
10122552, 124768121, 64000
18348577, 125139673, 64000
16660356, 125107552, 128000
9361018, 124976225, 64000
9714250, 124879409, 64000
59295452, 125152499, 128000
70108534, 125164556, 64000
69919070, 125181924, 64000
71009064, 125201020, 64000
92955931, 125337625, 250000
43962998, 125334484, 128000
70639121, 125256441, 64000
Waiting for the board to finish...
       c0: 5	c1: 5	c2: 5	c3: 5	c4: 5	c5: 5	c6: 5	c7: 5	c8: 5	c9: 5	c10: 5	c11: 5	c13: 5	c14: 5	c15: 5	
Read data from board
0, 124603602, 0
9083917, 124652431, 64000
29438930, 124677717, 128000
10123909, 124768414, 64000
18348294, 125140024, 64000
16660380, 125107924, 128000
9360615, 124976582, 64000
9713838, 124879766, 64000
59296381, 125152907, 128000
70109086, 125164959, 64000
69919140, 125182328, 64000
71008425, 125201438, 64000
92956353, 125338015, 250000
43962213, 125334899, 128000
70640238, 125256853, 64000
Waiting for the board to finish...
       c0: 5	c1: 5	c2: 5	c3: 5	c4: 5	c5: 5	c6: 5	c7: 5	c8: 5	c9: 5	c10: 5	c11: 5	c13: 5	c14: 5	c15: 5	
Read data from board
0, 124603424, 0
9084239, 124652262, 64000
29439950, 124677567, 128000
10126907, 124768389, 64000
18347980, 125139932, 64000
16660401, 125107831, 128000
9357158, 124976503, 64000
9716073, 124879692, 64000
59296300, 125152791, 128000
70108765, 125164846, 64000
69919556, 125182235, 64000
71009077, 125201377, 64000
92956432, 125337943, 250000
43962540, 125334821, 128000
70640545, 125256773, 64000
Waiting for the board to finish...
       c0: 5	c1: 5	c2: 5	c3: 5	c4: 5	c5: 5	c6: 5	c7: 5	c8: 5	c9: 5	c10: 5	c11: 5	c13: 5	c14: 5	c15: 5	
Read data from board
0, 124603919, 0
9083997, 124652708, 64000
29439925, 124677987, 128000
10122422, 124768732, 64000
18348374, 125140253, 64000
16660234, 125108143, 128000
9361433, 124976804, 64000
9713650, 124879995, 64000
59296677, 125153109, 128000
70110101, 125165175, 64000
69919847, 125182546, 64000
71009850, 125201664, 64000
92956602, 125338192, 250000
43963467, 125335068, 128000
70639699, 125257014, 64000
Waiting for the board to finish...
       c0: 5	c1: 5	c2: 5	c3: 5	c4: 5	c5: 5	c6: 5	c7: 5	c8: 5	c9: 5	c10: 5	c11: 5	c13: 5	c14: 5	c15: 5	
Read data from board
0, 124604275, 0
9084096, 124653028, 64000
29440315, 124678362, 128000
10124446, 124769046, 64000
18348022, 125140645, 64000
16660306, 125108544, 128000
9362016, 124977205, 64000
9713707, 124880390, 64000
59297612, 125153533, 128000
70109746, 125165609, 64000
69920083, 125182989, 64000
71009945, 125202107, 64000
92957064, 125338651, 250000
43963641, 125335545, 128000
70640742, 125257493, 64000
Waiting for the board to finish...
       c0: 5	c1: 5	c2: 5	c3: 5	c4: 5	c5: 5	c6: 5	c7: 5	c8: 5	c9: 5	c10: 5	c11: 5	c13: 5	c14: 5	c15: 5	
Read data from board
0, 124604384, 0
9083951, 124653219, 64000
29439163, 124678498, 128000
10124266, 124769215, 64000
18348192, 125140777, 64000
16660236, 125108721, 128000
9361465, 124977382, 64000
9714223, 124880568, 64000
59297210, 125153643, 128000
70111326, 125165709, 64000
69919833, 125183097, 64000
71009730, 125202242, 64000
92957191, 125338785, 250000
43963948, 125335661, 128000
70640345, 125257619, 64000
Waiting for the board to finish...
       c0: 5	c1: 5	c2: 5	c3: 5	c4: 5	c5: 5	c6: 5	c7: 5	c8: 5	c9: 5	c10: 5	c11: 5	c13: 5	c14: 5	c15: 5	
Read data from board
0, 124604478, 0
9084249, 124653290, 64000
29442640, 124678598, 128000
10124638, 124769356, 64000
18348771, 125140962, 64000
16660361, 125108893, 128000
9363129, 124977532, 64000
9714015, 124880710, 64000
59296636, 125153837, 128000
70108881, 125165903, 64000
69920263, 125183280, 64000
71010377, 125202407, 64000
92957353, 125338962, 250000
43963751, 125335832, 128000
70641171, 125257792, 64000
Average:
0, 124603891, 0
9084093, 124652705, 64000
29440236, 124678003, 128000
10123873, 124768738, 64000
18348522, 125140318, 64000
16660316, 125108219, 128000
9360321, 124976880, 64000
9714142, 124880059, 64000
59296449, 125153183, 128000
70109824, 125165247, 64000
69919857, 125182624, 64000
71009724, 125201750, 64000
92866519, 125338302, 250000
43964836, 125335179, 128000
70640170, 125257135, 64000
