Host is running ...
size: 64000
Waiting for the board to finish...
       c0: 5	c1: 5	c2: 5	c3: 5	c4: 5	c5: 5	c6: 5	c7: 5	c8: 5	c9: 5	c10: 5	c11: 5	c13: 5	c14: 5	c15: 5	
Read data from board
0, 64703521, 0
7881685, 64909363, 64000
25890955, 64996971, 128000
35025824, 65064279, 64000
9126905, 66450902, 64000
21646289, 66225511, 128000
36239631, 65655479, 64000
34990365, 65191332, 64000
24247089, 66734770, 128000
27345554, 67265631, 64000
22556891, 67952545, 64000
18627629, 68676451, 64000
36535050, 69878822, 250000
16350094, 69814481, 128000
13979115, 69368526, 64000
Waiting for the board to finish...
       c0: 5	c1: 5	c2: 5	c3: 5	c4: 5	c5: 5	c6: 5	c7: 5	c8: 5	c9: 5	c10: 5	c11: 5	c13: 5	c14: 5	c15: 5	
Read data from board
0, 64700181, 0
7881886, 64906022, 64000
25887644, 64993624, 128000
35022311, 65060927, 64000
9130256, 66451375, 64000
21640136, 66225857, 128000
36230565, 65656093, 64000
34987002, 65187927, 64000
24246246, 66735522, 128000
27325059, 67266324, 64000
22555430, 67953077, 64000
18623046, 68676881, 64000
37474188, 69878753, 250000
16350073, 69814986, 128000
13969808, 69369008, 64000
Waiting for the board to finish...
       c0: 5	c1: 5	c2: 5	c3: 5	c4: 5	c5: 5	c6: 5	c7: 5	c8: 5	c9: 5	c10: 5	c11: 5	c13: 5	c14: 5	c15: 5	
Read data from board
0, 64705293, 0
7881460, 64911091, 64000
25892586, 64998701, 128000
35027386, 65065980, 64000
9141381, 66450960, 64000
21656535, 66225581, 128000
36246564, 65655476, 64000
34992129, 65193014, 64000
24267419, 66734876, 128000
27380617, 67265732, 64000
22596197, 67952587, 64000
18652290, 68676519, 64000
37474020, 69878475, 250000
16349794, 69814718, 128000
13990008, 69368742, 64000
Waiting for the board to finish...
       c0: 5	c1: 5	c2: 5	c3: 5	c4: 5	c5: 5	c6: 5	c7: 5	c8: 5	c9: 5	c10: 5	c11: 5	c13: 5	c14: 5	c15: 5	
Read data from board
0, 64702116, 0
7882056, 64907924, 64000
25889487, 64995532, 128000
35024485, 65062838, 64000
9133551, 66451828, 64000
21644218, 66226491, 128000
36236607, 65656383, 64000
34988877, 65189856, 64000
24243077, 66735928, 128000
27327882, 67266674, 64000
22558947, 67953289, 64000
18648007, 68677292, 64000
37474556, 69879170, 250000
16350693, 69815405, 128000
13990811, 69369439, 64000
Waiting for the board to finish...
       c0: 5	c1: 5	c2: 5	c3: 5	c4: 5	c5: 5	c6: 5	c7: 5	c8: 5	c9: 5	c10: 5	c11: 5	c13: 5	c14: 5	c15: 5	
Read data from board
0, 64700944, 0
7882187, 64906761, 64000
25888307, 64994365, 128000
35023083, 65061694, 64000
9130236, 66450941, 64000
21640190, 66225689, 128000
36232568, 65655654, 64000
34987739, 65188769, 64000
24244388, 66734891, 128000
27335601, 67265694, 64000
22548620, 67952446, 64000
18615281, 68676146, 64000
37473648, 69878257, 250000
16349574, 69814482, 128000
13982236, 69368497, 64000
Waiting for the board to finish...
       c0: 5	c1: 5	c2: 5	c3: 5	c4: 5	c5: 5	c6: 5	c7: 5	c8: 5	c9: 5	c10: 5	c11: 5	c13: 5	c14: 5	c15: 5	
Read data from board
0, 64701854, 0
7881300, 64907663, 64000
25889152, 64995269, 128000
35023941, 65062572, 64000
9127944, 66450611, 64000
21642371, 66225277, 128000
36235345, 65655256, 64000
34988788, 65189656, 64000
24242695, 66734715, 128000
27317338, 67265775, 64000
22561602, 67952511, 64000
18628662, 68676173, 64000
37473568, 69878183, 250000
16349579, 69814420, 128000
13985764, 69368440, 64000
Waiting for the board to finish...
       c0: 5	c1: 5	c2: 5	c3: 5	c4: 5	c5: 5	c6: 5	c7: 5	c8: 5	c9: 5	c10: 5	c11: 5	c13: 5	c14: 5	c15: 5	
Read data from board
0, 64704665, 0
7881768, 64910453, 64000
25891876, 64998065, 128000
35026903, 65065347, 64000
9141044, 66451468, 64000
21651522, 66225964, 128000
36243639, 65656144, 64000
34991346, 65192352, 64000
24255181, 66735573, 128000
27358700, 67266386, 64000
22580304, 67953364, 64000
18650654, 68677000, 64000
37474330, 69879059, 250000
16350313, 69815287, 128000
13995505, 69369300, 64000
Waiting for the board to finish...
       c0: 5	c1: 5	c2: 5	c3: 5	c4: 5	c5: 5	c6: 5	c7: 5	c8: 5	c9: 5	c10: 5	c11: 5	c13: 5	c14: 5	c15: 5	
Read data from board
0, 64705339, 0
7882041, 64911190, 64000
25892766, 64998780, 128000
35027675, 65066073, 64000
9136227, 66451331, 64000
21654470, 66226387, 128000
36244621, 65656246, 64000
34992066, 65193106, 64000
24263867, 66735581, 128000
27368219, 67266272, 64000
22571734, 67953254, 64000
18655092, 68676949, 64000
37474371, 69878867, 250000
16350362, 69815095, 128000
13985096, 69369095, 64000
Waiting for the board to finish...
       c0: 5	c1: 5	c2: 5	c3: 5	c4: 5	c5: 5	c6: 5	c7: 5	c8: 5	c9: 5	c10: 5	c11: 5	c13: 5	c14: 5	c15: 5	
Read data from board
0, 64705403, 0
7882245, 64911208, 64000
25892775, 64998813, 128000
35027591, 65066125, 64000
9135320, 66451794, 64000
21653130, 66226675, 128000
36242511, 65656653, 64000
34992178, 65193143, 64000
24263221, 66735889, 128000
27377912, 67266541, 64000
22582281, 67953504, 64000
18651556, 68677304, 64000
37474605, 69879230, 250000
16350272, 69815469, 128000
13992057, 69369485, 64000
Waiting for the board to finish...
       c0: 5	c1: 5	c2: 5	c3: 5	c4: 5	c5: 5	c6: 5	c7: 5	c8: 5	c9: 5	c10: 5	c11: 5	c13: 5	c14: 5	c15: 5	
Read data from board
0, 64705713, 0
7882219, 64911528, 64000
25893118, 64999127, 128000
35027878, 65066412, 64000
9141116, 66451063, 64000
21658158, 66225659, 128000
36244925, 65655616, 64000
34992702, 65193444, 64000
24267167, 66734680, 128000
27368731, 67265702, 64000
22579595, 67952383, 64000
18651028, 68676127, 64000
37473430, 69878102, 250000
16349660, 69814317, 128000
13983582, 69368319, 64000
Average:
0, 64703502, 0
7881884, 64909320, 64000
25890866, 64996924, 128000
35025707, 65064224, 64000
9134398, 66451227, 64000
21648701, 66225909, 128000
36239697, 65655900, 64000
34990319, 65191259, 64000
24254035, 66735242, 128000
27350561, 67266073, 64000
22569160, 67952896, 64000
18640324, 68676684, 64000
37380176, 69878691, 250000
16350041, 69814866, 128000
13985398, 69368885, 64000
