Host is running ...
size: 64000
Waiting for the board to finish...
       c0: 5	c1: 5	c2: 5	c3: 5	c4: 5	c5: 5	c6: 5	c7: 5	c8: 5	c9: 5	c10: 5	c11: 5	c12: 5	c13: 5	c14: 5	
Read data from board
0, 63159477, 0
0, 63361046, 0
0, 63553953, 0
0, 63779339, 0
0, 64178766, 0
0, 64576911, 0
0, 65012971, 0
0, 65212457, 0
0, 65213540, 0
0, 65215460, 0
0, 65217855, 0
0, 65220844, 0
0, 65222576, 0
0, 65256471, 0
0, 65262301, 0
Waiting for the board to finish...
       c0: 5	c1: 5	c2: 5	c3: 5	c4: 5	c5: 5	c6: 5	c7: 5	c8: 5	c9: 5	c10: 5	c11: 5	c12: 5	c13: 5	c14: 5	
Read data from board
0, 63153148, 0
0, 63354897, 0
0, 63547615, 0
0, 63773143, 0
0, 64172923, 0
0, 64570954, 0
0, 65007538, 0
0, 65207023, 0
0, 65208098, 0
0, 65210036, 0
0, 65212459, 0
0, 65215454, 0
0, 65217203, 0
0, 65251128, 0
0, 65256982, 0
Waiting for the board to finish...
       c0: 5	c1: 5	c2: 5	c3: 5	c4: 5	c5: 5	c6: 5	c7: 5	c8: 5	c9: 5	c10: 5	c11: 5	c12: 5	c13: 5	c14: 5	
Read data from board
0, 63156946, 0
0, 63358664, 0
0, 63551310, 0
0, 63776742, 0
0, 64176492, 0
0, 64574325, 0
0, 65011257, 0
0, 65210781, 0
0, 65211874, 0
0, 65213814, 0
0, 65216210, 0
0, 65219211, 0
0, 65220943, 0
0, 65254855, 0
0, 65260685, 0
Waiting for the board to finish...
       c0: 5	c1: 5	c2: 5	c3: 5	c4: 5	c5: 5	c6: 5	c7: 5	c8: 5	c9: 5	c10: 5	c11: 5	c12: 5	c13: 5	c14: 5	
Read data from board
0, 63153959, 0
0, 63355550, 0
0, 63548176, 0
0, 63773882, 0
0, 64173657, 0
0, 64571773, 0
0, 65008419, 0
0, 65207909, 0
0, 65208998, 0
0, 65210936, 0
0, 65213347, 0
0, 65216348, 0
0, 65218083, 0
0, 65251948, 0
0, 65257854, 0
Waiting for the board to finish...
       c0: 5	c1: 5	c2: 5	c3: 5	c4: 5	c5: 5	c6: 5	c7: 5	c8: 5	c9: 5	c10: 5	c11: 5	c12: 5	c13: 5	c14: 5	
Read data from board
0, 63158121, 0
0, 63359594, 0
0, 63552496, 0
0, 63777826, 0
0, 64177466, 0
0, 64575379, 0
0, 65012291, 0
0, 65211807, 0
0, 65212902, 0
0, 65214850, 0
0, 65217274, 0
0, 65220267, 0
0, 65222004, 0
0, 65255896, 0
0, 65261817, 0
Waiting for the board to finish...
       c0: 5	c1: 5	c2: 5	c3: 5	c4: 5	c5: 5	c6: 5	c7: 5	c8: 5	c9: 5	c10: 5	c11: 5	c12: 5	c13: 5	c14: 5	
Read data from board
0, 63155377, 0
0, 63357052, 0
0, 63549867, 0
0, 63775072, 0
0, 64175003, 0
0, 64573060, 0
0, 65009961, 0
0, 65209440, 0
0, 65210524, 0
0, 65212443, 0
0, 65214862, 0
0, 65217831, 0
0, 65219570, 0
0, 65253452, 0
0, 65259286, 0
Waiting for the board to finish...
       c0: 5	c1: 5	c2: 5	c3: 5	c4: 5	c5: 5	c6: 5	c7: 5	c8: 5	c9: 5	c10: 5	c11: 5	c12: 5	c13: 5	c14: 5	
Read data from board
0, 63155852, 0
0, 63357509, 0
0, 63550395, 0
0, 63775765, 0
0, 64175953, 0
0, 64574139, 0
0, 65010661, 0
0, 65210065, 0
0, 65211155, 0
0, 65213081, 0
0, 65215474, 0
0, 65218471, 0
0, 65220196, 0
0, 65254074, 0
0, 65259996, 0
Waiting for the board to finish...
       c0: 5	c1: 5	c2: 5	c3: 5	c4: 5	c5: 5	c6: 5	c7: 5	c8: 5	c9: 5	c10: 5	c11: 5	c12: 5	c13: 5	c14: 5	
Read data from board
0, 63154963, 0
0, 63356501, 0
0, 63549334, 0
0, 63774674, 0
0, 64174544, 0
0, 64572635, 0
0, 65009856, 0
0, 65209292, 0
0, 65210369, 0
0, 65212293, 0
0, 65214724, 0
0, 65217721, 0
0, 65219471, 0
0, 65253393, 0
0, 65259242, 0
Waiting for the board to finish...
       c0: 5	c1: 5	c2: 5	c3: 5	c4: 5	c5: 5	c6: 5	c7: 5	c8: 5	c9: 5	c10: 5	c11: 5	c12: 5	c13: 5	c14: 5	
Read data from board
0, 63154417, 0
0, 63356037, 0
0, 63549007, 0
0, 63774423, 0
0, 64174590, 0
0, 64572937, 0
0, 65009544, 0
0, 65208982, 0
0, 65210067, 0
0, 65211992, 0
0, 65214399, 0
0, 65217397, 0
0, 65219142, 0
0, 65253021, 0
0, 65258928, 0
Waiting for the board to finish...
       c0: 5	c1: 5	c2: 5	c3: 5	c4: 5	c5: 5	c6: 5	c7: 5	c8: 5	c9: 5	c10: 5	c11: 5	c12: 5	c13: 5	c14: 5	
Read data from board
0, 63158078, 0
0, 63359956, 0
0, 63552556, 0
0, 63777851, 0
0, 64177443, 0
0, 64575516, 0
0, 65012412, 0
0, 65211845, 0
0, 65212920, 0
0, 65214842, 0
0, 65217237, 0
0, 65220248, 0
0, 65222004, 0
0, 65255879, 0
0, 65261780, 0
Average:
0, 63156033, 0
0, 63357680, 0
0, 63550470, 0
0, 63775871, 0
0, 64175683, 0
0, 64573762, 0
0, 65010491, 0
0, 65209960, 0
0, 65211044, 0
0, 65212974, 0
0, 65215384, 0
0, 65218379, 0
0, 65220119, 0
0, 65254011, 0
0, 65259887, 0
