Host is running ...
size: 64000
Waiting for the board to finish...
       c0: 5	c1: 5	c2: 5	c3: 5	c4: 5	c5: 5	c6: 5	c7: 5	c8: 5	c9: 5	c10: 5	c11: 5	c12: 5	c13: 5	c14: 5	
Read data from board
0, 64726038, 0
0, 64754005, 0
0, 64789316, 0
0, 64805058, 0
0, 64869074, 0
0, 64932523, 0
0, 65034703, 0
0, 65068404, 0
0, 65069474, 0
0, 65071418, 0
0, 65073804, 0
0, 65076818, 0
0, 65078538, 0
0, 65112314, 0
0, 65117324, 0
Waiting for the board to finish...
       c0: 5	c1: 5	c2: 5	c3: 5	c4: 5	c5: 5	c6: 5	c7: 5	c8: 5	c9: 5	c10: 5	c11: 5	c12: 5	c13: 5	c14: 5	
Read data from board
0, 64725603, 0
0, 64753540, 0
0, 64788978, 0
0, 64804784, 0
0, 64868849, 0
0, 64932330, 0
0, 65034646, 0
0, 65068242, 0
0, 65069322, 0
0, 65071263, 0
0, 65073730, 0
0, 65076654, 0
0, 65078399, 0
0, 65112229, 0
0, 65117252, 0
Waiting for the board to finish...
       c0: 5	c1: 5	c2: 5	c3: 5	c4: 5	c5: 5	c6: 5	c7: 5	c8: 5	c9: 5	c10: 5	c11: 5	c12: 5	c13: 5	c14: 5	
Read data from board
0, 64726457, 0
0, 64754351, 0
0, 64789844, 0
0, 64805729, 0
0, 64869646, 0
0, 64933032, 0
0, 65035400, 0
0, 65069050, 0
0, 65070139, 0
0, 65072072, 0
0, 65074488, 0
0, 65077511, 0
0, 65079264, 0
0, 65113102, 0
0, 65118138, 0
Waiting for the board to finish...
       c0: 5	c1: 5	c2: 5	c3: 5	c4: 5	c5: 5	c6: 5	c7: 5	c8: 5	c9: 5	c10: 5	c11: 5	c12: 5	c13: 5	c14: 5	
Read data from board
0, 64725035, 0
0, 64753005, 0
0, 64788457, 0
0, 64804393, 0
0, 64868210, 0
0, 64931899, 0
0, 65034054, 0
0, 65067707, 0
0, 65068792, 0
0, 65070744, 0
0, 65073155, 0
0, 65076185, 0
0, 65077944, 0
0, 65111759, 0
0, 65116782, 0
Waiting for the board to finish...
       c0: 5	c1: 5	c2: 5	c3: 5	c4: 5	c5: 5	c6: 5	c7: 5	c8: 5	c9: 5	c10: 5	c11: 5	c12: 5	c13: 5	c14: 5	
Read data from board
0, 64724103, 0
0, 64752050, 0
0, 64787444, 0
0, 64803337, 0
0, 64867443, 0
0, 64930765, 0
0, 65033179, 0
0, 65066810, 0
0, 65067918, 0
0, 65069842, 0
0, 65072259, 0
0, 65075284, 0
0, 65077032, 0
0, 65110850, 0
0, 65115876, 0
Waiting for the board to finish...
       c0: 5	c1: 5	c2: 5	c3: 5	c4: 5	c5: 5	c6: 5	c7: 5	c8: 5	c9: 5	c10: 5	c11: 5	c12: 5	c13: 5	c14: 5	
Read data from board
0, 64726648, 0
0, 64754585, 0
0, 64789918, 0
0, 64805822, 0
0, 64869934, 0
0, 64933331, 0
0, 65035774, 0
0, 65069380, 0
0, 65070474, 0
0, 65072388, 0
0, 65074795, 0
0, 65077794, 0
0, 65079530, 0
0, 65113308, 0
0, 65118334, 0
Waiting for the board to finish...
       c0: 5	c1: 5	c2: 5	c3: 5	c4: 5	c5: 5	c6: 5	c7: 5	c8: 5	c9: 5	c10: 5	c11: 5	c12: 5	c13: 5	c14: 5	
Read data from board
0, 64721647, 0
0, 64749652, 0
0, 64785125, 0
0, 64800955, 0
0, 64864879, 0
0, 64928490, 0
0, 65030799, 0
0, 65064353, 0
0, 65065441, 0
0, 65067355, 0
0, 65069766, 0
0, 65072786, 0
0, 65074524, 0
0, 65108355, 0
0, 65113375, 0
Waiting for the board to finish...
       c0: 5	c1: 5	c2: 5	c3: 5	c4: 5	c5: 5	c6: 5	c7: 5	c8: 5	c9: 5	c10: 5	c11: 5	c12: 5	c13: 5	c14: 5	
Read data from board
0, 64726984, 0
0, 64754995, 0
0, 64790296, 0
0, 64806199, 0
0, 64870060, 0
0, 64933648, 0
0, 65035855, 0
0, 65069519, 0
0, 65070601, 0
0, 65072536, 0
0, 65074959, 0
0, 65077936, 0
0, 65079675, 0
0, 65113503, 0
0, 65118536, 0
Waiting for the board to finish...
       c0: 5	c1: 5	c2: 5	c3: 5	c4: 5	c5: 5	c6: 5	c7: 5	c8: 5	c9: 5	c10: 5	c11: 5	c12: 5	c13: 5	c14: 5	
Read data from board
0, 64722028, 0
0, 64749995, 0
0, 64785576, 0
0, 64801310, 0
0, 64865422, 0
0, 64928944, 0
0, 65031309, 0
0, 65064942, 0
0, 65066064, 0
0, 65067995, 0
0, 65070421, 0
0, 65073436, 0
0, 65075194, 0
0, 65108995, 0
0, 65114031, 0
Waiting for the board to finish...
       c0: 5	c1: 5	c2: 5	c3: 5	c4: 5	c5: 5	c6: 5	c7: 5	c8: 5	c9: 5	c10: 5	c11: 5	c12: 5	c13: 5	c14: 5	
Read data from board
0, 64722479, 0
0, 64750475, 0
0, 64785994, 0
0, 64801843, 0
0, 64865678, 0
0, 64929407, 0
0, 65031645, 0
0, 65065298, 0
0, 65066399, 0
0, 65068335, 0
0, 65070728, 0
0, 65073731, 0
0, 65075469, 0
0, 65109271, 0
0, 65114296, 0
Average:
0, 64724702, 0
0, 64752665, 0
0, 64788094, 0
0, 64803943, 0
0, 64867919, 0
0, 64931436, 0
0, 65033736, 0
0, 65067370, 0
0, 65068462, 0
0, 65070394, 0
0, 65072810, 0
0, 65075813, 0
0, 65077556, 0
0, 65111368, 0
0, 65116394, 0
