Host is running ...
size: 64000
Waiting for the board to finish...
       c0: 5	c1: 5	c2: 5	c3: 5	c4: 5	c5: 5	c6: 5	c7: 5	c8: 5	c9: 5	c10: 5	c11: 5	c12: 5	c13: 5	c14: 5	
Read data from board
0, 61093435, 0
0, 61497995, 0
0, 61915363, 0
0, 62315383, 0
0, 63114294, 0
0, 63946031, 0
0, 64782333, 0
0, 65179408, 0
0, 65180510, 0
0, 65182441, 0
0, 65184867, 0
0, 65187868, 0
0, 65189620, 0
0, 65223549, 0
0, 65229393, 0
Waiting for the board to finish...
       c0: 5	c1: 5	c2: 5	c3: 5	c4: 5	c5: 5	c6: 5	c7: 5	c8: 5	c9: 5	c10: 5	c11: 5	c12: 5	c13: 5	c14: 5	
Read data from board
0, 61093382, 0
0, 61497933, 0
0, 61915580, 0
0, 62315903, 0
0, 63114320, 0
0, 63945904, 0
0, 64782521, 0
0, 65179403, 0
0, 65180498, 0
0, 65182423, 0
0, 65184851, 0
0, 65187875, 0
0, 65189632, 0
0, 65223523, 0
0, 65229447, 0
Waiting for the board to finish...
       c0: 5	c1: 5	c2: 5	c3: 5	c4: 5	c5: 5	c6: 5	c7: 5	c8: 5	c9: 5	c10: 5	c11: 5	c12: 5	c13: 5	c14: 5	
Read data from board
0, 61093081, 0
0, 61497194, 0
0, 61914389, 0
0, 62314679, 0
0, 63113522, 0
0, 63945410, 0
0, 64782470, 0
0, 65179468, 0
0, 65180551, 0
0, 65182477, 0
0, 65184897, 0
0, 65187880, 0
0, 65189621, 0
0, 65223538, 0
0, 65229381, 0
Waiting for the board to finish...
       c0: 5	c1: 5	c2: 5	c3: 5	c4: 5	c5: 5	c6: 5	c7: 5	c8: 5	c9: 5	c10: 5	c11: 5	c12: 5	c13: 5	c14: 5	
Read data from board
0, 61091430, 0
0, 61495974, 0
0, 61913410, 0
0, 62313634, 0
0, 63112264, 0
0, 63944063, 0
0, 64780012, 0
0, 65176854, 0
0, 65177936, 0
0, 65179869, 0
0, 65182279, 0
0, 65185267, 0
0, 65187003, 0
0, 65220920, 0
0, 65226837, 0
Waiting for the board to finish...
       c0: 5	c1: 5	c2: 5	c3: 5	c4: 5	c5: 5	c6: 5	c7: 5	c8: 5	c9: 5	c10: 5	c11: 5	c12: 5	c13: 5	c14: 5	
Read data from board
0, 61092391, 0
0, 61496500, 0
0, 61913969, 0
0, 62314206, 0
0, 63113161, 0
0, 63945152, 0
0, 64781368, 0
0, 65178472, 0
0, 65179560, 0
0, 65181496, 0
0, 65183925, 0
0, 65186918, 0
0, 65188665, 0
0, 65222548, 0
0, 65228465, 0
Waiting for the board to finish...
       c0: 5	c1: 5	c2: 5	c3: 5	c4: 5	c5: 5	c6: 5	c7: 5	c8: 5	c9: 5	c10: 5	c11: 5	c12: 5	c13: 5	c14: 5	
Read data from board
0, 61089198, 0
0, 61493653, 0
0, 61911263, 0
0, 62311359, 0
0, 63110066, 0
0, 63941895, 0
0, 64777924, 0
0, 65174928, 0
0, 65176015, 0
0, 65177941, 0
0, 65180346, 0
0, 65183378, 0
0, 65185125, 0
0, 65219026, 0
0, 65224949, 0
Waiting for the board to finish...
       c0: 5	c1: 5	c2: 5	c3: 5	c4: 5	c5: 5	c6: 5	c7: 5	c8: 5	c9: 5	c10: 5	c11: 5	c12: 5	c13: 5	c14: 5	
Read data from board
0, 61094209, 0
0, 61498451, 0
0, 61915887, 0
0, 62316166, 0
0, 63114907, 0
0, 63946704, 0
0, 64783263, 0
0, 65180387, 0
0, 65181471, 0
0, 65183397, 0
0, 65185809, 0
0, 65188828, 0
0, 65190571, 0
0, 65224455, 0
0, 65230362, 0
Waiting for the board to finish...
       c0: 5	c1: 5	c2: 5	c3: 5	c4: 5	c5: 5	c6: 5	c7: 5	c8: 5	c9: 5	c10: 5	c11: 5	c12: 5	c13: 5	c14: 5	
Read data from board
0, 61094620, 0
0, 61499007, 0
0, 61915999, 0
0, 62316244, 0
0, 63114837, 0
0, 63946486, 0
0, 64783089, 0
0, 65180210, 0
0, 65181291, 0
0, 65183219, 0
0, 65185627, 0
0, 65188646, 0
0, 65190381, 0
0, 65224259, 0
0, 65230169, 0
Waiting for the board to finish...
       c0: 5	c1: 5	c2: 5	c3: 5	c4: 5	c5: 5	c6: 5	c7: 5	c8: 5	c9: 5	c10: 5	c11: 5	c12: 5	c13: 5	c14: 5	
Read data from board
0, 61092277, 0
0, 61496732, 0
0, 61914330, 0
0, 62314504, 0
0, 63113311, 0
0, 63945586, 0
0, 64782370, 0
0, 65179203, 0
0, 65180308, 0
0, 65182242, 0
0, 65184658, 0
0, 65187687, 0
0, 65189421, 0
0, 65223344, 0
0, 65229203, 0
Waiting for the board to finish...
       c0: 5	c1: 5	c2: 5	c3: 5	c4: 5	c5: 5	c6: 5	c7: 5	c8: 5	c9: 5	c10: 5	c11: 5	c12: 5	c13: 5	c14: 5	
Read data from board
0, 61090574, 0
0, 61495026, 0
0, 61912279, 0
0, 62312311, 0
0, 63111179, 0
0, 63942943, 0
0, 64779472, 0
0, 65176590, 0
0, 65177686, 0
0, 65179620, 0
0, 65182035, 0
0, 65185059, 0
0, 65186821, 0
0, 65220733, 0
0, 65226646, 0
Average:
0, 61092459, 0
0, 61496846, 0
0, 61914246, 0
0, 62314438, 0
0, 63113186, 0
0, 63945017, 0
0, 64781482, 0
0, 65178492, 0
0, 65179582, 0
0, 65181512, 0
0, 65183929, 0
0, 65186940, 0
0, 65188686, 0
0, 65222589, 0
0, 65228485, 0
