Host is running ...
size: 64000
Waiting for the board to finish...
       c0: 5	c1: 5	c2: 5	c3: 5	c4: 5	c5: 5	c6: 5	c7: 5	c8: 5	c9: 5	c10: 5	c11: 5	c12: 5	c13: 5	c14: 5	
Read data from board
0, 69744481, 0
0, 69773129, 0
0, 69788979, 0
0, 69825057, 0
0, 69881343, 0
0, 69937892, 0
0, 70004553, 0
0, 70023877, 0
0, 70034941, 0
0, 70049325, 0
0, 70086308, 0
0, 70136984, 0
0, 70187671, 0
0, 70239419, 0
0, 70243620, 0
Waiting for the board to finish...
       c0: 5	c1: 5	c2: 5	c3: 5	c4: 5	c5: 5	c6: 5	c7: 5	c8: 5	c9: 5	c10: 5	c11: 5	c12: 5	c13: 5	c14: 5	
Read data from board
0, 69744854, 0
0, 69773604, 0
0, 69789440, 0
0, 69825578, 0
0, 69881837, 0
0, 69938389, 0
0, 70005042, 0
0, 70024377, 0
0, 70035430, 0
0, 70049822, 0
0, 70086337, 0
0, 70136523, 0
0, 70186720, 0
0, 70238367, 0
0, 70242580, 0
Waiting for the board to finish...
       c0: 5	c1: 5	c2: 5	c3: 5	c4: 5	c5: 5	c6: 5	c7: 5	c8: 5	c9: 5	c10: 5	c11: 5	c12: 5	c13: 5	c14: 5	
Read data from board
0, 69746561, 0
0, 69775241, 0
0, 69791088, 0
0, 69827226, 0
0, 69883492, 0
0, 69940032, 0
0, 70006713, 0
0, 70026075, 0
0, 70037124, 0
0, 70051492, 0
0, 70087988, 0
0, 70138172, 0
0, 70188339, 0
0, 70239995, 0
0, 70244199, 0
Waiting for the board to finish...
       c0: 5	c1: 5	c2: 5	c3: 5	c4: 5	c5: 5	c6: 5	c7: 5	c8: 5	c9: 5	c10: 5	c11: 5	c12: 5	c13: 5	c14: 5	
Read data from board
0, 69746409, 0
0, 69775100, 0
0, 69790929, 0
0, 69827094, 0
0, 69883444, 0
0, 69940023, 0
0, 70006678, 0
0, 70025992, 0
0, 70037051, 0
0, 70051437, 0
0, 70087990, 0
0, 70138187, 0
0, 70188375, 0
0, 70240036, 0
0, 70244237, 0
Waiting for the board to finish...
       c0: 5	c1: 5	c2: 5	c3: 5	c4: 5	c5: 5	c6: 5	c7: 5	c8: 5	c9: 5	c10: 5	c11: 5	c12: 5	c13: 5	c14: 5	
Read data from board
0, 69744281, 0
0, 69772970, 0
0, 69788795, 0
0, 69824891, 0
0, 69881227, 0
0, 69937837, 0
0, 70004435, 0
0, 70023760, 0
0, 70034823, 0
0, 70049211, 0
0, 70085752, 0
0, 70135960, 0
0, 70186142, 0
0, 70237787, 0
0, 70241988, 0
Waiting for the board to finish...
       c0: 5	c1: 5	c2: 5	c3: 5	c4: 5	c5: 5	c6: 5	c7: 5	c8: 5	c9: 5	c10: 5	c11: 5	c12: 5	c13: 5	c14: 5	
Read data from board
0, 69744700, 0
0, 69773370, 0
0, 69789214, 0
0, 69825321, 0
0, 69881593, 0
0, 69938177, 0
0, 70004812, 0
0, 70024147, 0
0, 70035202, 0
0, 70049594, 0
0, 70086134, 0
0, 70136311, 0
0, 70186504, 0
0, 70238157, 0
0, 70242367, 0
Waiting for the board to finish...
       c0: 5	c1: 5	c2: 5	c3: 5	c4: 5	c5: 5	c6: 5	c7: 5	c8: 5	c9: 5	c10: 5	c11: 5	c12: 5	c13: 5	c14: 5	
Read data from board
0, 69744373, 0
0, 69773045, 0
0, 69788895, 0
0, 69824954, 0
0, 69881239, 0
0, 69937771, 0
0, 70004405, 0
0, 70023751, 0
0, 70034798, 0
0, 70049188, 0
0, 70085761, 0
0, 70135978, 0
0, 70186175, 0
0, 70237839, 0
0, 70242046, 0
Waiting for the board to finish...
       c0: 5	c1: 5	c2: 5	c3: 5	c4: 5	c5: 5	c6: 5	c7: 5	c8: 5	c9: 5	c10: 5	c11: 5	c12: 5	c13: 5	c14: 5	
Read data from board
0, 69745276, 0
0, 69773906, 0
0, 69789748, 0
0, 69825783, 0
0, 69882109, 0
0, 69938687, 0
0, 70005355, 0
0, 70024697, 0
0, 70035748, 0
0, 70050141, 0
0, 70086698, 0
0, 70136919, 0
0, 70187146, 0
0, 70238806, 0
0, 70243008, 0
Waiting for the board to finish...
       c0: 5	c1: 5	c2: 5	c3: 5	c4: 5	c5: 5	c6: 5	c7: 5	c8: 5	c9: 5	c10: 5	c11: 5	c12: 5	c13: 5	c14: 5	
Read data from board
0, 69745094, 0
0, 69773750, 0
0, 69789592, 0
0, 69825719, 0
0, 69882016, 0
0, 69938637, 0
0, 70005283, 0
0, 70024613, 0
0, 70035669, 0
0, 70050058, 0
0, 70086615, 0
0, 70136802, 0
0, 70187027, 0
0, 70238681, 0
0, 70242889, 0
Waiting for the board to finish...
       c0: 5	c1: 5	c2: 5	c3: 5	c4: 5	c5: 5	c6: 5	c7: 5	c8: 5	c9: 5	c10: 5	c11: 5	c12: 5	c13: 5	c14: 5	
Read data from board
0, 69745503, 0
0, 69774208, 0
0, 69790048, 0
0, 69826113, 0
0, 69882424, 0
0, 69938989, 0
0, 70005603, 0
0, 70024948, 0
0, 70035980, 0
0, 70050353, 0
0, 70086895, 0
0, 70137108, 0
0, 70187329, 0
0, 70238976, 0
0, 70243168, 0
Average:
0, 69745153, 0
0, 69773832, 0
0, 69789672, 0
0, 69825773, 0
0, 69882072, 0
0, 69938643, 0
0, 70005287, 0
0, 70024623, 0
0, 70035676, 0
0, 70050062, 0
0, 70086647, 0
0, 70136894, 0
0, 70187142, 0
0, 70238806, 0
0, 70243010, 0
