Host is running ...
size: 64000
Waiting for the board to finish...
       c0: 5	c1: 5	c2: 5	c3: 5	c4: 5	c5: 5	c6: 5	c7: 5	c8: 5	c9: 5	c10: 5	c11: 5	c12: 5	c13: 5	c14: 5	
Read data from board
0, 48276605, 0
0, 48389882, 0
0, 48479408, 0
0, 48600543, 0
0, 48837742, 0
0, 49080720, 0
0, 49289857, 0
0, 49380329, 0
0, 49478214, 0
0, 49611896, 0
0, 49851324, 0
0, 50094092, 0
0, 50327626, 0
0, 50502134, 0
0, 50525773, 0
Waiting for the board to finish...
       c0: 5	c1: 5	c2: 5	c3: 5	c4: 5	c5: 5	c6: 5	c7: 5	c8: 5	c9: 5	c10: 5	c11: 5	c12: 5	c13: 5	c14: 5	
Read data from board
0, 48085489, 0
0, 48198025, 0
0, 48287571, 0
0, 48407961, 0
0, 48643858, 0
0, 48885343, 0
0, 49092896, 0
0, 49183444, 0
0, 49280587, 0
0, 49413606, 0
0, 49651562, 0
0, 49892837, 0
0, 50125657, 0
0, 50298866, 0
0, 50322491, 0
Waiting for the board to finish...
       c0: 5	c1: 5	c2: 5	c3: 5	c4: 5	c5: 5	c6: 5	c7: 5	c8: 5	c9: 5	c10: 5	c11: 5	c12: 5	c13: 5	c14: 5	
Read data from board
0, 48085505, 0
0, 48198040, 0
0, 48287606, 0
0, 48408012, 0
0, 48643881, 0
0, 48885429, 0
0, 49093008, 0
0, 49183531, 0
0, 49280658, 0
0, 49413717, 0
0, 49651634, 0
0, 49892927, 0
0, 50125744, 0
0, 50298971, 0
0, 50322596, 0
Waiting for the board to finish...
       c0: 5	c1: 5	c2: 5	c3: 5	c4: 5	c5: 5	c6: 5	c7: 5	c8: 5	c9: 5	c10: 5	c11: 5	c12: 5	c13: 5	c14: 5	
Read data from board
0, 48084721, 0
0, 48197340, 0
0, 48286736, 0
0, 48407129, 0
0, 48643013, 0
0, 48884572, 0
0, 49092189, 0
0, 49182625, 0
0, 49279784, 0
0, 49412790, 0
0, 49650692, 0
0, 49892015, 0
0, 50124785, 0
0, 50298000, 0
0, 50321632, 0
Waiting for the board to finish...
       c0: 5	c1: 5	c2: 5	c3: 5	c4: 5	c5: 5	c6: 5	c7: 5	c8: 5	c9: 5	c10: 5	c11: 5	c12: 5	c13: 5	c14: 5	
Read data from board
0, 48086286, 0
0, 48198913, 0
0, 48288393, 0
0, 48408859, 0
0, 48644713, 0
0, 48886286, 0
0, 49093832, 0
0, 49184338, 0
0, 49281497, 0
0, 49414539, 0
0, 49652522, 0
0, 49893815, 0
0, 50126629, 0
0, 50299855, 0
0, 50323483, 0
Waiting for the board to finish...
       c0: 5	c1: 5	c2: 5	c3: 5	c4: 5	c5: 5	c6: 5	c7: 5	c8: 5	c9: 5	c10: 5	c11: 5	c12: 5	c13: 5	c14: 5	
Read data from board
0, 48085491, 0
0, 48198045, 0
0, 48287435, 0
0, 48407867, 0
0, 48643679, 0
0, 48885228, 0
0, 49092839, 0
0, 49183386, 0
0, 49280512, 0
0, 49413537, 0
0, 49651455, 0
0, 49892721, 0
0, 50125527, 0
0, 50298739, 0
0, 50322352, 0
Waiting for the board to finish...
       c0: 5	c1: 5	c2: 5	c3: 5	c4: 5	c5: 5	c6: 5	c7: 5	c8: 5	c9: 5	c10: 5	c11: 5	c12: 5	c13: 5	c14: 5	
Read data from board
0, 48086124, 0
0, 48198687, 0
0, 48288103, 0
0, 48408535, 0
0, 48644356, 0
0, 48885963, 0
0, 49093528, 0
0, 49184102, 0
0, 49281217, 0
0, 49414288, 0
0, 49652242, 0
0, 49893544, 0
0, 50126358, 0
0, 50299566, 0
0, 50323197, 0
Waiting for the board to finish...
       c0: 5	c1: 5	c2: 5	c3: 5	c4: 5	c5: 5	c6: 5	c7: 5	c8: 5	c9: 5	c10: 5	c11: 5	c12: 5	c13: 5	c14: 5	
Read data from board
0, 48085859, 0
0, 48198580, 0
0, 48287885, 0
0, 48408340, 0
0, 48644120, 0
0, 48885760, 0
0, 49093314, 0
0, 49183840, 0
0, 49280971, 0
0, 49413985, 0
0, 49651917, 0
0, 49893239, 0
0, 50126046, 0
0, 50299243, 0
0, 50322862, 0
Waiting for the board to finish...
       c0: 5	c1: 5	c2: 5	c3: 5	c4: 5	c5: 5	c6: 5	c7: 5	c8: 5	c9: 5	c10: 5	c11: 5	c12: 5	c13: 5	c14: 5	
Read data from board
0, 48085793, 0
0, 48198356, 0
0, 48287908, 0
0, 48408229, 0
0, 48644138, 0
0, 48885670, 0
0, 49093293, 0
0, 49183779, 0
0, 49280940, 0
0, 49413985, 0
0, 49651917, 0
0, 49893242, 0
0, 50126066, 0
0, 50299277, 0
0, 50322907, 0
Waiting for the board to finish...
       c0: 5	c1: 5	c2: 5	c3: 5	c4: 5	c5: 5	c6: 5	c7: 5	c8: 5	c9: 5	c10: 5	c11: 5	c12: 5	c13: 5	c14: 5	
Read data from board
0, 48084786, 0
0, 48197450, 0
0, 48286765, 0
0, 48407203, 0
0, 48643076, 0
0, 48884598, 0
0, 49092219, 0
0, 49182741, 0
0, 49279846, 0
0, 49412926, 0
0, 49650865, 0
0, 49892184, 0
0, 50124976, 0
0, 50298201, 0
0, 50321835, 0
Average:
0, 48104665, 0
0, 48217331, 0
0, 48306781, 0
0, 48427267, 0
0, 48663257, 0
0, 48904956, 0
0, 49112697, 0
0, 49203211, 0
0, 49300422, 0
0, 49433526, 0
0, 49671613, 0
0, 49913061, 0
0, 50145941, 0
0, 50319285, 0
0, 50342912, 0
