Host is running ...
size: 64000
Waiting for the board to finish...
       c0: 5	c1: 5	c2: 5	c3: 5	c4: 5	c5: 5	c6: 5	c7: 5	c8: 5	c9: 5	c10: 5	c11: 5	c12: 5	c13: 5	c14: 5	
Read data from board
0, 43790180, 0
0, 43966617, 0
0, 44145768, 0
0, 44365993, 0
0, 44798261, 0
0, 45242899, 0
0, 45588971, 0
0, 45766623, 0
0, 45944437, 0
0, 46161535, 0
0, 46598705, 0
0, 47038804, 0
0, 47481943, 0
0, 47771402, 0
0, 47818236, 0
Waiting for the board to finish...
       c0: 5	c1: 5	c2: 5	c3: 5	c4: 5	c5: 5	c6: 5	c7: 5	c8: 5	c9: 5	c10: 5	c11: 5	c12: 5	c13: 5	c14: 5	
Read data from board
0, 43790188, 0
0, 43966666, 0
0, 44145835, 0
0, 44366050, 0
0, 44798272, 0
0, 45243198, 0
0, 45589250, 0
0, 45766908, 0
0, 45944703, 0
0, 46161822, 0
0, 46599025, 0
0, 47039399, 0
0, 47482548, 0
0, 47772025, 0
0, 47818285, 0
Waiting for the board to finish...
       c0: 5	c1: 5	c2: 5	c3: 5	c4: 5	c5: 5	c6: 5	c7: 5	c8: 5	c9: 5	c10: 5	c11: 5	c12: 5	c13: 5	c14: 5	
Read data from board
0, 43790472, 0
0, 43966983, 0
0, 44146185, 0
0, 44366470, 0
0, 44798689, 0
0, 45243623, 0
0, 45589704, 0
0, 45767315, 0
0, 45945411, 0
0, 46162523, 0
0, 46599709, 0
0, 47040092, 0
0, 47483222, 0
0, 47772700, 0
0, 47818967, 0
Waiting for the board to finish...
       c0: 5	c1: 5	c2: 5	c3: 5	c4: 5	c5: 5	c6: 5	c7: 5	c8: 5	c9: 5	c10: 5	c11: 5	c12: 5	c13: 5	c14: 5	
Read data from board
0, 43791341, 0
0, 43967774, 0
0, 44146881, 0
0, 44367120, 0
0, 44799395, 0
0, 45244274, 0
0, 45590364, 0
0, 45768046, 0
0, 45946118, 0
0, 46163211, 0
0, 46600398, 0
0, 47040498, 0
0, 47483686, 0
0, 47773156, 0
0, 47819427, 0
Waiting for the board to finish...
       c0: 5	c1: 5	c2: 5	c3: 5	c4: 5	c5: 5	c6: 5	c7: 5	c8: 5	c9: 5	c10: 5	c11: 5	c12: 5	c13: 5	c14: 5	
Read data from board
0, 43789978, 0
0, 43966403, 0
0, 44145568, 0
0, 44365464, 0
0, 44797731, 0
0, 45242720, 0
0, 45588785, 0
0, 45766440, 0
0, 45944251, 0
0, 46161345, 0
0, 46598550, 0
0, 47038670, 0
0, 47481813, 0
0, 47771284, 0
0, 47817553, 0
Waiting for the board to finish...
       c0: 5	c1: 5	c2: 5	c3: 5	c4: 5	c5: 5	c6: 5	c7: 5	c8: 5	c9: 5	c10: 5	c11: 5	c12: 5	c13: 5	c14: 5	
Read data from board
0, 43790001, 0
0, 43966465, 0
0, 44145667, 0
0, 44365891, 0
0, 44798168, 0
0, 45243067, 0
0, 45589135, 0
0, 45766805, 0
0, 45944590, 0
0, 46161739, 0
0, 46598963, 0
0, 47039054, 0
0, 47482204, 0
0, 47771674, 0
0, 47817929, 0
Waiting for the board to finish...
       c0: 5	c1: 5	c2: 5	c3: 5	c4: 5	c5: 5	c6: 5	c7: 5	c8: 5	c9: 5	c10: 5	c11: 5	c12: 5	c13: 5	c14: 5	
Read data from board
0, 43791645, 0
0, 43968109, 0
0, 44147317, 0
0, 44367179, 0
0, 44799451, 0
0, 45244395, 0
0, 45590448, 0
0, 45768104, 0
0, 45946211, 0
0, 46163281, 0
0, 46600491, 0
0, 47040922, 0
0, 47484077, 0
0, 47773556, 0
0, 47819831, 0
Waiting for the board to finish...
       c0: 5	c1: 5	c2: 5	c3: 5	c4: 5	c5: 5	c6: 5	c7: 5	c8: 5	c9: 5	c10: 5	c11: 5	c12: 5	c13: 5	c14: 5	
Read data from board
0, 43789596, 0
0, 43966139, 0
0, 44145222, 0
0, 44365195, 0
0, 44797479, 0
0, 45242388, 0
0, 45588432, 0
0, 45766112, 0
0, 45944183, 0
0, 46161264, 0
0, 46598505, 0
0, 47038579, 0
0, 47481754, 0
0, 47771224, 0
0, 47817493, 0
Waiting for the board to finish...
       c0: 5	c1: 5	c2: 5	c3: 5	c4: 5	c5: 5	c6: 5	c7: 5	c8: 5	c9: 5	c10: 5	c11: 5	c12: 5	c13: 5	c14: 5	
Read data from board
0, 43790046, 0
0, 43966528, 0
0, 44145694, 0
0, 44365918, 0
0, 44798255, 0
0, 45242893, 0
0, 45588991, 0
0, 45766660, 0
0, 45944429, 0
0, 46161549, 0
0, 46598738, 0
0, 47039105, 0
0, 47482248, 0
0, 47771728, 0
0, 47817988, 0
Waiting for the board to finish...
       c0: 5	c1: 5	c2: 5	c3: 5	c4: 5	c5: 5	c6: 5	c7: 5	c8: 5	c9: 5	c10: 5	c11: 5	c12: 5	c13: 5	c14: 5	
Read data from board
0, 43791472, 0
0, 43967914, 0
0, 44147087, 0
0, 44366989, 0
0, 44799326, 0
0, 45244149, 0
0, 45590224, 0
0, 45767882, 0
0, 45945666, 0
0, 46162737, 0
0, 46599976, 0
0, 47040350, 0
0, 47483477, 0
0, 47772953, 0
0, 47819202, 0
Average:
0, 43790491, 0
0, 43966959, 0
0, 44146122, 0
0, 44366226, 0
0, 44798502, 0
0, 45243360, 0
0, 45589430, 0
0, 45767089, 0
0, 45944999, 0
0, 46162100, 0
0, 46599306, 0
0, 47039547, 0
0, 47482697, 0
0, 47772170, 0
0, 47818491, 0
