Host is running ...
size: 64000
Waiting for the board to finish...
       c0: 5	c1: 5	c2: 5	c3: 5	c4: 5	c5: 5	c6: 5	c7: 5	c8: 5	c9: 5	c10: 5	c11: 5	c12: 5	c13: 5	c14: 5	
Read data from board
0, 57932837, 0
0, 58117022, 0
0, 58183529, 0
0, 58240371, 0
0, 58344587, 0
0, 58445558, 0
0, 58808026, 0
0, 58996350, 0
0, 59063352, 0
0, 59120212, 0
0, 59224650, 0
0, 59325790, 0
0, 59547208, 0
0, 59901679, 0
0, 59928465, 0
Waiting for the board to finish...
       c0: 5	c1: 5	c2: 5	c3: 5	c4: 5	c5: 5	c6: 5	c7: 5	c8: 5	c9: 5	c10: 5	c11: 5	c12: 5	c13: 5	c14: 5	
Read data from board
0, 57932234, 0
0, 58116421, 0
0, 58182904, 0
0, 58239763, 0
0, 58343982, 0
0, 58444933, 0
0, 58807373, 0
0, 58995665, 0
0, 59062691, 0
0, 59119550, 0
0, 59224002, 0
0, 59325174, 0
0, 59546564, 0
0, 59901029, 0
0, 59927794, 0
Waiting for the board to finish...
       c0: 5	c1: 5	c2: 5	c3: 5	c4: 5	c5: 5	c6: 5	c7: 5	c8: 5	c9: 5	c10: 5	c11: 5	c12: 5	c13: 5	c14: 5	
Read data from board
0, 57932344, 0
0, 58116526, 0
0, 58183030, 0
0, 58239887, 0
0, 58344141, 0
0, 58445083, 0
0, 58807587, 0
0, 58995921, 0
0, 59062954, 0
0, 59119831, 0
0, 59224296, 0
0, 59325471, 0
0, 59546929, 0
0, 59901370, 0
0, 59928148, 0
Waiting for the board to finish...
       c0: 5	c1: 5	c2: 5	c3: 5	c4: 5	c5: 5	c6: 5	c7: 5	c8: 5	c9: 5	c10: 5	c11: 5	c12: 5	c13: 5	c14: 5	
Read data from board
0, 57932087, 0
0, 58116302, 0
0, 58182794, 0
0, 58239664, 0
0, 58343907, 0
0, 58444838, 0
0, 58807247, 0
0, 58995552, 0
0, 59062595, 0
0, 59119447, 0
0, 59223929, 0
0, 59325098, 0
0, 59546541, 0
0, 59901008, 0
0, 59927784, 0
Waiting for the board to finish...
       c0: 5	c1: 5	c2: 5	c3: 5	c4: 5	c5: 5	c6: 5	c7: 5	c8: 5	c9: 5	c10: 5	c11: 5	c12: 5	c13: 5	c14: 5	
Read data from board
0, 57932377, 0
0, 58116577, 0
0, 58183083, 0
0, 58239920, 0
0, 58344140, 0
0, 58445103, 0
0, 58807707, 0
0, 58996050, 0
0, 59063076, 0
0, 59119935, 0
0, 59224424, 0
0, 59325567, 0
0, 59546985, 0
0, 59901434, 0
0, 59928213, 0
Waiting for the board to finish...
       c0: 5	c1: 5	c2: 5	c3: 5	c4: 5	c5: 5	c6: 5	c7: 5	c8: 5	c9: 5	c10: 5	c11: 5	c12: 5	c13: 5	c14: 5	
Read data from board
0, 57932314, 0
0, 58116525, 0
0, 58182997, 0
0, 58239853, 0
0, 58344068, 0
0, 58445030, 0
0, 58807423, 0
0, 58995770, 0
0, 59062788, 0
0, 59119658, 0
0, 59224123, 0
0, 59325279, 0
0, 59546701, 0
0, 59901162, 0
0, 59927932, 0
Waiting for the board to finish...
       c0: 5	c1: 5	c2: 5	c3: 5	c4: 5	c5: 5	c6: 5	c7: 5	c8: 5	c9: 5	c10: 5	c11: 5	c12: 5	c13: 5	c14: 5	
Read data from board
0, 57932739, 0
0, 58116959, 0
0, 58183474, 0
0, 58240312, 0
0, 58344548, 0
0, 58445498, 0
0, 58807972, 0
0, 58996296, 0
0, 59063328, 0
0, 59120187, 0
0, 59224667, 0
0, 59325809, 0
0, 59547246, 0
0, 59901716, 0
0, 59928475, 0
Waiting for the board to finish...
       c0: 5	c1: 5	c2: 5	c3: 5	c4: 5	c5: 5	c6: 5	c7: 5	c8: 5	c9: 5	c10: 5	c11: 5	c12: 5	c13: 5	c14: 5	
Read data from board
0, 57932661, 0
0, 58116864, 0
0, 58183366, 0
0, 58240212, 0
0, 58344468, 0
0, 58445411, 0
0, 58807797, 0
0, 58996125, 0
0, 59063155, 0
0, 59120020, 0
0, 59224492, 0
0, 59325638, 0
0, 59547085, 0
0, 59901532, 0
0, 59928307, 0
Waiting for the board to finish...
       c0: 5	c1: 5	c2: 5	c3: 5	c4: 5	c5: 5	c6: 5	c7: 5	c8: 5	c9: 5	c10: 5	c11: 5	c12: 5	c13: 5	c14: 5	
Read data from board
0, 57932011, 0
0, 58116164, 0
0, 58182660, 0
0, 58239479, 0
0, 58343711, 0
0, 58444640, 0
0, 58807171, 0
0, 58995489, 0
0, 59062507, 0
0, 59119362, 0
0, 59223832, 0
0, 59324967, 0
0, 59546409, 0
0, 59900861, 0
0, 59927623, 0
Waiting for the board to finish...
       c0: 5	c1: 5	c2: 5	c3: 5	c4: 5	c5: 5	c6: 5	c7: 5	c8: 5	c9: 5	c10: 5	c11: 5	c12: 5	c13: 5	c14: 5	
Read data from board
0, 57932345, 0
0, 58116548, 0
0, 58183043, 0
0, 58239891, 0
0, 58344143, 0
0, 58445088, 0
0, 58807566, 0
0, 58995885, 0
0, 59062911, 0
0, 59119769, 0
0, 59224238, 0
0, 59325374, 0
0, 59546799, 0
0, 59901265, 0
0, 59928040, 0
Average:
0, 57932394, 0
0, 58116590, 0
0, 58183088, 0
0, 58239935, 0
0, 58344169, 0
0, 58445118, 0
0, 58807586, 0
0, 58995910, 0
0, 59062935, 0
0, 59119797, 0
0, 59224265, 0
0, 59325416, 0
0, 59546846, 0
0, 59901305, 0
0, 59928078, 0
