Host is running ...
size: 64000
Waiting for the board to finish...
       c0: 5	c1: 5	c2: 5	c3: 5	c4: 5	c5: 5	c6: 5	c7: 5	c8: 5	c9: 5	c10: 5	c11: 5	c12: 5	c13: 5	c14: 5	
Read data from board
40147345, 66583351, 0
8029888, 66612638, 0
21660945, 66648350, 0
30403835, 66664850, 0
33757561, 66731006, 0
34548917, 66796175, 0
21983731, 66900973, 0
0, 66935500, 0
0, 66936606, 0
0, 66938596, 0
0, 66941124, 0
0, 66944187, 0
0, 66945990, 0
0, 66980917, 0
0, 66985133, 0
Waiting for the board to finish...
       c0: 5	c1: 5	c2: 5	c3: 5	c4: 5	c5: 5	c6: 5	c7: 5	c8: 5	c9: 5	c10: 5	c11: 5	c12: 5	c13: 5	c14: 5	
Read data from board
40144871, 66581426, 0
8029256, 66610731, 0
21662523, 66646468, 0
30400584, 66662992, 0
33757587, 66729159, 0
34549570, 66794370, 0
21978978, 66899262, 0
0, 66933813, 0
0, 66934935, 0
0, 66936941, 0
0, 66939476, 0
0, 66942540, 0
0, 66944355, 0
0, 66979388, 0
0, 66983416, 0
Waiting for the board to finish...
       c0: 5	c1: 5	c2: 5	c3: 5	c4: 5	c5: 5	c6: 5	c7: 5	c8: 5	c9: 5	c10: 5	c11: 5	c12: 5	c13: 5	c14: 5	
Read data from board
40148040, 66585507, 0
8039306, 66614669, 0
21665608, 66650311, 0
30405068, 66666769, 0
33764063, 66732882, 0
34550051, 66798020, 0
21981681, 66902896, 0
0, 66937490, 0
0, 66938589, 0
0, 66940592, 0
0, 66943120, 0
0, 66946136, 0
0, 66947958, 0
0, 66982911, 0
0, 66987039, 0
Waiting for the board to finish...
       c0: 5	c1: 5	c2: 5	c3: 5	c4: 5	c5: 5	c6: 5	c7: 5	c8: 5	c9: 5	c10: 5	c11: 5	c12: 5	c13: 5	c14: 5	
Read data from board
40148039, 66583187, 0
8033340, 66612373, 0
21661050, 66648160, 0
30402253, 66664621, 0
33761440, 66730799, 0
34549152, 66795849, 0
21982846, 66900724, 0
0, 66935343, 0
0, 66936481, 0
0, 66938493, 0
0, 66940998, 0
0, 66944046, 0
0, 66945842, 0
0, 66980801, 0
0, 66985014, 0
Waiting for the board to finish...
       c0: 5	c1: 5	c2: 5	c3: 5	c4: 5	c5: 5	c6: 5	c7: 5	c8: 5	c9: 5	c10: 5	c11: 5	c12: 5	c13: 5	c14: 5	
Read data from board
40146620, 66583002, 0
8032355, 66612219, 0
21656065, 66647786, 0
30397615, 66664315, 0
33761756, 66730458, 0
34547904, 66795538, 0
21983099, 66900392, 0
0, 66934984, 0
0, 66936099, 0
0, 66938115, 0
0, 66940658, 0
0, 66943731, 0
0, 66945536, 0
0, 66980552, 0
0, 66984579, 0
Waiting for the board to finish...
       c0: 5	c1: 5	c2: 5	c3: 5	c4: 5	c5: 5	c6: 5	c7: 5	c8: 5	c9: 5	c10: 5	c11: 5	c12: 5	c13: 5	c14: 5	
Read data from board
40149407, 66584830, 0
8034721, 66614105, 0
21665991, 66649549, 0
30409468, 66666012, 0
33763287, 66732039, 0
34552790, 66797312, 0
21981520, 66901918, 0
0, 66936598, 0
0, 66937700, 0
0, 66939711, 0
0, 66942178, 0
0, 66945210, 0
0, 66947008, 0
0, 66982047, 0
0, 66986054, 0
Waiting for the board to finish...
       c0: 5	c1: 5	c2: 5	c3: 5	c4: 5	c5: 5	c6: 5	c7: 5	c8: 5	c9: 5	c10: 5	c11: 5	c12: 5	c13: 5	c14: 5	
Read data from board
40148351, 66585383, 0
8035482, 66614603, 0
21666520, 66650250, 0
30407007, 66666757, 0
33764529, 66732879, 0
34551808, 66798030, 0
21980830, 66902934, 0
0, 66937538, 0
0, 66938661, 0
0, 66940678, 0
0, 66943195, 0
0, 66946258, 0
0, 66948083, 0
0, 66983129, 0
0, 66987162, 0
Waiting for the board to finish...
       c0: 5	c1: 5	c2: 5	c3: 5	c4: 5	c5: 5	c6: 5	c7: 5	c8: 5	c9: 5	c10: 5	c11: 5	c12: 5	c13: 5	c14: 5	
Read data from board
40144560, 66580655, 0
8029175, 66609846, 0
21655701, 66645638, 0
30392825, 66662187, 0
33756651, 66728320, 0
34542299, 66793441, 0
21979489, 66898383, 0
0, 66932904, 0
0, 66934015, 0
0, 66936032, 0
0, 66938554, 0
0, 66941612, 0
0, 66943436, 0
0, 66978433, 0
0, 66982535, 0
Waiting for the board to finish...
       c0: 5	c1: 5	c2: 5	c3: 5	c4: 5	c5: 5	c6: 5	c7: 5	c8: 5	c9: 5	c10: 5	c11: 5	c12: 5	c13: 5	c14: 5	
Read data from board
40150046, 66585897, 0
8039064, 66615219, 0
21662086, 66650758, 0
30402911, 66667389, 0
33765411, 66733414, 0
34550594, 66798531, 0
21983277, 66903292, 0
0, 66937962, 0
0, 66939079, 0
0, 66941083, 0
0, 66943611, 0
0, 66946651, 0
0, 66948459, 0
0, 66983366, 0
0, 66987576, 0
Waiting for the board to finish...
       c0: 5	c1: 5	c2: 5	c3: 5	c4: 5	c5: 5	c6: 5	c7: 5	c8: 5	c9: 5	c10: 5	c11: 5	c12: 5	c13: 5	c14: 5	
Read data from board
40147390, 66583195, 0
8031271, 66612531, 0
21670456, 66648205, 0
30402366, 66664848, 0
33761374, 66730834, 0
34551013, 66795953, 0
21980484, 66900768, 0
0, 66935320, 0
0, 66936433, 0
0, 66938457, 0
0, 66941005, 0
0, 66944044, 0
0, 66945867, 0
0, 66980814, 0
0, 66984930, 0
Average:
40147466, 66583643, 0
8033385, 66612893, 0
21662694, 66648547, 0
30402393, 66665074, 0
33761365, 66731179, 0
34549409, 66796321, 0
21981593, 66901154, 0
0, 66935745, 0
0, 66936859, 0
0, 66938869, 0
0, 66941391, 0
0, 66944441, 0
0, 66946253, 0
0, 66981235, 0
0, 66985343, 0
