Host is running ...
size: 64000
Waiting for the board to finish...
       c0: 5	c1: 5	c2: 5	c3: 5	c4: 5	c5: 5	c6: 5	c7: 5	c8: 5	c9: 5	c10: 5	c11: 5	c12: 5	c13: 5	c14: 5	
Read data from board
8214641, 227719226, 0
69010063, 228389644, 0
78678046, 229145347, 0
90264269, 230131439, 0
105322519, 231728528, 0
119430644, 233372819, 0
120661679, 235467984, 0
116151909, 236499659, 0
134416145, 237632662, 0
152162047, 238880938, 0
167490373, 242034816, 0
179842330, 244881786, 0
198009663, 247896309, 0
173133424, 251459625, 0
0, 252120927, 0
Waiting for the board to finish...
       c0: 5	c1: 5	c2: 5	c3: 5	c4: 5	c5: 5	c6: 5	c7: 5	c8: 5	c9: 5	c10: 5	c11: 5	c12: 5	c13: 5	c14: 5	
Read data from board
8216316, 227715579, 0
69072829, 228387484, 0
78752749, 229144190, 0
90321270, 230130367, 0
105411273, 231728224, 0
119456995, 233372655, 0
120698861, 235467155, 0
116199363, 236498913, 0
134483592, 237631513, 0
152268017, 238879891, 0
167375714, 242034163, 0
179867940, 244878966, 0
198006043, 247893734, 0
173125054, 251450273, 0
0, 252110272, 0
Waiting for the board to finish...
       c0: 5	c1: 5	c2: 5	c3: 5	c4: 5	c5: 5	c6: 5	c7: 5	c8: 5	c9: 5	c10: 5	c11: 5	c12: 5	c13: 5	c14: 5	
Read data from board
8213367, 227713969, 0
69025256, 228385797, 0
78702565, 229140706, 0
90263691, 230126857, 0
105344087, 231723969, 0
119453775, 233368202, 0
120663773, 235463275, 0
116148503, 236494618, 0
134415796, 237627284, 0
152213912, 238875188, 0
167352375, 242031027, 0
179882061, 244877574, 0
198048418, 247892155, 0
173167301, 251460649, 0
0, 252119731, 0
Waiting for the board to finish...
       c0: 5	c1: 5	c2: 5	c3: 5	c4: 5	c5: 5	c6: 5	c7: 5	c8: 5	c9: 5	c10: 5	c11: 5	c12: 5	c13: 5	c14: 5	
Read data from board
8213721, 227724737, 0
69048502, 228394507, 0
78718803, 229149744, 0
90284221, 230136717, 0
105337391, 231734724, 0
119443705, 233379119, 0
120676139, 235473893, 0
116166955, 236505774, 0
134409419, 237638441, 0
152193099, 238886413, 0
167335796, 242039421, 0
179868576, 244888159, 0
198033822, 247902620, 0
173125767, 251452258, 0
0, 252107351, 0
Waiting for the board to finish...
       c0: 5	c1: 5	c2: 5	c3: 5	c4: 5	c5: 5	c6: 5	c7: 5	c8: 5	c9: 5	c10: 5	c11: 5	c12: 5	c13: 5	c14: 5	
Read data from board
8204236, 227715481, 0
69036232, 228387026, 0
78721551, 229142254, 0
90342965, 230128458, 0
105330882, 231725256, 0
119407627, 233370377, 0
120659764, 235465207, 0
116142844, 236497398, 0
134395844, 237629911, 0
152163139, 238878141, 0
167447215, 242033114, 0
179830351, 244878059, 0
197981599, 247892555, 0
173133750, 251457279, 0
0, 252113815, 0
Waiting for the board to finish...
       c0: 5	c1: 5	c2: 5	c3: 5	c4: 5	c5: 5	c6: 5	c7: 5	c8: 5	c9: 5	c10: 5	c11: 5	c12: 5	c13: 5	c14: 5	
Read data from board
8223011, 227727858, 0
69030544, 228399131, 0
78714433, 229153745, 0
90272141, 230139601, 0
105320283, 231736629, 0
119408588, 233381491, 0
120650831, 235476929, 0
116147435, 236508473, 0
134381286, 237641174, 0
152109883, 238889270, 0
167438577, 242041566, 0
179806267, 244883799, 0
197965287, 247898587, 0
173125024, 251447708, 0
0, 252104259, 0
Waiting for the board to finish...
       c0: 5	c1: 5	c2: 5	c3: 5	c4: 5	c5: 5	c6: 5	c7: 5	c8: 5	c9: 5	c10: 5	c11: 5	c12: 5	c13: 5	c14: 5	
Read data from board
8227690, 227728378, 0
69144373, 228402201, 0
78834708, 229158911, 0
90421607, 230145007, 0
105472822, 231743067, 0
119489916, 233387163, 0
120725974, 235483818, 0
116217754, 236516111, 0
134450065, 237648615, 0
152185748, 238896495, 0
167514437, 242050628, 0
179837034, 244894401, 0
197991921, 247909027, 0
173137545, 251460582, 0
0, 252117809, 0
Waiting for the board to finish...
       c0: 5	c1: 5	c2: 5	c3: 5	c4: 5	c5: 5	c6: 5	c7: 5	c8: 5	c9: 5	c10: 5	c11: 5	c12: 5	c13: 5	c14: 5	
Read data from board
8220147, 227724777, 0
69063491, 228394944, 0
78707530, 229150076, 0
90280822, 230136236, 0
105340855, 231733111, 0
119407262, 233377078, 0
120660805, 235472103, 0
116148628, 236504097, 0
134411999, 237636781, 0
152147860, 238884402, 0
167466023, 242039406, 0
179847966, 244884157, 0
198015695, 247898713, 0
173144027, 251461224, 0
0, 252125643, 0
Waiting for the board to finish...
       c0: 5	c1: 5	c2: 5	c3: 5	c4: 5	c5: 5	c6: 5	c7: 5	c8: 5	c9: 5	c10: 5	c11: 5	c12: 5	c13: 5	c14: 5	
Read data from board
8215400, 227727778, 0
69056232, 228401180, 0
78744471, 229156147, 0
90295654, 230143088, 0
105371863, 231740315, 0
119478949, 233385538, 0
120718719, 235480354, 0
116201090, 236512138, 0
134457441, 237644818, 0
152254216, 238893054, 0
167370746, 242047752, 0
179917326, 244894269, 0
198072602, 247908775, 0
173147478, 251460463, 0
0, 252117270, 0
Waiting for the board to finish...
       c0: 5	c1: 5	c2: 5	c3: 5	c4: 5	c5: 5	c6: 5	c7: 5	c8: 5	c9: 5	c10: 5	c11: 5	c12: 5	c13: 5	c14: 5	
Read data from board
8228609, 227723353, 0
69071444, 228394034, 0
78743453, 229149603, 0
90298970, 230136085, 0
105378476, 231733504, 0
119467150, 233377865, 0
120700377, 235473586, 0
116194643, 236505147, 0
134471123, 237638671, 0
152184175, 238886621, 0
167508778, 242040946, 0
179896587, 244887019, 0
198012746, 247901569, 0
173167394, 251469084, 0
0, 252132439, 0
Average:
8217713, 227722113, 0
69055896, 228393594, 0
78731830, 229149072, 0
90304561, 230135385, 0
105363045, 231732732, 0
119444461, 233377230, 0
120681692, 235472430, 0
116171912, 236504232, 0
134429271, 237636987, 0
152188209, 238885041, 0
167430003, 242039283, 0
179859643, 244884818, 0
198013779, 247899404, 0
173140676, 251457914, 0
0, 252116951, 0
