Host is running ...
size: 64000
Waiting for the board to finish...
       c0: 5	c1: 5	c2: 5	c3: 5	c4: 5	c5: 5	c6: 5	c7: 5	c8: 5	c9: 5	c10: 5	c11: 5	c12: 5	c13: 5	c14: 5	
Read data from board
36425381, 62901674, 0
3135256, 63318248, 0
9453047, 63747029, 0
15370151, 64159141, 0
21955698, 64981414, 0
27432766, 65837498, 0
20338164, 66697729, 0
0, 67107281, 0
0, 67108419, 0
0, 67110443, 0
0, 67112970, 0
0, 67116031, 0
0, 67117855, 0
0, 67152863, 0
0, 67157839, 0
Waiting for the board to finish...
       c0: 5	c1: 5	c2: 5	c3: 5	c4: 5	c5: 5	c6: 5	c7: 5	c8: 5	c9: 5	c10: 5	c11: 5	c12: 5	c13: 5	c14: 5	
Read data from board
36422955, 62900899, 0
3142967, 63317667, 0
9464144, 63746656, 0
15384289, 64158761, 0
21965743, 64980894, 0
27439350, 65837045, 0
20335421, 66697532, 0
0, 67106884, 0
0, 67107986, 0
0, 67110010, 0
0, 67112541, 0
0, 67115574, 0
0, 67117381, 0
0, 67152404, 0
0, 67157341, 0
Waiting for the board to finish...
       c0: 5	c1: 5	c2: 5	c3: 5	c4: 5	c5: 5	c6: 5	c7: 5	c8: 5	c9: 5	c10: 5	c11: 5	c12: 5	c13: 5	c14: 5	
Read data from board
36425509, 62903231, 0
3139583, 63319667, 0
9460153, 63748329, 0
15384439, 64160454, 0
21971734, 64982811, 0
27442921, 65838941, 0
20343094, 66699174, 0
0, 67108957, 0
0, 67110081, 0
0, 67112070, 0
0, 67114602, 0
0, 67117658, 0
0, 67119488, 0
0, 67154501, 0
0, 67159504, 0
Waiting for the board to finish...
       c0: 5	c1: 5	c2: 5	c3: 5	c4: 5	c5: 5	c6: 5	c7: 5	c8: 5	c9: 5	c10: 5	c11: 5	c12: 5	c13: 5	c14: 5	
Read data from board
36422097, 62899840, 0
3131914, 63316380, 0
9443948, 63745070, 0
15360574, 64156878, 0
21951057, 64978969, 0
27420624, 65835068, 0
20340462, 66695088, 0
0, 67104854, 0
0, 67105989, 0
0, 67108006, 0
0, 67110531, 0
0, 67113604, 0
0, 67115417, 0
0, 67150419, 0
0, 67155383, 0
Waiting for the board to finish...
       c0: 5	c1: 5	c2: 5	c3: 5	c4: 5	c5: 5	c6: 5	c7: 5	c8: 5	c9: 5	c10: 5	c11: 5	c12: 5	c13: 5	c14: 5	
Read data from board
36425697, 62903377, 0
3137500, 63319709, 0
9453782, 63748622, 0
15376261, 64160781, 0
21968520, 64982997, 0
27437378, 65839277, 0
20342758, 66699249, 0
0, 67108693, 0
0, 67109806, 0
0, 67111801, 0
0, 67114338, 0
0, 67117369, 0
0, 67119152, 0
0, 67154170, 0
0, 67159101, 0
Waiting for the board to finish...
       c0: 5	c1: 5	c2: 5	c3: 5	c4: 5	c5: 5	c6: 5	c7: 5	c8: 5	c9: 5	c10: 5	c11: 5	c12: 5	c13: 5	c14: 5	
Read data from board
36421182, 62900316, 0
3136010, 63316779, 0
9451600, 63745634, 0
15369262, 64157747, 0
21960104, 64980326, 0
27425576, 65836180, 0
20337807, 66696259, 0
0, 67105754, 0
0, 67106868, 0
0, 67108877, 0
0, 67111400, 0
0, 67114422, 0
0, 67116244, 0
0, 67151204, 0
0, 67156207, 0
Waiting for the board to finish...
       c0: 5	c1: 5	c2: 5	c3: 5	c4: 5	c5: 5	c6: 5	c7: 5	c8: 5	c9: 5	c10: 5	c11: 5	c12: 5	c13: 5	c14: 5	
Read data from board
36422508, 62900078, 0
3136749, 63316369, 0
9458693, 63745314, 0
15375527, 64157263, 0
21966769, 64979900, 0
27436458, 65836333, 0
20334147, 66696254, 0
0, 67105838, 0
0, 67106936, 0
0, 67108950, 0
0, 67111471, 0
0, 67114498, 0
0, 67116302, 0
0, 67151302, 0
0, 67156240, 0
Waiting for the board to finish...
       c0: 5	c1: 5	c2: 5	c3: 5	c4: 5	c5: 5	c6: 5	c7: 5	c8: 5	c9: 5	c10: 5	c11: 5	c12: 5	c13: 5	c14: 5	
Read data from board
36422770, 62901090, 0
3139132, 63317508, 0
9462959, 63746478, 0
15375298, 64158728, 0
21963793, 64980629, 0
27428340, 65836990, 0
20338137, 66697151, 0
0, 67106720, 0
0, 67107869, 0
0, 67109878, 0
0, 67112403, 0
0, 67115471, 0
0, 67117294, 0
0, 67152313, 0
0, 67157263, 0
Waiting for the board to finish...
       c0: 5	c1: 5	c2: 5	c3: 5	c4: 5	c5: 5	c6: 5	c7: 5	c8: 5	c9: 5	c10: 5	c11: 5	c12: 5	c13: 5	c14: 5	
Read data from board
36419393, 62897414, 0
3133195, 63314039, 0
9446187, 63742819, 0
15362620, 64154586, 0
21964279, 64976992, 0
27426003, 65832902, 0
20341490, 66693132, 0
0, 67102763, 0
0, 67103879, 0
0, 67105900, 0
0, 67108423, 0
0, 67111456, 0
0, 67113272, 0
0, 67148281, 0
0, 67153224, 0
Waiting for the board to finish...
       c0: 5	c1: 5	c2: 5	c3: 5	c4: 5	c5: 5	c6: 5	c7: 5	c8: 5	c9: 5	c10: 5	c11: 5	c12: 5	c13: 5	c14: 5	
Read data from board
36423882, 62900142, 0
3134938, 63316302, 0
9462105, 63745121, 0
15379822, 64157169, 0
21971475, 64979300, 0
27429705, 65835750, 0
20338907, 66695615, 0
0, 67105431, 0
0, 67106543, 0
0, 67108559, 0
0, 67111080, 0
0, 67114129, 0
0, 67115956, 0
0, 67150926, 0
0, 67155928, 0
Average:
36423137, 62900806, 0
3136724, 63317266, 0
9455661, 63746107, 0
15373824, 64158150, 0
21963917, 64980423, 0
27431912, 65836598, 0
20339038, 66696718, 0
0, 67106317, 0
0, 67107437, 0
0, 67109449, 0
0, 67111975, 0
0, 67115021, 0
0, 67116836, 0
0, 67151838, 0
0, 67156803, 0
