Host is running ...
size: 64000
Waiting for the board to finish...
       c0: 5	c1: 5	c2: 5	c3: 5	c4: 5	c5: 5	c6: 5	c7: 5	c8: 5	c9: 5	c10: 5	c11: 5	c12: 5	c13: 5	c14: 5	
Read data from board
29478254, 48297271, 0
6828153, 48410690, 0
8756375, 48500191, 0
14051432, 48621328, 0
21013173, 48858613, 0
22540334, 49101805, 0
10313880, 49311057, 0
7031803, 49401579, 0
8925524, 49499560, 0
14460633, 49633421, 0
21677125, 49872982, 0
22739421, 50115724, 0
23293885, 50349192, 0
1406249, 50523911, 0
0, 50547504, 0
Waiting for the board to finish...
       c0: 5	c1: 5	c2: 5	c3: 5	c4: 5	c5: 5	c6: 5	c7: 5	c8: 5	c9: 5	c10: 5	c11: 5	c12: 5	c13: 5	c14: 5	
Read data from board
29285402, 48105014, 0
6634973, 48217641, 0
8557623, 48307226, 0
13842448, 48427609, 0
20808447, 48663572, 0
22341624, 48905268, 0
10117329, 49113020, 0
6832833, 49203534, 0
8721402, 49300786, 0
14252846, 49434012, 0
21469758, 49672096, 0
22532978, 49913339, 0
23089255, 50146064, 0
1198412, 50319456, 0
0, 50343084, 0
Waiting for the board to finish...
       c0: 5	c1: 5	c2: 5	c3: 5	c4: 5	c5: 5	c6: 5	c7: 5	c8: 5	c9: 5	c10: 5	c11: 5	c12: 5	c13: 5	c14: 5	
Read data from board
29284839, 48104314, 0
6631886, 48216942, 0
8554334, 48306439, 0
13843330, 48426852, 0
20810088, 48662760, 0
22340915, 48904460, 0
10117100, 49112204, 0
6832343, 49202798, 0
8720673, 49300029, 0
14252199, 49433218, 0
21469659, 49671313, 0
22532828, 49912569, 0
23089525, 50145308, 0
1198412, 50318713, 0
0, 50342339, 0
Waiting for the board to finish...
       c0: 5	c1: 5	c2: 5	c3: 5	c4: 5	c5: 5	c6: 5	c7: 5	c8: 5	c9: 5	c10: 5	c11: 5	c12: 5	c13: 5	c14: 5	
Read data from board
29285452, 48104788, 0
6627354, 48217402, 0
8549839, 48306891, 0
13841531, 48427382, 0
20800645, 48663217, 0
22337816, 48904959, 0
10116624, 49112653, 0
6832288, 49203200, 0
8720780, 49300425, 0
14252703, 49433676, 0
21469795, 49671772, 0
22532853, 49912986, 0
23089117, 50145707, 0
1198412, 50319072, 0
0, 50342686, 0
Waiting for the board to finish...
       c0: 5	c1: 5	c2: 5	c3: 5	c4: 5	c5: 5	c6: 5	c7: 5	c8: 5	c9: 5	c10: 5	c11: 5	c12: 5	c13: 5	c14: 5	
Read data from board
29284190, 48104205, 0
6630470, 48216797, 0
8552705, 48306302, 0
13840839, 48426712, 0
20801343, 48662679, 0
22338832, 48904366, 0
10116700, 49112073, 0
6832286, 49202606, 0
8720793, 49299842, 0
14252167, 49433057, 0
21469777, 49671163, 0
22533233, 49912387, 0
23089726, 50145146, 0
1198412, 50318530, 0
0, 50342140, 0
Waiting for the board to finish...
       c0: 5	c1: 5	c2: 5	c3: 5	c4: 5	c5: 5	c6: 5	c7: 5	c8: 5	c9: 5	c10: 5	c11: 5	c12: 5	c13: 5	c14: 5	
Read data from board
29284581, 48104529, 0
6631453, 48217198, 0
8553515, 48306682, 0
13841626, 48427129, 0
20807701, 48662974, 0
22342492, 48904705, 0
10116992, 49112485, 0
6832655, 49203031, 0
8720867, 49300257, 0
14251581, 49433469, 0
21469036, 49671622, 0
22532837, 49912869, 0
23089232, 50145594, 0
1198412, 50318983, 0
0, 50342590, 0
Waiting for the board to finish...
       c0: 5	c1: 5	c2: 5	c3: 5	c4: 5	c5: 5	c6: 5	c7: 5	c8: 5	c9: 5	c10: 5	c11: 5	c12: 5	c13: 5	c14: 5	
Read data from board
29284141, 48103972, 0
6628280, 48216602, 0
8550837, 48306088, 0
13841446, 48426481, 0
20805264, 48662358, 0
22342878, 48904104, 0
10116766, 49111811, 0
6832456, 49202368, 0
8720770, 49299596, 0
14252560, 49432804, 0
21469642, 49670917, 0
22532849, 49912149, 0
23089296, 50144895, 0
1198412, 50318292, 0
0, 50341904, 0
Waiting for the board to finish...
       c0: 5	c1: 5	c2: 5	c3: 5	c4: 5	c5: 5	c6: 5	c7: 5	c8: 5	c9: 5	c10: 5	c11: 5	c12: 5	c13: 5	c14: 5	
Read data from board
29284895, 48104986, 0
6632779, 48217572, 0
8554737, 48307214, 0
13841225, 48427583, 0
20803775, 48663420, 0
22341102, 48905223, 0
10116810, 49112956, 0
6832708, 49203476, 0
8721358, 49300742, 0
14253060, 49433961, 0
21469827, 49672107, 0
22532781, 49913327, 0
23089161, 50146101, 0
1198412, 50319493, 0
0, 50343110, 0
Waiting for the board to finish...
       c0: 5	c1: 5	c2: 5	c3: 5	c4: 5	c5: 5	c6: 5	c7: 5	c8: 5	c9: 5	c10: 5	c11: 5	c12: 5	c13: 5	c14: 5	
Read data from board
29285008, 48104962, 0
6629063, 48217648, 0
8551566, 48307235, 0
13842594, 48427609, 0
20810782, 48663502, 0
22341192, 48905274, 0
10116883, 49113013, 0
6832030, 49203556, 0
8720000, 49300837, 0
14250846, 49434053, 0
21468598, 49672213, 0
22532755, 49913443, 0
23089630, 50146190, 0
1198413, 50319576, 0
0, 50343203, 0
Waiting for the board to finish...
       c0: 5	c1: 5	c2: 5	c3: 5	c4: 5	c5: 5	c6: 5	c7: 5	c8: 5	c9: 5	c10: 5	c11: 5	c12: 5	c13: 5	c14: 5	
Read data from board
29284192, 48103710, 0
6628200, 48216384, 0
8550087, 48305953, 0
13838891, 48426372, 0
20804192, 48662266, 0
22343035, 48904028, 0
10116040, 49111748, 0
6831793, 49202315, 0
8720338, 49299504, 0
14251871, 49432646, 0
21468737, 49670795, 0
22532355, 49912042, 0
23088721, 50144791, 0
1198412, 50318181, 0
0, 50341798, 0
Average:
29304095, 48123775, 0
6650261, 48236487, 0
8573161, 48326022, 0
13862536, 48446505, 0
20826541, 48682536, 0
22361022, 48924419, 0
10136512, 49132302, 0
6852319, 49222846, 0
8741250, 49320157, 0
14273046, 49453431, 0
21490195, 49691698, 0
22553489, 49933083, 0
23109754, 50165898, 0
1219195, 50339420, 0
0, 50363035, 0
