Host is running ...
size: 64000
Waiting for the board to finish...
       c0: 5	c1: 5	c2: 5	c3: 5	c4: 5	c5: 5	c6: 5	c7: 5	c8: 5	c9: 5	c10: 5	c11: 5	c12: 5	c13: 5	c14: 5	
Read data from board
40120354, 69876131, 0
5847378, 69904806, 0
6633795, 69920606, 0
9708014, 69956764, 0
19833385, 70013209, 0
25779030, 70069849, 0
17963812, 70136559, 0
0, 70155889, 0
0, 70166967, 0
1420, 70181297, 0
12835, 70218471, 0
33430, 70269508, 0
61650, 70320541, 0
2407167, 70372399, 0
0, 70376602, 0
Waiting for the board to finish...
       c0: 5	c1: 5	c2: 5	c3: 5	c4: 5	c5: 5	c6: 5	c7: 5	c8: 5	c9: 5	c10: 5	c11: 5	c12: 5	c13: 5	c14: 5	
Read data from board
40121112, 69877310, 0
5848272, 69905991, 0
6634210, 69921782, 0
9708584, 69957985, 0
19835489, 70014478, 0
25781415, 70071142, 0
17966526, 70137835, 0
0, 70157187, 0
0, 70168273, 0
1458, 70182651, 0
12265, 70219259, 0
32271, 70269716, 0
59919, 70320187, 0
1795345, 70371970, 0
0, 70376174, 0
Waiting for the board to finish...
       c0: 5	c1: 5	c2: 5	c3: 5	c4: 5	c5: 5	c6: 5	c7: 5	c8: 5	c9: 5	c10: 5	c11: 5	c12: 5	c13: 5	c14: 5	
Read data from board
40120713, 69877116, 0
5848216, 69905836, 0
6634527, 69921628, 0
9708537, 69957851, 0
19835023, 70014344, 0
25781191, 70071003, 0
17964545, 70137767, 0
0, 70157117, 0
0, 70168206, 0
1458, 70182589, 0
12188, 70219125, 0
32195, 70269569, 0
59786, 70319996, 0
1794516, 70371775, 0
0, 70375993, 0
Waiting for the board to finish...
       c0: 5	c1: 5	c2: 5	c3: 5	c4: 5	c5: 5	c6: 5	c7: 5	c8: 5	c9: 5	c10: 5	c11: 5	c12: 5	c13: 5	c14: 5	
Read data from board
40121059, 69876976, 0
5847527, 69905707, 0
6634220, 69921496, 0
9708166, 69957681, 0
19834634, 70014105, 0
25781010, 70070734, 0
17964008, 70137501, 0
0, 70156855, 0
0, 70167946, 0
1458, 70182344, 0
12112, 70218820, 0
32081, 70269233, 0
59653, 70319665, 0
1794174, 70371436, 0
0, 70375653, 0
Waiting for the board to finish...
       c0: 5	c1: 5	c2: 5	c3: 5	c4: 5	c5: 5	c6: 5	c7: 5	c8: 5	c9: 5	c10: 5	c11: 5	c12: 5	c13: 5	c14: 5	
Read data from board
40121053, 69877518, 0
5848276, 69906223, 0
6634606, 69922010, 0
9708458, 69958162, 0
19835229, 70014622, 0
25780703, 70071270, 0
17965099, 70138074, 0
0, 70157418, 0
0, 70168491, 0
1458, 70182864, 0
12112, 70219353, 0
32119, 70269779, 0
59748, 70320201, 0
1794879, 70371971, 0
0, 70376167, 0
Waiting for the board to finish...
       c0: 5	c1: 5	c2: 5	c3: 5	c4: 5	c5: 5	c6: 5	c7: 5	c8: 5	c9: 5	c10: 5	c11: 5	c12: 5	c13: 5	c14: 5	
Read data from board
40121267, 69877503, 0
5848545, 69906177, 0
6635272, 69921956, 0
9709166, 69958160, 0
19836085, 70014614, 0
25781059, 70071254, 0
17964831, 70138024, 0
0, 70157341, 0
0, 70168426, 0
1458, 70182806, 0
12150, 70219340, 0
32176, 70269773, 0
59824, 70320243, 0
1795530, 70372012, 0
0, 70376232, 0
Waiting for the board to finish...
       c0: 5	c1: 5	c2: 5	c3: 5	c4: 5	c5: 5	c6: 5	c7: 5	c8: 5	c9: 5	c10: 5	c11: 5	c12: 5	c13: 5	c14: 5	
Read data from board
40119576, 69875605, 0
5846143, 69904272, 0
6632797, 69920075, 0
9706787, 69956253, 0
19833287, 70012733, 0
25779391, 70069412, 0
17962477, 70136150, 0
0, 70155505, 0
0, 70166590, 0
1458, 70180959, 0
12207, 70217523, 0
32214, 70267972, 0
59824, 70318400, 0
1795852, 70370181, 0
0, 70374386, 0
Waiting for the board to finish...
       c0: 5	c1: 5	c2: 5	c3: 5	c4: 5	c5: 5	c6: 5	c7: 5	c8: 5	c9: 5	c10: 5	c11: 5	c12: 5	c13: 5	c14: 5	
Read data from board
40121118, 69876940, 0
5848189, 69905680, 0
6634330, 69921464, 0
9708387, 69957625, 0
19834622, 70014158, 0
25780588, 70070805, 0
17964125, 70137552, 0
0, 70156861, 0
0, 70167946, 0
1420, 70182296, 0
12226, 70218870, 0
32214, 70269319, 0
59862, 70319779, 0
1796035, 70371559, 0
0, 70375762, 0
Waiting for the board to finish...
       c0: 5	c1: 5	c2: 5	c3: 5	c4: 5	c5: 5	c6: 5	c7: 5	c8: 5	c9: 5	c10: 5	c11: 5	c12: 5	c13: 5	c14: 5	
Read data from board
40121059, 69877041, 0
5847260, 69905735, 0
6633234, 69921512, 0
9707887, 69957653, 0
19833856, 70014084, 0
25779814, 70070722, 0
17963133, 70137446, 0
0, 70156799, 0
0, 70167877, 0
1458, 70182231, 0
12188, 70218808, 0
32195, 70269244, 0
59862, 70319697, 0
1797081, 70371457, 0
0, 70375673, 0
Waiting for the board to finish...
       c0: 5	c1: 5	c2: 5	c3: 5	c4: 5	c5: 5	c6: 5	c7: 5	c8: 5	c9: 5	c10: 5	c11: 5	c12: 5	c13: 5	c14: 5	
Read data from board
40122687, 69878503, 0
5849245, 69907197, 0
6635993, 69922987, 0
9709827, 69959151, 0
19836295, 70015591, 0
25781959, 70072297, 0
17965500, 70139047, 0
0, 70158417, 0
0, 70169505, 0
1458, 70183884, 0
12131, 70220405, 0
32157, 70270808, 0
59805, 70321278, 0
1795571, 70373055, 0
0, 70377262, 0
Average:
40120999, 69877064, 0
5847905, 69905762, 0
6634298, 69921551, 0
9708381, 69957728, 0
19834790, 70014193, 0
25780616, 70070848, 0
17964405, 70137595, 0
0, 70156938, 0
0, 70168022, 0
1450, 70182392, 0
12241, 70218997, 0
32305, 70269492, 0
59993, 70319998, 0
1856615, 70371781, 0
0, 70375990, 0
