Host is running ...
size: 64000
Waiting for the board to finish...
       c0: 5	c1: 5	c2: 5	c3: 5	c4: 5	c5: 5	c6: 5	c7: 5	c8: 5	c9: 5	c10: 5	c11: 5	c12: 5	c13: 5	c14: 5	
Read data from board
26229019, 44035140, 0
3853216, 44212962, 0
5729379, 44392860, 0
11497477, 44615262, 0
17243259, 45051121, 0
19128127, 45498538, 0
8175818, 45844790, 0
4229115, 46023652, 0
6060806, 46202179, 0
12223201, 46419232, 0
18887639, 46859013, 0
20603279, 47302258, 0
21233917, 47750363, 0
0, 48040456, 0
0, 48087296, 0
Waiting for the board to finish...
       c0: 5	c1: 5	c2: 5	c3: 5	c4: 5	c5: 5	c6: 5	c7: 5	c8: 5	c9: 5	c10: 5	c11: 5	c12: 5	c13: 5	c14: 5	
Read data from board
26228446, 44034412, 0
3853004, 44212130, 0
5729296, 44391993, 0
11497382, 44614487, 0
17242554, 45050324, 0
19128816, 45497724, 0
8174354, 45843892, 0
4227769, 46022788, 0
6059985, 46201281, 0
12222566, 46418321, 0
18886457, 46858104, 0
20602031, 47301313, 0
21232944, 47749432, 0
0, 48039535, 0
0, 48085801, 0
Waiting for the board to finish...
       c0: 5	c1: 5	c2: 5	c3: 5	c4: 5	c5: 5	c6: 5	c7: 5	c8: 5	c9: 5	c10: 5	c11: 5	c12: 5	c13: 5	c14: 5	
Read data from board
26228087, 44034326, 0
3852797, 44212048, 0
5728942, 44391962, 0
11497612, 44614329, 0
17242917, 45050211, 0
19128126, 45497550, 0
8174468, 45843722, 0
4228146, 46022619, 0
6060269, 46201139, 0
12222637, 46418187, 0
18886187, 46857945, 0
20602577, 47301142, 0
21233260, 47749242, 0
0, 48039337, 0
0, 48085593, 0
Waiting for the board to finish...
       c0: 5	c1: 5	c2: 5	c3: 5	c4: 5	c5: 5	c6: 5	c7: 5	c8: 5	c9: 5	c10: 5	c11: 5	c12: 5	c13: 5	c14: 5	
Read data from board
26228387, 44034552, 0
3852096, 44212171, 0
5728160, 44392029, 0
11496351, 44614476, 0
17242607, 45050357, 0
19129132, 45497701, 0
8174987, 45843913, 0
4228037, 46022782, 0
6059777, 46201262, 0
12222439, 46418336, 0
18886907, 46858130, 0
20602355, 47301317, 0
21233275, 47749415, 0
0, 48039489, 0
0, 48085750, 0
Waiting for the board to finish...
       c0: 5	c1: 5	c2: 5	c3: 5	c4: 5	c5: 5	c6: 5	c7: 5	c8: 5	c9: 5	c10: 5	c11: 5	c12: 5	c13: 5	c14: 5	
Read data from board
26228317, 44034284, 0
3852625, 44212069, 0
5728616, 44391971, 0
11496577, 44614391, 0
17242516, 45050241, 0
19128478, 45497605, 0
8174414, 45843813, 0
4227884, 46022702, 0
6059946, 46201194, 0
12222461, 46418253, 0
18886406, 46858000, 0
20602162, 47301208, 0
21233201, 47749340, 0
0, 48039438, 0
0, 48085683, 0
Waiting for the board to finish...
       c0: 5	c1: 5	c2: 5	c3: 5	c4: 5	c5: 5	c6: 5	c7: 5	c8: 5	c9: 5	c10: 5	c11: 5	c12: 5	c13: 5	c14: 5	
Read data from board
26228560, 44034602, 0
3852340, 44212261, 0
5728315, 44392123, 0
11496641, 44614665, 0
17242975, 45050483, 0
19130278, 45497896, 0
8174860, 45844041, 0
4228206, 46022941, 0
6060022, 46201465, 0
12222436, 46418531, 0
18886864, 46858344, 0
20602440, 47301561, 0
21233511, 47749681, 0
0, 48039783, 0
0, 48086051, 0
Waiting for the board to finish...
       c0: 5	c1: 5	c2: 5	c3: 5	c4: 5	c5: 5	c6: 5	c7: 5	c8: 5	c9: 5	c10: 5	c11: 5	c12: 5	c13: 5	c14: 5	
Read data from board
26228429, 44034295, 0
3852669, 44212113, 0
5728750, 44391977, 0
11496957, 44614335, 0
17242817, 45050316, 0
19130297, 45497689, 0
8174767, 45843856, 0
4227852, 46022708, 0
6059930, 46201242, 0
12222389, 46418282, 0
18886279, 46858040, 0
20602096, 47301272, 0
21233151, 47749374, 0
0, 48039455, 0
0, 48085722, 0
Waiting for the board to finish...
       c0: 5	c1: 5	c2: 5	c3: 5	c4: 5	c5: 5	c6: 5	c7: 5	c8: 5	c9: 5	c10: 5	c11: 5	c12: 5	c13: 5	c14: 5	
Read data from board
26228390, 44034210, 0
3852626, 44212016, 0
5728751, 44391837, 0
11497208, 44614259, 0
17242768, 45050156, 0
19127613, 45497484, 0
8174444, 45843723, 0
4227904, 46022618, 0
6059834, 46201092, 0
12222378, 46418153, 0
18886503, 46857916, 0
20602073, 47301117, 0
21233054, 47749218, 0
0, 48039298, 0
0, 48085565, 0
Waiting for the board to finish...
       c0: 5	c1: 5	c2: 5	c3: 5	c4: 5	c5: 5	c6: 5	c7: 5	c8: 5	c9: 5	c10: 5	c11: 5	c12: 5	c13: 5	c14: 5	
Read data from board
26228425, 44034137, 0
3852629, 44211964, 0
5728633, 44391798, 0
11496908, 44614233, 0
17242696, 45050154, 0
19128740, 45497519, 0
8174526, 45843702, 0
4227728, 46022650, 0
6059875, 46201149, 0
12222766, 46418192, 0
18886483, 46857958, 0
20602002, 47301143, 0
21232805, 47749281, 0
0, 48039377, 0
0, 48085642, 0
Waiting for the board to finish...
       c0: 5	c1: 5	c2: 5	c3: 5	c4: 5	c5: 5	c6: 5	c7: 5	c8: 5	c9: 5	c10: 5	c11: 5	c12: 5	c13: 5	c14: 5	
Read data from board
26227976, 44034241, 0
3852508, 44212051, 0
5728520, 44391884, 0
11496449, 44614331, 0
17242735, 45050244, 0
19130165, 45497649, 0
8174693, 45843829, 0
4227999, 46022727, 0
6059928, 46201290, 0
12222222, 46418351, 0
18886663, 46858095, 0
20602046, 47301331, 0
21233220, 47749413, 0
0, 48039518, 0
0, 48085773, 0
Average:
26228403, 44034419, 0
3852651, 44212178, 0
5728736, 44392043, 0
11496956, 44614476, 0
17242784, 45050360, 0
19128977, 45497735, 0
8174733, 45843928, 0
4228064, 46022818, 0
6060037, 46201329, 0
12222549, 46418383, 0
18886638, 46858154, 0
20602306, 47301366, 0
21233233, 47749475, 0
0, 48039568, 0
0, 48085887, 0
