Host is running ...
size: 64000
Waiting for the board to finish...
       c0: 5	c1: 5	c2: 5	c3: 5	c4: 5	c5: 5	c6: 5	c7: 5	c8: 5	c9: 5	c10: 5	c11: 5	c12: 5	c13: 5	c14: 5	
Read data from board
326094, 248579812, 0
32585445, 248714959, 0
72525898, 248741817, 0
90705699, 248957813, 0
104810993, 249204704, 0
118705118, 249444025, 0
114629858, 249729266, 0
86696728, 249971550, 0
115642300, 249996577, 0
136674795, 250349795, 0
147474653, 250775380, 0
157970868, 251236350, 0
177123093, 251703715, 0
125073464, 252096165, 0
0, 252149987, 0
Waiting for the board to finish...
       c0: 5	c1: 5	c2: 5	c3: 5	c4: 5	c5: 5	c6: 5	c7: 5	c8: 5	c9: 5	c10: 5	c11: 5	c12: 5	c13: 5	c14: 5	
Read data from board
355754, 248604101, 0
32804733, 248739304, 0
72946823, 248766210, 0
91132060, 248983504, 0
104967445, 249229773, 0
118898112, 249468756, 0
114758686, 249753847, 0
86827901, 249995796, 0
115732052, 250020829, 0
136758420, 250374160, 0
147637795, 250799407, 0
158033805, 251260357, 0
177086258, 251727122, 0
125073645, 252117454, 0
0, 252165350, 0
Waiting for the board to finish...
       c0: 5	c1: 5	c2: 5	c3: 5	c4: 5	c5: 5	c6: 5	c7: 5	c8: 5	c9: 5	c10: 5	c11: 5	c12: 5	c13: 5	c14: 5	
Read data from board
370817, 248620199, 0
32911662, 248755974, 0
73129241, 248782905, 0
91344995, 249000424, 0
105445562, 249246968, 0
119415122, 249485492, 0
115072714, 249769960, 0
87132336, 250011851, 0
115939967, 250036883, 0
136985649, 250389749, 0
147682829, 250815254, 0
158137631, 251275556, 0
177110388, 251741809, 0
125094522, 252137740, 0
0, 252187206, 0
Waiting for the board to finish...
       c0: 5	c1: 5	c2: 5	c3: 5	c4: 5	c5: 5	c6: 5	c7: 5	c8: 5	c9: 5	c10: 5	c11: 5	c12: 5	c13: 5	c14: 5	
Read data from board
326044, 248593337, 0
32759754, 248728234, 0
72916654, 248755161, 0
91144133, 248971931, 0
105190218, 249218874, 0
119145259, 249457231, 0
114815273, 249742397, 0
86881421, 249984906, 0
115697846, 250009957, 0
136705569, 250363417, 0
147500995, 250788609, 0
157957683, 251249745, 0
177102664, 251716448, 0
125097626, 252113667, 0
0, 252165575, 0
Waiting for the board to finish...
       c0: 5	c1: 5	c2: 5	c3: 5	c4: 5	c5: 5	c6: 5	c7: 5	c8: 5	c9: 5	c10: 5	c11: 5	c12: 5	c13: 5	c14: 5	
Read data from board
318546, 248596425, 0
32863586, 248731656, 0
73097325, 248758487, 0
91286470, 248976565, 0
105120289, 249223308, 0
118879865, 249461878, 0
114732198, 249746856, 0
86804150, 249989011, 0
115746427, 250014081, 0
136799830, 250367064, 0
147419775, 250792087, 0
157888534, 251252896, 0
177151565, 251718984, 0
125068426, 252110624, 0
0, 252159056, 0
Waiting for the board to finish...
       c0: 5	c1: 5	c2: 5	c3: 5	c4: 5	c5: 5	c6: 5	c7: 5	c8: 5	c9: 5	c10: 5	c11: 5	c12: 5	c13: 5	c14: 5	
Read data from board
335870, 248594894, 0
32830625, 248731431, 0
72992963, 248758224, 0
91232943, 248976345, 0
105222239, 249223981, 0
119137486, 249462838, 0
114892574, 249747445, 0
86959831, 249989083, 0
115790972, 250014104, 0
136814401, 250367725, 0
147528489, 250792732, 0
157897218, 251253767, 0
176984765, 251720570, 0
125098174, 252113585, 0
0, 252161752, 0
Waiting for the board to finish...
       c0: 5	c1: 5	c2: 5	c3: 5	c4: 5	c5: 5	c6: 5	c7: 5	c8: 5	c9: 5	c10: 5	c11: 5	c12: 5	c13: 5	c14: 5	
Read data from board
313934, 248584089, 0
32761387, 248719402, 0
72890496, 248746223, 0
91055230, 248963197, 0
105046176, 249209624, 0
118983430, 249448706, 0
114856647, 249733690, 0
86922440, 249975987, 0
115872925, 250001109, 0
136940657, 250354052, 0
147432275, 250778769, 0
157922984, 251238002, 0
176981985, 251704753, 0
125070174, 252095876, 0
0, 252142869, 0
Waiting for the board to finish...
       c0: 5	c1: 5	c2: 5	c3: 5	c4: 5	c5: 5	c6: 5	c7: 5	c8: 5	c9: 5	c10: 5	c11: 5	c12: 5	c13: 5	c14: 5	
Read data from board
322152, 248583635, 0
33053087, 248719685, 0
73515312, 248746523, 0
91807881, 248962643, 0
105748384, 249209379, 0
119481048, 249448358, 0
115111269, 249733047, 0
87174528, 249974956, 0
116000288, 249999998, 0
137059283, 250353118, 0
147649090, 250778412, 0
158103610, 251239389, 0
177154848, 251707056, 0
125078862, 252097684, 0
0, 252149123, 0
Waiting for the board to finish...
       c0: 5	c1: 5	c2: 5	c3: 5	c4: 5	c5: 5	c6: 5	c7: 5	c8: 5	c9: 5	c10: 5	c11: 5	c12: 5	c13: 5	c14: 5	
Read data from board
332369, 248609634, 0
32951199, 248745761, 0
73263132, 248772701, 0
91478641, 248990110, 0
105350379, 249236810, 0
119270011, 249475555, 0
114993381, 249760353, 0
87048836, 250001898, 0
115928389, 250026957, 0
137015806, 250380436, 0
147612671, 250805342, 0
158173867, 251265705, 0
177113706, 251732294, 0
125085368, 252129544, 0
0, 252176577, 0
Waiting for the board to finish...
       c0: 5	c1: 5	c2: 5	c3: 5	c4: 5	c5: 5	c6: 5	c7: 5	c8: 5	c9: 5	c10: 5	c11: 5	c12: 5	c13: 5	c14: 5	
Read data from board
318169, 248577489, 0
32723119, 248712919, 0
72818498, 248739812, 0
91061451, 248956194, 0
105237825, 249202491, 0
119235178, 249441507, 0
114931803, 249726434, 0
87004315, 249968844, 0
115983892, 249993893, 0
137078629, 250347050, 0
147815871, 250772020, 0
158194326, 251233616, 0
177133451, 251700301, 0
125082705, 252095835, 0
0, 252144111, 0
Average:
331974, 248594361, 0
32824459, 248729932, 0
73009634, 248756806, 0
91224950, 248973872, 0
105213951, 249220591, 0
119115062, 249459434, 0
114879440, 249744329, 0
86945248, 249986388, 0
115833505, 250011438, 0
136883303, 250364656, 0
147575444, 250789801, 0
158028052, 251250538, 0
177094272, 251717305, 0
125082296, 252110817, 0
0, 252160160, 0
