Host is running ...
size: 64000
Waiting for the board to finish...
       c0: 5	c1: 5	c2: 5	c3: 5	c4: 5	c5: 5	c6: 5	c7: 5	c8: 5	c9: 5	c10: 5	c11: 5	c12: 5	c13: 5	c14: 5	
Read data from board
21866689, 57950726, 0
0, 58135068, 0
0, 58201583, 0
0, 58258394, 0
0, 58362816, 0
0, 58463977, 0
72252, 58826052, 0
0, 59014068, 0
0, 59081078, 0
0, 59138078, 0
0, 59242358, 0
0, 59343328, 0
101968, 59565668, 0
0, 59919251, 0
0, 59946025, 0
Waiting for the board to finish...
       c0: 5	c1: 5	c2: 5	c3: 5	c4: 5	c5: 5	c6: 5	c7: 5	c8: 5	c9: 5	c10: 5	c11: 5	c12: 5	c13: 5	c14: 5	
Read data from board
21865929, 57950678, 0
0, 58135040, 0
0, 58201546, 0
0, 58258324, 0
0, 58362745, 0
0, 58463889, 0
72252, 58825984, 0
0, 59013997, 0
0, 59080989, 0
0, 59137976, 0
0, 59242255, 0
0, 59343220, 0
101912, 59565469, 0
0, 59919045, 0
0, 59945819, 0
Waiting for the board to finish...
       c0: 5	c1: 5	c2: 5	c3: 5	c4: 5	c5: 5	c6: 5	c7: 5	c8: 5	c9: 5	c10: 5	c11: 5	c12: 5	c13: 5	c14: 5	
Read data from board
21866062, 57950552, 0
0, 58134922, 0
0, 58201446, 0
0, 58258268, 0
0, 58362699, 0
0, 58463846, 0
72233, 58825890, 0
0, 59013921, 0
0, 59080931, 0
0, 59137918, 0
0, 59242177, 0
0, 59343152, 0
101987, 59565474, 0
0, 59919039, 0
0, 59945826, 0
Waiting for the board to finish...
       c0: 5	c1: 5	c2: 5	c3: 5	c4: 5	c5: 5	c6: 5	c7: 5	c8: 5	c9: 5	c10: 5	c11: 5	c12: 5	c13: 5	c14: 5	
Read data from board
21868418, 57951639, 0
0, 58136021, 0
0, 58202521, 0
0, 58259313, 0
0, 58363753, 0
0, 58464916, 0
72176, 58826966, 0
0, 59015018, 0
0, 59082037, 0
0, 59139038, 0
0, 59243313, 0
0, 59344266, 0
101968, 59566566, 0
0, 59920130, 0
0, 59946917, 0
Waiting for the board to finish...
       c0: 5	c1: 5	c2: 5	c3: 5	c4: 5	c5: 5	c6: 5	c7: 5	c8: 5	c9: 5	c10: 5	c11: 5	c12: 5	c13: 5	c14: 5	
Read data from board
21867544, 57951285, 0
0, 58135689, 0
0, 58202211, 0
0, 58259003, 0
0, 58363449, 0
0, 58464610, 0
72233, 58826715, 0
0, 59014727, 0
0, 59081741, 0
0, 59138717, 0
0, 59242990, 0
0, 59343949, 0
101949, 59566222, 0
0, 59919786, 0
0, 59946563, 0
Waiting for the board to finish...
       c0: 5	c1: 5	c2: 5	c3: 5	c4: 5	c5: 5	c6: 5	c7: 5	c8: 5	c9: 5	c10: 5	c11: 5	c12: 5	c13: 5	c14: 5	
Read data from board
21866879, 57950686, 0
0, 58135014, 0
0, 58201527, 0
0, 58258323, 0
0, 58362752, 0
0, 58463868, 0
72233, 58825907, 0
0, 59013924, 0
0, 59080918, 0
0, 59137885, 0
0, 59242149, 0
0, 59343095, 0
101968, 59565394, 0
0, 59918939, 0
0, 59945715, 0
Waiting for the board to finish...
       c0: 5	c1: 5	c2: 5	c3: 5	c4: 5	c5: 5	c6: 5	c7: 5	c8: 5	c9: 5	c10: 5	c11: 5	c12: 5	c13: 5	c14: 5	
Read data from board
21867601, 57951727, 0
0, 58136098, 0
0, 58202651, 0
0, 58259430, 0
0, 58363883, 0
0, 58465019, 0
72157, 58827109, 0
0, 59015162, 0
0, 59082172, 0
0, 59139163, 0
0, 59243430, 0
0, 59344398, 0
101968, 59566692, 0
0, 59920253, 0
0, 59947045, 0
Waiting for the board to finish...
       c0: 5	c1: 5	c2: 5	c3: 5	c4: 5	c5: 5	c6: 5	c7: 5	c8: 5	c9: 5	c10: 5	c11: 5	c12: 5	c13: 5	c14: 5	
Read data from board
21867088, 57951380, 0
0, 58135724, 0
0, 58202247, 0
0, 58259041, 0
0, 58363483, 0
0, 58464610, 0
72404, 58826902, 0
0, 59014950, 0
0, 59081953, 0
0, 59138944, 0
0, 59243196, 0
0, 59344166, 0
102025, 59566504, 0
0, 59920070, 0
0, 59946851, 0
Waiting for the board to finish...
       c0: 5	c1: 5	c2: 5	c3: 5	c4: 5	c5: 5	c6: 5	c7: 5	c8: 5	c9: 5	c10: 5	c11: 5	c12: 5	c13: 5	c14: 5	
Read data from board
21866727, 57950942, 0
0, 58135265, 0
0, 58201772, 0
0, 58258552, 0
0, 58362971, 0
0, 58464137, 0
72233, 58826165, 0
0, 59014170, 0
0, 59081168, 0
0, 59138146, 0
0, 59242395, 0
0, 59343365, 0
101949, 59565611, 0
0, 59919159, 0
0, 59945980, 0
Waiting for the board to finish...
       c0: 5	c1: 5	c2: 5	c3: 5	c4: 5	c5: 5	c6: 5	c7: 5	c8: 5	c9: 5	c10: 5	c11: 5	c12: 5	c13: 5	c14: 5	
Read data from board
21867468, 57950840, 0
0, 58135188, 0
0, 58201705, 0
0, 58258509, 0
0, 58362959, 0
0, 58464094, 0
72366, 58826349, 0
0, 59014412, 0
0, 59081416, 0
0, 59138400, 0
0, 59242672, 0
0, 59343621, 0
101968, 59565957, 0
0, 59919526, 0
0, 59946299, 0
Average:
21867040, 57951045, 0
0, 58135402, 0
0, 58201920, 0
0, 58258715, 0
0, 58363151, 0
0, 58464296, 0
72253, 58826403, 0
0, 59014434, 0
0, 59081440, 0
0, 59138426, 0
0, 59242693, 0
0, 59343656, 0
101966, 59565955, 0
0, 59919519, 0
0, 59946304, 0
