Host is running ...
size: 64000
Waiting for the board to finish...
       c0: 5	c1: 5	c2: 5	c3: 5	c4: 5	c5: 5	c6: 5	c7: 5	c8: 5	c9: 5	c10: 5	c11: 5	c13: 5	c14: 5	c15: 5	
Read data from board
0, 51773930, 0
0, 51799794, 0
0, 51800764, 0
0, 51802502, 0
0, 51856058, 0
0, 51831530, 0
0, 51807511, 0
0, 51806528, 0
0, 51858925, 0
0, 51860656, 0
0, 51862802, 0
0, 51865037, 0
0, 51902539, 0
0, 51897765, 0
0, 51868517, 0
Waiting for the board to finish...
       c0: 5	c1: 5	c2: 5	c3: 5	c4: 5	c5: 5	c6: 5	c7: 5	c8: 5	c9: 5	c10: 5	c11: 5	c13: 5	c14: 5	c15: 5	
Read data from board
0, 51774015, 0
0, 51799902, 0
0, 51800863, 0
0, 51802611, 0
0, 51856257, 0
0, 51831712, 0
0, 51807563, 0
0, 51806560, 0
0, 51859079, 0
0, 51860805, 0
0, 51862946, 0
0, 51865157, 0
0, 51902703, 0
0, 51897924, 0
0, 51868680, 0
Waiting for the board to finish...
       c0: 5	c1: 5	c2: 5	c3: 5	c4: 5	c5: 5	c6: 5	c7: 5	c8: 5	c9: 5	c10: 5	c11: 5	c13: 5	c14: 5	c15: 5	
Read data from board
0, 51777895, 0
0, 51803767, 0
0, 51804722, 0
0, 51806452, 0
0, 51860091, 0
0, 51835524, 0
0, 51811393, 0
0, 51810377, 0
0, 51862876, 0
0, 51864611, 0
0, 51866725, 0
0, 51868953, 0
0, 51906527, 0
0, 51901706, 0
0, 51872458, 0
Waiting for the board to finish...
       c0: 5	c1: 5	c2: 5	c3: 5	c4: 5	c5: 5	c6: 5	c7: 5	c8: 5	c9: 5	c10: 5	c11: 5	c13: 5	c14: 5	c15: 5	
Read data from board
0, 51777161, 0
0, 51803012, 0
0, 51803970, 0
0, 51805695, 0
0, 51859349, 0
0, 51834835, 0
0, 51810650, 0
0, 51809642, 0
0, 51862146, 0
0, 51863877, 0
0, 51866021, 0
0, 51868210, 0
0, 51905770, 0
0, 51900984, 0
0, 51871730, 0
Waiting for the board to finish...
       c0: 5	c1: 5	c2: 5	c3: 5	c4: 5	c5: 5	c6: 5	c7: 5	c8: 5	c9: 5	c10: 5	c11: 5	c13: 5	c14: 5	c15: 5	
Read data from board
0, 51774011, 0
0, 51799897, 0
0, 51800863, 0
0, 51802601, 0
0, 51856275, 0
0, 51831725, 0
0, 51807567, 0
0, 51806585, 0
0, 51859102, 0
0, 51860839, 0
0, 51862994, 0
0, 51865199, 0
0, 51902734, 0
0, 51897923, 0
0, 51868703, 0
Waiting for the board to finish...
       c0: 5	c1: 5	c2: 5	c3: 5	c4: 5	c5: 5	c6: 5	c7: 5	c8: 5	c9: 5	c10: 5	c11: 5	c13: 5	c14: 5	c15: 5	
Read data from board
0, 51776479, 0
0, 51802320, 0
0, 51803283, 0
0, 51805017, 0
0, 51858709, 0
0, 51834181, 0
0, 51810020, 0
0, 51808990, 0
0, 51861499, 0
0, 51863234, 0
0, 51865369, 0
0, 51867605, 0
0, 51905089, 0
0, 51900286, 0
0, 51871076, 0
Waiting for the board to finish...
       c0: 5	c1: 5	c2: 5	c3: 5	c4: 5	c5: 5	c6: 5	c7: 5	c8: 5	c9: 5	c10: 5	c11: 5	c13: 5	c14: 5	c15: 5	
Read data from board
0, 51775043, 0
0, 51800895, 0
0, 51801857, 0
0, 51803592, 0
0, 51857209, 0
0, 51832640, 0
0, 51808577, 0
0, 51807574, 0
0, 51860012, 0
0, 51861762, 0
0, 51863931, 0
0, 51866133, 0
0, 51903670, 0
0, 51898899, 0
0, 51869697, 0
Waiting for the board to finish...
       c0: 5	c1: 5	c2: 5	c3: 5	c4: 5	c5: 5	c6: 5	c7: 5	c8: 5	c9: 5	c10: 5	c11: 5	c13: 5	c14: 5	c15: 5	
Read data from board
0, 51774389, 0
0, 51800223, 0
0, 51801175, 0
0, 51802894, 0
0, 51856592, 0
0, 51832049, 0
0, 51807840, 0
0, 51806829, 0
0, 51859364, 0
0, 51861095, 0
0, 51863219, 0
0, 51865441, 0
0, 51902973, 0
0, 51898191, 0
0, 51868937, 0
Waiting for the board to finish...
       c0: 5	c1: 5	c2: 5	c3: 5	c4: 5	c5: 5	c6: 5	c7: 5	c8: 5	c9: 5	c10: 5	c11: 5	c13: 5	c14: 5	c15: 5	
Read data from board
0, 51776198, 0
0, 51802066, 0
0, 51803019, 0
0, 51804762, 0
0, 51858434, 0
0, 51833942, 0
0, 51809724, 0
0, 51808752, 0
0, 51861256, 0
0, 51863003, 0
0, 51865128, 0
0, 51867338, 0
0, 51904860, 0
0, 51900043, 0
0, 51870864, 0
Waiting for the board to finish...
       c0: 5	c1: 5	c2: 5	c3: 5	c4: 5	c5: 5	c6: 5	c7: 5	c8: 5	c9: 5	c10: 5	c11: 5	c13: 5	c14: 5	c15: 5	
Read data from board
0, 51770922, 0
0, 51796738, 0
0, 51797713, 0
0, 51799427, 0
0, 51853061, 0
0, 51828529, 0
0, 51804380, 0
0, 51803405, 0
0, 51855844, 0
0, 51857573, 0
0, 51859691, 0
0, 51861917, 0
0, 51899440, 0
0, 51894611, 0
0, 51865430, 0
Average:
0, 51775004, 0
0, 51800861, 0
0, 51801822, 0
0, 51803555, 0
0, 51857203, 0
0, 51832666, 0
0, 51808522, 0
0, 51807524, 0
0, 51860010, 0
0, 51861745, 0
0, 51863882, 0
0, 51866099, 0
0, 51903630, 0
0, 51898833, 0
0, 51869609, 0
