Host is running ...
size: 64000
Waiting for the board to finish...
       c0: 5	c1: 5	c2: 5	c3: 5	c4: 5	c5: 5	c6: 5	c7: 5	c8: 5	c9: 5	c10: 5	c11: 5	c13: 5	c14: 5	c15: 5	
Read data from board
0, 214757815, 0
0, 214760151, 0
0, 214834370, 0
0, 216384625, 0
0, 229369957, 0
0, 227025817, 0
0, 223101739, 0
0, 219574154, 0
0, 231656006, 0
0, 234161174, 0
0, 240061097, 0
0, 245757912, 0
0, 260445720, 0
0, 258926304, 0
0, 252281766, 0
Waiting for the board to finish...
       c0: 5	c1: 5	c2: 5	c3: 5	c4: 5	c5: 5	c6: 5	c7: 5	c8: 5	c9: 5	c10: 5	c11: 5	c13: 5	c14: 5	c15: 5	
Read data from board
0, 214765724, 0
0, 214768183, 0
0, 214841837, 0
0, 216393415, 0
0, 229378994, 0
0, 227034232, 0
0, 223109813, 0
0, 219581882, 0
0, 231664791, 0
0, 234170158, 0
0, 240069315, 0
0, 245753642, 0
0, 260432670, 0
0, 258913578, 0
0, 252273084, 0
Waiting for the board to finish...
       c0: 5	c1: 5	c2: 5	c3: 5	c4: 5	c5: 5	c6: 5	c7: 5	c8: 5	c9: 5	c10: 5	c11: 5	c13: 5	c14: 5	c15: 5	
Read data from board
0, 214755631, 0
0, 214757861, 0
0, 214829888, 0
0, 216380967, 0
0, 229364359, 0
0, 227020446, 0
0, 223096069, 0
0, 219567933, 0
0, 231650473, 0
0, 234155439, 0
0, 240053500, 0
0, 245748417, 0
0, 260428616, 0
0, 258924156, 0
0, 252266682, 0
Waiting for the board to finish...
       c0: 5	c1: 5	c2: 5	c3: 5	c4: 5	c5: 5	c6: 5	c7: 5	c8: 5	c9: 5	c10: 5	c11: 5	c13: 5	c14: 5	c15: 5	
Read data from board
0, 214738562, 0
0, 214740947, 0
0, 214934805, 0
0, 216486392, 0
0, 229471629, 0
0, 227127370, 0
0, 223202237, 0
0, 219672988, 0
0, 231757660, 0
0, 234262906, 0
0, 240155611, 0
0, 245843100, 0
0, 260530697, 0
0, 259014093, 0
0, 252361015, 0
Waiting for the board to finish...
       c0: 5	c1: 5	c2: 5	c3: 5	c4: 5	c5: 5	c6: 5	c7: 5	c8: 5	c9: 5	c10: 5	c11: 5	c13: 5	c14: 5	c15: 5	
Read data from board
0, 214764549, 0
0, 214766879, 0
0, 214926137, 0
0, 216478063, 0
0, 229464861, 0
0, 227120226, 0
0, 223195295, 0
0, 219665857, 0
0, 231750920, 0
0, 234256056, 0
0, 240151432, 0
0, 245840592, 0
0, 260539266, 0
0, 259019068, 0
0, 252361076, 0
Waiting for the board to finish...
       c0: 5	c1: 5	c2: 5	c3: 5	c4: 5	c5: 5	c6: 5	c7: 5	c8: 5	c9: 5	c10: 5	c11: 5	c13: 5	c14: 5	c15: 5	
Read data from board
0, 214748080, 0
0, 214750545, 0
0, 214944043, 0
0, 216496086, 0
0, 229479931, 0
0, 227135684, 0
0, 223211044, 0
0, 219683423, 0
0, 231766115, 0
0, 234270937, 0
0, 240170546, 0
0, 245858204, 0
0, 260528972, 0
0, 259020486, 0
0, 252381009, 0
Waiting for the board to finish...
       c0: 5	c1: 5	c2: 5	c3: 5	c4: 5	c5: 5	c6: 5	c7: 5	c8: 5	c9: 5	c10: 5	c11: 5	c13: 5	c14: 5	c15: 5	
Read data from board
0, 214755698, 0
0, 214757878, 0
0, 214826001, 0
0, 216377290, 0
0, 229363134, 0
0, 227018757, 0
0, 223095382, 0
0, 219566914, 0
0, 231649683, 0
0, 234154541, 0
0, 240050578, 0
0, 245745035, 0
0, 260424645, 0
0, 258907078, 0
0, 252263867, 0
Waiting for the board to finish...
       c0: 5	c1: 5	c2: 5	c3: 5	c4: 5	c5: 5	c6: 5	c7: 5	c8: 5	c9: 5	c10: 5	c11: 5	c13: 5	c14: 5	c15: 5	
Read data from board
0, 214753294, 0
0, 214755616, 0
0, 214926697, 0
0, 216478379, 0
0, 229462897, 0
0, 227118618, 0
0, 223194269, 0
0, 219665999, 0
0, 231749180, 0
0, 234254399, 0
0, 240152236, 0
0, 245837784, 0
0, 260517889, 0
0, 259006864, 0
0, 252357861, 0
Waiting for the board to finish...
       c0: 5	c1: 5	c2: 5	c3: 5	c4: 5	c5: 5	c6: 5	c7: 5	c8: 5	c9: 5	c10: 5	c11: 5	c13: 5	c14: 5	c15: 5	
Read data from board
0, 214765821, 0
0, 214768060, 0
0, 214810557, 0
0, 216361252, 0
0, 229349288, 0
0, 227004668, 0
0, 223080619, 0
0, 219551549, 0
0, 231635444, 0
0, 234140199, 0
0, 240038012, 0
0, 245731315, 0
0, 260406366, 0
0, 258897890, 0
0, 252248878, 0
Waiting for the board to finish...
       c0: 5	c1: 5	c2: 5	c3: 5	c4: 5	c5: 5	c6: 5	c7: 5	c8: 5	c9: 5	c10: 5	c11: 5	c13: 5	c14: 5	c15: 5	
Read data from board
0, 214752612, 0
0, 214754974, 0
0, 214937754, 0
0, 216489741, 0
0, 229475090, 0
0, 227130824, 0
0, 223206205, 0
0, 219678232, 0
0, 231761497, 0
0, 234266664, 0
0, 240164790, 0
0, 245845394, 0
0, 260546168, 0
0, 259031403, 0
0, 252369843, 0
Average:
0, 214755778, 0
0, 214758109, 0
0, 214881208, 0
0, 216432621, 0
0, 229418014, 0
0, 227073664, 0
0, 223149267, 0
0, 219620893, 0
0, 231704176, 0
0, 234209247, 0
0, 240106711, 0
0, 245796139, 0
0, 260480100, 0
0, 258966092, 0
0, 252316508, 0
