Host is running ...
size: 64000
Waiting for the board to finish...
       c0: 5	c1: 5	c2: 5	c3: 5	c4: 5	c5: 5	c6: 5	c7: 5	c8: 5	c9: 5	c10: 5	c11: 5	c13: 5	c14: 5	c15: 5	
Read data from board
0, 45919474, 0
0, 46120331, 0
0, 46309592, 0
0, 46544483, 0
0, 48001256, 0
0, 47818264, 0
0, 47454958, 0
0, 46994575, 0
0, 48198733, 0
0, 48420597, 0
0, 48875134, 0
0, 49330558, 0
0, 50126600, 0
0, 50080525, 0
0, 49790719, 0
Waiting for the board to finish...
       c0: 5	c1: 5	c2: 5	c3: 5	c4: 5	c5: 5	c6: 5	c7: 5	c8: 5	c9: 5	c10: 5	c11: 5	c13: 5	c14: 5	c15: 5	
Read data from board
0, 45918946, 0
0, 46118118, 0
0, 46307596, 0
0, 46542292, 0
0, 47999582, 0
0, 47816556, 0
0, 47452635, 0
0, 46993155, 0
0, 48195834, 0
0, 48418988, 0
0, 48873458, 0
0, 49328901, 0
0, 50124382, 0
0, 50078869, 0
0, 49789062, 0
Waiting for the board to finish...
       c0: 5	c1: 5	c2: 5	c3: 5	c4: 5	c5: 5	c6: 5	c7: 5	c8: 5	c9: 5	c10: 5	c11: 5	c13: 5	c14: 5	c15: 5	
Read data from board
0, 45915538, 0
0, 46118402, 0
0, 46305895, 0
0, 46541761, 0
0, 47997650, 0
0, 47815598, 0
0, 47452239, 0
0, 46991937, 0
0, 48195031, 0
0, 48417156, 0
0, 48872450, 0
0, 49327837, 0
0, 50123336, 0
0, 50077817, 0
0, 49788000, 0
Waiting for the board to finish...
       c0: 5	c1: 5	c2: 5	c3: 5	c4: 5	c5: 5	c6: 5	c7: 5	c8: 5	c9: 5	c10: 5	c11: 5	c13: 5	c14: 5	c15: 5	
Read data from board
0, 45918238, 0
0, 46119553, 0
0, 46305041, 0
0, 46542705, 0
0, 47999044, 0
0, 47816446, 0
0, 47452759, 0
0, 46992457, 0
0, 48196211, 0
0, 48417714, 0
0, 48873648, 0
0, 49328737, 0
0, 50124238, 0
0, 50078716, 0
0, 49788897, 0
Waiting for the board to finish...
       c0: 5	c1: 5	c2: 5	c3: 5	c4: 5	c5: 5	c6: 5	c7: 5	c8: 5	c9: 5	c10: 5	c11: 5	c13: 5	c14: 5	c15: 5	
Read data from board
0, 45917269, 0
0, 46123027, 0
0, 46307804, 0
0, 46544766, 0
0, 48001041, 0
0, 47818190, 0
0, 47454463, 0
0, 46993956, 0
0, 48197168, 0
0, 48421070, 0
0, 48874706, 0
0, 49330343, 0
0, 50125842, 0
0, 50080326, 0
0, 49790506, 0
Waiting for the board to finish...
       c0: 5	c1: 5	c2: 5	c3: 5	c4: 5	c5: 5	c6: 5	c7: 5	c8: 5	c9: 5	c10: 5	c11: 5	c13: 5	c14: 5	c15: 5	
Read data from board
0, 45919163, 0
0, 46119913, 0
0, 46308386, 0
0, 46543545, 0
0, 48000774, 0
0, 47816529, 0
0, 47453157, 0
0, 46993158, 0
0, 48196268, 0
0, 48420150, 0
0, 48874324, 0
0, 49329668, 0
0, 50125161, 0
0, 50079658, 0
0, 49789854, 0
Waiting for the board to finish...
       c0: 5	c1: 5	c2: 5	c3: 5	c4: 5	c5: 5	c6: 5	c7: 5	c8: 5	c9: 5	c10: 5	c11: 5	c13: 5	c14: 5	c15: 5	
Read data from board
0, 45918693, 0
0, 46119324, 0
0, 46306934, 0
0, 46541884, 0
0, 47998982, 0
0, 47815070, 0
0, 47452218, 0
0, 46991545, 0
0, 48196214, 0
0, 48416753, 0
0, 48873627, 0
0, 49328776, 0
0, 50124269, 0
0, 50078770, 0
0, 49788947, 0
Waiting for the board to finish...
       c0: 5	c1: 5	c2: 5	c3: 5	c4: 5	c5: 5	c6: 5	c7: 5	c8: 5	c9: 5	c10: 5	c11: 5	c13: 5	c14: 5	c15: 5	
Read data from board
0, 45916383, 0
0, 46119832, 0
0, 46304902, 0
0, 46542209, 0
0, 47998928, 0
0, 47815982, 0
0, 47452141, 0
0, 46991394, 0
0, 48195266, 0
0, 48417664, 0
0, 48873508, 0
0, 49328348, 0
0, 50123802, 0
0, 50078275, 0
0, 49788461, 0
Waiting for the board to finish...
       c0: 5	c1: 5	c2: 5	c3: 5	c4: 5	c5: 5	c6: 5	c7: 5	c8: 5	c9: 5	c10: 5	c11: 5	c13: 5	c14: 5	c15: 5	
Read data from board
0, 45919496, 0
0, 46122488, 0
0, 46309984, 0
0, 46546825, 0
0, 48002947, 0
0, 47819875, 0
0, 47456431, 0
0, 46996795, 0
0, 48198950, 0
0, 48422805, 0
0, 48877017, 0
0, 49332363, 0
0, 50127876, 0
0, 50082411, 0
0, 49792599, 0
Waiting for the board to finish...
       c0: 5	c1: 5	c2: 5	c3: 5	c4: 5	c5: 5	c6: 5	c7: 5	c8: 5	c9: 5	c10: 5	c11: 5	c13: 5	c14: 5	c15: 5	
Read data from board
0, 45918566, 0
0, 46118305, 0
0, 46309050, 0
0, 46542078, 0
0, 47999798, 0
0, 47817258, 0
0, 47453704, 0
0, 46992179, 0
0, 48196950, 0
0, 48419207, 0
0, 48874702, 0
0, 49329580, 0
0, 50125056, 0
0, 50079545, 0
0, 49789714, 0
Average:
0, 45918176, 0
0, 46119929, 0
0, 46307518, 0
0, 46543254, 0
0, 48000000, 0
0, 47816976, 0
0, 47453470, 0
0, 46993115, 0
0, 48196662, 0
0, 48419210, 0
0, 48874257, 0
0, 49329511, 0
0, 50125056, 0
0, 50079491, 0
0, 49789675, 0
