Host is running ...
size: 64000
Waiting for the board to finish...
       c0: 5	c1: 5	c2: 5	c3: 5	c4: 5	c5: 5	c6: 5	c7: 5	c8: 5	c9: 5	c10: 5	c11: 5	c13: 5	c14: 5	c15: 5	
Read data from board
0, 64875283, 0
0, 64975434, 0
0, 65011319, 0
0, 65043231, 0
0, 65473573, 0
0, 65374586, 0
0, 65155353, 0
0, 65103790, 0
0, 65511459, 0
0, 65543277, 0
0, 65602076, 0
0, 65654948, 0
0, 65971983, 0
0, 65959423, 0
0, 65756367, 0
Waiting for the board to finish...
       c0: 5	c1: 5	c2: 5	c3: 5	c4: 5	c5: 5	c6: 5	c7: 5	c8: 5	c9: 5	c10: 5	c11: 5	c13: 5	c14: 5	c15: 5	
Read data from board
0, 64876669, 0
0, 64976811, 0
0, 65012679, 0
0, 65044601, 0
0, 65474790, 0
0, 65375779, 0
0, 65156705, 0
0, 65105116, 0
0, 65512655, 0
0, 65544501, 0
0, 65603377, 0
0, 65656263, 0
0, 65973201, 0
0, 65960651, 0
0, 65757584, 0
Waiting for the board to finish...
       c0: 5	c1: 5	c2: 5	c3: 5	c4: 5	c5: 5	c6: 5	c7: 5	c8: 5	c9: 5	c10: 5	c11: 5	c13: 5	c14: 5	c15: 5	
Read data from board
0, 64876224, 0
0, 64976381, 0
0, 65012239, 0
0, 65044167, 0
0, 65474456, 0
0, 65375436, 0
0, 65156291, 0
0, 65104730, 0
0, 65512333, 0
0, 65544164, 0
0, 65603012, 0
0, 65655892, 0
0, 65972818, 0
0, 65960274, 0
0, 65757234, 0
Waiting for the board to finish...
       c0: 5	c1: 5	c2: 5	c3: 5	c4: 5	c5: 5	c6: 5	c7: 5	c8: 5	c9: 5	c10: 5	c11: 5	c13: 5	c14: 5	c15: 5	
Read data from board
0, 64876738, 0
0, 64976878, 0
0, 65012764, 0
0, 65044674, 0
0, 65474824, 0
0, 65375840, 0
0, 65156804, 0
0, 65105231, 0
0, 65512709, 0
0, 65544545, 0
0, 65603394, 0
0, 65656283, 0
0, 65973227, 0
0, 65960673, 0
0, 65757592, 0
Waiting for the board to finish...
       c0: 5	c1: 5	c2: 5	c3: 5	c4: 5	c5: 5	c6: 5	c7: 5	c8: 5	c9: 5	c10: 5	c11: 5	c13: 5	c14: 5	c15: 5	
Read data from board
0, 64873981, 0
0, 64974123, 0
0, 65009987, 0
0, 65041906, 0
0, 65472094, 0
0, 65373104, 0
0, 65153982, 0
0, 65102409, 0
0, 65509909, 0
0, 65541726, 0
0, 65600556, 0
0, 65653444, 0
0, 65970354, 0
0, 65957772, 0
0, 65754717, 0
Waiting for the board to finish...
       c0: 5	c1: 5	c2: 5	c3: 5	c4: 5	c5: 5	c6: 5	c7: 5	c8: 5	c9: 5	c10: 5	c11: 5	c13: 5	c14: 5	c15: 5	
Read data from board
0, 64874253, 0
0, 64974404, 0
0, 65010277, 0
0, 65042183, 0
0, 65472230, 0
0, 65373241, 0
0, 65154271, 0
0, 65102684, 0
0, 65510059, 0
0, 65541870, 0
0, 65600709, 0
0, 65653580, 0
0, 65970511, 0
0, 65957953, 0
0, 65754949, 0
Waiting for the board to finish...
       c0: 5	c1: 5	c2: 5	c3: 5	c4: 5	c5: 5	c6: 5	c7: 5	c8: 5	c9: 5	c10: 5	c11: 5	c13: 5	c14: 5	c15: 5	
Read data from board
0, 64875696, 0
0, 64975850, 0
0, 65011725, 0
0, 65043645, 0
0, 65473856, 0
0, 65374859, 0
0, 65155736, 0
0, 65104141, 0
0, 65511726, 0
0, 65543546, 0
0, 65602411, 0
0, 65655305, 0
0, 65972192, 0
0, 65959632, 0
0, 65756580, 0
Waiting for the board to finish...
       c0: 5	c1: 5	c2: 5	c3: 5	c4: 5	c5: 5	c6: 5	c7: 5	c8: 5	c9: 5	c10: 5	c11: 5	c13: 5	c14: 5	c15: 5	
Read data from board
0, 64875588, 0
0, 64975736, 0
0, 65011590, 0
0, 65043498, 0
0, 65473646, 0
0, 65374662, 0
0, 65155557, 0
0, 65103954, 0
0, 65511468, 0
0, 65543281, 0
0, 65602094, 0
0, 65654960, 0
0, 65971955, 0
0, 65959393, 0
0, 65756330, 0
Waiting for the board to finish...
       c0: 5	c1: 5	c2: 5	c3: 5	c4: 5	c5: 5	c6: 5	c7: 5	c8: 5	c9: 5	c10: 5	c11: 5	c13: 5	c14: 5	c15: 5	
Read data from board
0, 64876834, 0
0, 64976980, 0
0, 65012859, 0
0, 65044786, 0
0, 65474904, 0
0, 65375916, 0
0, 65156921, 0
0, 65105353, 0
0, 65512768, 0
0, 65544598, 0
0, 65603475, 0
0, 65656384, 0
0, 65973235, 0
0, 65960678, 0
0, 65757633, 0
Waiting for the board to finish...
       c0: 5	c1: 5	c2: 5	c3: 5	c4: 5	c5: 5	c6: 5	c7: 5	c8: 5	c9: 5	c10: 5	c11: 5	c13: 5	c14: 5	c15: 5	
Read data from board
0, 64874680, 0
0, 64974807, 0
0, 65010681, 0
0, 65042579, 0
0, 65472740, 0
0, 65373728, 0
0, 65154683, 0
0, 65103088, 0
0, 65510591, 0
0, 65542414, 0
0, 65601248, 0
0, 65654125, 0
0, 65971038, 0
0, 65958456, 0
0, 65755379, 0
Average:
0, 64875594, 0
0, 64975740, 0
0, 65011612, 0
0, 65043527, 0
0, 65473711, 0
0, 65374715, 0
0, 65155630, 0
0, 65104049, 0
0, 65511567, 0
0, 65543392, 0
0, 65602235, 0
0, 65655118, 0
0, 65972051, 0
0, 65959490, 0
0, 65756436, 0
