Host is running ...
size: 64000
Waiting for the board to finish...
       c0: 5	c1: 5	c2: 5	c3: 5	c4: 5	c5: 5	c6: 5	c7: 5	c8: 5	c9: 5	c10: 5	c11: 5	c13: 5	c14: 5	c15: 5	
Read data from board
0, 115930895, 0
0, 115969763, 0
0, 115999082, 0
0, 116081816, 0
0, 116418191, 0
0, 116388065, 0
0, 116266641, 0
0, 116181073, 0
0, 116429618, 0
0, 116441006, 0
0, 116457015, 0
0, 116473844, 0
0, 116599068, 0
0, 116597609, 0
0, 116526053, 0
Waiting for the board to finish...
       c0: 5	c1: 5	c2: 5	c3: 5	c4: 5	c5: 5	c6: 5	c7: 5	c8: 5	c9: 5	c10: 5	c11: 5	c13: 5	c14: 5	c15: 5	
Read data from board
0, 115925285, 0
0, 115964273, 0
0, 115993568, 0
0, 116076304, 0
0, 116412531, 0
0, 116382422, 0
0, 116261033, 0
0, 116175431, 0
0, 116423947, 0
0, 116435352, 0
0, 116451364, 0
0, 116468172, 0
0, 116593225, 0
0, 116591744, 0
0, 116520194, 0
Waiting for the board to finish...
       c0: 5	c1: 5	c2: 5	c3: 5	c4: 5	c5: 5	c6: 5	c7: 5	c8: 5	c9: 5	c10: 5	c11: 5	c13: 5	c14: 5	c15: 5	
Read data from board
0, 115932987, 0
0, 115972081, 0
0, 116001384, 0
0, 116084097, 0
0, 116420480, 0
0, 116390372, 0
0, 116268990, 0
0, 116183445, 0
0, 116431922, 0
0, 116443329, 0
0, 116459330, 0
0, 116476148, 0
0, 116601283, 0
0, 116599830, 0
0, 116528274, 0
Waiting for the board to finish...
       c0: 5	c1: 5	c2: 5	c3: 5	c4: 5	c5: 5	c6: 5	c7: 5	c8: 5	c9: 5	c10: 5	c11: 5	c13: 5	c14: 5	c15: 5	
Read data from board
0, 115930501, 0
0, 115969274, 0
0, 115998559, 0
0, 116079946, 0
0, 116417549, 0
0, 116387409, 0
0, 116266086, 0
0, 116180546, 0
0, 116428999, 0
0, 116440401, 0
0, 116456440, 0
0, 116473247, 0
0, 116598372, 0
0, 116596911, 0
0, 116525373, 0
Waiting for the board to finish...
       c0: 5	c1: 5	c2: 5	c3: 5	c4: 5	c5: 5	c6: 5	c7: 5	c8: 5	c9: 5	c10: 5	c11: 5	c13: 5	c14: 5	c15: 5	
Read data from board
0, 115928424, 0
0, 115967487, 0
0, 115996790, 0
0, 116078174, 0
0, 116415800, 0
0, 116385672, 0
0, 116264321, 0
0, 116178706, 0
0, 116427213, 0
0, 116438607, 0
0, 116454608, 0
0, 116471437, 0
0, 116596493, 0
0, 116595022, 0
0, 116523466, 0
Waiting for the board to finish...
       c0: 5	c1: 5	c2: 5	c3: 5	c4: 5	c5: 5	c6: 5	c7: 5	c8: 5	c9: 5	c10: 5	c11: 5	c13: 5	c14: 5	c15: 5	
Read data from board
0, 115928207, 0
0, 115967328, 0
0, 115996633, 0
0, 116079317, 0
0, 116415766, 0
0, 116385658, 0
0, 116264243, 0
0, 116178653, 0
0, 116427171, 0
0, 116438536, 0
0, 116454548, 0
0, 116471373, 0
0, 116596523, 0
0, 116595060, 0
0, 116523483, 0
Waiting for the board to finish...
       c0: 5	c1: 5	c2: 5	c3: 5	c4: 5	c5: 5	c6: 5	c7: 5	c8: 5	c9: 5	c10: 5	c11: 5	c13: 5	c14: 5	c15: 5	
Read data from board
0, 115932394, 0
0, 115971178, 0
0, 116000519, 0
0, 116083166, 0
0, 116419374, 0
0, 116389267, 0
0, 116267949, 0
0, 116182405, 0
0, 116430831, 0
0, 116442253, 0
0, 116458265, 0
0, 116475090, 0
0, 116600175, 0
0, 116598707, 0
0, 116527153, 0
Waiting for the board to finish...
       c0: 5	c1: 5	c2: 5	c3: 5	c4: 5	c5: 5	c6: 5	c7: 5	c8: 5	c9: 5	c10: 5	c11: 5	c13: 5	c14: 5	c15: 5	
Read data from board
0, 115931018, 0
0, 115970177, 0
0, 115999484, 0
0, 116080727, 0
0, 116418550, 0
0, 116388440, 0
0, 116267039, 0
0, 116181387, 0
0, 116429998, 0
0, 116441406, 0
0, 116457400, 0
0, 116474249, 0
0, 116599349, 0
0, 116597894, 0
0, 116526342, 0
Waiting for the board to finish...
       c0: 5	c1: 5	c2: 5	c3: 5	c4: 5	c5: 5	c6: 5	c7: 5	c8: 5	c9: 5	c10: 5	c11: 5	c13: 5	c14: 5	c15: 5	
Read data from board
0, 115931532, 0
0, 115970669, 0
0, 115999999, 0
0, 116081291, 0
0, 116418885, 0
0, 116388773, 0
0, 116267490, 0
0, 116181864, 0
0, 116430325, 0
0, 116441745, 0
0, 116457756, 0
0, 116474590, 0
0, 116599673, 0
0, 116598218, 0
0, 116526673, 0
Waiting for the board to finish...
       c0: 5	c1: 5	c2: 5	c3: 5	c4: 5	c5: 5	c6: 5	c7: 5	c8: 5	c9: 5	c10: 5	c11: 5	c13: 5	c14: 5	c15: 5	
Read data from board
0, 115929149, 0
0, 115968281, 0
0, 115997592, 0
0, 116080354, 0
0, 116416731, 0
0, 116386633, 0
0, 116265253, 0
0, 116179655, 0
0, 116428171, 0
0, 116439575, 0
0, 116455590, 0
0, 116472395, 0
0, 116597563, 0
0, 116596103, 0
0, 116524553, 0
Average:
0, 115930039, 0
0, 115969051, 0
0, 115998361, 0
0, 116080519, 0
0, 116417385, 0
0, 116387271, 0
0, 116265904, 0
0, 116180316, 0
0, 116428819, 0
0, 116440221, 0
0, 116456231, 0
0, 116473054, 0
0, 116598172, 0
0, 116596709, 0
0, 116525156, 0
