Host is running ...
size: 64000
Waiting for the board to finish...
       c0: 5	c1: 5	c2: 5	c3: 5	c4: 5	c5: 5	c6: 5	c7: 5	c8: 5	c9: 5	c10: 5	c11: 5	c13: 5	c14: 5	c15: 5	
Read data from board
0, 60198000, 0
0, 60382347, 0
0, 60449343, 0
0, 60506087, 0
0, 61265325, 0
0, 61078739, 0
0, 60712455, 0
0, 60612346, 0
0, 61334495, 0
0, 61391447, 0
0, 61496162, 0
0, 61597612, 0
0, 62204056, 0
0, 62178288, 0
0, 61826153, 0
Waiting for the board to finish...
       c0: 5	c1: 5	c2: 5	c3: 5	c4: 5	c5: 5	c6: 5	c7: 5	c8: 5	c9: 5	c10: 5	c11: 5	c13: 5	c14: 5	c15: 5	
Read data from board
0, 60197141, 0
0, 60381491, 0
0, 60448481, 0
0, 60505227, 0
0, 61264485, 0
0, 61077904, 0
0, 60711680, 0
0, 60611581, 0
0, 61333703, 0
0, 61390656, 0
0, 61495377, 0
0, 61596849, 0
0, 62203316, 0
0, 62177568, 0
0, 61825427, 0
Waiting for the board to finish...
       c0: 5	c1: 5	c2: 5	c3: 5	c4: 5	c5: 5	c6: 5	c7: 5	c8: 5	c9: 5	c10: 5	c11: 5	c13: 5	c14: 5	c15: 5	
Read data from board
0, 60197948, 0
0, 60382290, 0
0, 60449288, 0
0, 60506038, 0
0, 61265091, 0
0, 61078523, 0
0, 60712489, 0
0, 60612375, 0
0, 61334312, 0
0, 61391253, 0
0, 61495969, 0
0, 61597404, 0
0, 62203878, 0
0, 62178118, 0
0, 61825994, 0
Waiting for the board to finish...
       c0: 5	c1: 5	c2: 5	c3: 5	c4: 5	c5: 5	c6: 5	c7: 5	c8: 5	c9: 5	c10: 5	c11: 5	c13: 5	c14: 5	c15: 5	
Read data from board
0, 60197818, 0
0, 60382142, 0
0, 60449130, 0
0, 60505879, 0
0, 61265084, 0
0, 61078569, 0
0, 60712298, 0
0, 60612209, 0
0, 61334301, 0
0, 61391254, 0
0, 61495977, 0
0, 61597418, 0
0, 62203855, 0
0, 62178093, 0
0, 61825951, 0
Waiting for the board to finish...
       c0: 5	c1: 5	c2: 5	c3: 5	c4: 5	c5: 5	c6: 5	c7: 5	c8: 5	c9: 5	c10: 5	c11: 5	c13: 5	c14: 5	c15: 5	
Read data from board
0, 60197546, 0
0, 60381902, 0
0, 60448903, 0
0, 60505662, 0
0, 61264881, 0
0, 61078295, 0
0, 60712049, 0
0, 60611972, 0
0, 61334097, 0
0, 61391043, 0
0, 61495783, 0
0, 61597227, 0
0, 62203723, 0
0, 62177967, 0
0, 61825834, 0
Waiting for the board to finish...
       c0: 5	c1: 5	c2: 5	c3: 5	c4: 5	c5: 5	c6: 5	c7: 5	c8: 5	c9: 5	c10: 5	c11: 5	c13: 5	c14: 5	c15: 5	
Read data from board
0, 60197118, 0
0, 60381460, 0
0, 60448464, 0
0, 60505215, 0
0, 61264530, 0
0, 61077948, 0
0, 60711652, 0
0, 60611556, 0
0, 61333728, 0
0, 61390678, 0
0, 61495411, 0
0, 61596875, 0
0, 62203345, 0
0, 62177591, 0
0, 61825458, 0
Waiting for the board to finish...
       c0: 5	c1: 5	c2: 5	c3: 5	c4: 5	c5: 5	c6: 5	c7: 5	c8: 5	c9: 5	c10: 5	c11: 5	c13: 5	c14: 5	c15: 5	
Read data from board
0, 60197586, 0
0, 60381940, 0
0, 60448930, 0
0, 60505678, 0
0, 61264966, 0
0, 61078376, 0
0, 60712068, 0
0, 60611973, 0
0, 61334142, 0
0, 61391097, 0
0, 61495822, 0
0, 61597240, 0
0, 62203686, 0
0, 62177916, 0
0, 61825782, 0
Waiting for the board to finish...
       c0: 5	c1: 5	c2: 5	c3: 5	c4: 5	c5: 5	c6: 5	c7: 5	c8: 5	c9: 5	c10: 5	c11: 5	c13: 5	c14: 5	c15: 5	
Read data from board
0, 60198125, 0
0, 60382486, 0
0, 60449493, 0
0, 60506257, 0
0, 61265630, 0
0, 61079049, 0
0, 60712679, 0
0, 60612561, 0
0, 61334822, 0
0, 61391791, 0
0, 61496514, 0
0, 61597960, 0
0, 62204399, 0
0, 62178655, 0
0, 61826519, 0
Waiting for the board to finish...
       c0: 5	c1: 5	c2: 5	c3: 5	c4: 5	c5: 5	c6: 5	c7: 5	c8: 5	c9: 5	c10: 5	c11: 5	c13: 5	c14: 5	c15: 5	
Read data from board
0, 60196909, 0
0, 60381287, 0
0, 60448289, 0
0, 60505036, 0
0, 61264309, 0
0, 61077790, 0
0, 60711460, 0
0, 60611363, 0
0, 61333519, 0
0, 61390495, 0
0, 61495200, 0
0, 61596654, 0
0, 62203112, 0
0, 62177366, 0
0, 61825226, 0
Waiting for the board to finish...
       c0: 5	c1: 5	c2: 5	c3: 5	c4: 5	c5: 5	c6: 5	c7: 5	c8: 5	c9: 5	c10: 5	c11: 5	c13: 5	c14: 5	c15: 5	
Read data from board
0, 60196939, 0
0, 60381255, 0
0, 60448238, 0
0, 60504994, 0
0, 61264288, 0
0, 61077668, 0
0, 60711427, 0
0, 60611304, 0
0, 61333460, 0
0, 61390404, 0
0, 61495125, 0
0, 61596566, 0
0, 62203060, 0
0, 62177302, 0
0, 61825147, 0
Average:
0, 60197513, 0
0, 60381860, 0
0, 60448855, 0
0, 60505607, 0
0, 61264858, 0
0, 61078286, 0
0, 60712025, 0
0, 60611924, 0
0, 61334057, 0
0, 61391011, 0
0, 61495734, 0
0, 61597180, 0
0, 62203643, 0
0, 62177886, 0
0, 61825749, 0
