Host is running ...
size: 64000
Waiting for the board to finish...
       c0: 5	c1: 5	c2: 5	c3: 5	c4: 5	c5: 5	c6: 5	c7: 5	c8: 5	c9: 5	c10: 5	c11: 5	c13: 5	c14: 5	c15: 5	
Read data from board
33712296, 241256187, 64000
157582910, 241264388, 128000
187887567, 241475529, 64000
201902960, 241491446, 64000
196961214, 242622410, 128000
191904420, 242589153, 64000
207947272, 242024173, 64000
204636730, 241756159, 64000
196805212, 242959501, 64000
211044204, 242976766, 64000
213933337, 243427011, 64000
217757729, 243900976, 64000
0, 245337002, 0
182509969, 245247173, 64000
220208624, 244401270, 64000
Waiting for the board to finish...
       c0: 5	c1: 5	c2: 5	c3: 5	c4: 5	c5: 5	c6: 5	c7: 5	c8: 5	c9: 5	c10: 5	c11: 5	c13: 5	c14: 5	c15: 5	
Read data from board
33687518, 241229950, 64000
157532597, 241238025, 128000
187836227, 241451496, 64000
201897357, 241467654, 64000
196958495, 242598397, 128000
191901028, 242565201, 64000
207947931, 242000544, 64000
204637767, 241731858, 64000
196828085, 242935064, 64000
211019056, 242952759, 64000
213954601, 243403124, 64000
217756582, 243875433, 64000
0, 245308862, 0
182487747, 245220397, 64000
220202404, 244376400, 64000
Waiting for the board to finish...
       c0: 5	c1: 5	c2: 5	c3: 5	c4: 5	c5: 5	c6: 5	c7: 5	c8: 5	c9: 5	c10: 5	c11: 5	c13: 5	c14: 5	c15: 5	
Read data from board
33676585, 241245746, 64000
157550648, 241253949, 128000
187856906, 241466599, 64000
201928467, 241482854, 64000
196951776, 242613961, 128000
191906740, 242580731, 64000
207941738, 242015764, 64000
204632084, 241747095, 64000
196790417, 242950660, 64000
211051599, 242967880, 64000
213958338, 243418785, 64000
217754148, 243889960, 64000
0, 245331879, 0
182510681, 245243363, 64000
220267080, 244391574, 64000
Waiting for the board to finish...
       c0: 5	c1: 5	c2: 5	c3: 5	c4: 5	c5: 5	c6: 5	c7: 5	c8: 5	c9: 5	c10: 5	c11: 5	c13: 5	c14: 5	c15: 5	
Read data from board
33761256, 241273027, 64000
157563160, 241281321, 128000
187870214, 241493677, 64000
201941210, 241509964, 64000
196945195, 242640557, 128000
191904794, 242607377, 64000
207950508, 242042621, 64000
204645422, 241774567, 64000
196829191, 242977595, 64000
211034122, 242995215, 64000
213960417, 243445370, 64000
217789031, 243917700, 64000
0, 245361621, 0
182533403, 245272147, 64000
220241126, 244419504, 64000
Waiting for the board to finish...
       c0: 5	c1: 5	c2: 5	c3: 5	c4: 5	c5: 5	c6: 5	c7: 5	c8: 5	c9: 5	c10: 5	c11: 5	c13: 5	c14: 5	c15: 5	
Read data from board
33754010, 241272895, 64000
157585319, 241281255, 128000
187907019, 241492793, 64000
201953322, 241508845, 64000
196985049, 242640679, 128000
191939357, 242607451, 64000
207972987, 242042266, 64000
204689038, 241773223, 64000
196823632, 242977644, 64000
211064093, 242994930, 64000
213951471, 243445810, 64000
217745002, 243917093, 64000
0, 245361261, 0
182529941, 245270518, 64000
220215727, 244419523, 64000
Waiting for the board to finish...
       c0: 5	c1: 5	c2: 5	c3: 5	c4: 5	c5: 5	c6: 5	c7: 5	c8: 5	c9: 5	c10: 5	c11: 5	c13: 5	c14: 5	c15: 5	
Read data from board
33711414, 241260567, 64000
157598395, 241268608, 128000
187902936, 241481496, 64000
201919507, 241497402, 64000
197000790, 242628268, 128000
191942990, 242595263, 64000
207986679, 242030680, 64000
204696076, 241762013, 64000
196818086, 242965655, 64000
211086643, 242983056, 64000
213990056, 243433301, 64000
217758906, 243903939, 64000
0, 245340281, 0
182512732, 245251202, 64000
220242675, 244406097, 64000
Waiting for the board to finish...
       c0: 5	c1: 5	c2: 5	c3: 5	c4: 5	c5: 5	c6: 5	c7: 5	c8: 5	c9: 5	c10: 5	c11: 5	c13: 5	c14: 5	c15: 5	
Read data from board
33688176, 241236225, 64000
157564412, 241244827, 128000
187878882, 241457549, 64000
201950251, 241473757, 64000
196986685, 242604354, 128000
191918490, 242571349, 64000
207979442, 242007088, 64000
204656965, 241738308, 64000
196846145, 242941323, 64000
211057925, 242959104, 64000
213999721, 243409761, 64000
217778719, 243880637, 64000
0, 245320963, 0
182496180, 245228830, 64000
220262497, 244382750, 64000
Waiting for the board to finish...
       c0: 5	c1: 5	c2: 5	c3: 5	c4: 5	c5: 5	c6: 5	c7: 5	c8: 5	c9: 5	c10: 5	c11: 5	c13: 5	c14: 5	c15: 5	
Read data from board
33725930, 241287040, 64000
157600892, 241295401, 128000
187934534, 241507935, 64000
201976428, 241524011, 64000
197038725, 242654430, 128000
191976346, 242621389, 64000
208018724, 242056788, 64000
204757099, 241788154, 64000
196876173, 242991322, 64000
211112919, 243008888, 64000
214045509, 243459464, 64000
217836544, 243930924, 64000
0, 245373162, 0
182537903, 245281438, 64000
220256117, 244432479, 64000
Waiting for the board to finish...
       c0: 5	c1: 5	c2: 5	c3: 5	c4: 5	c5: 5	c6: 5	c7: 5	c8: 5	c9: 5	c10: 5	c11: 5	c13: 5	c14: 5	c15: 5	
Read data from board
33631809, 241209682, 64000
157529003, 241217956, 128000
187820347, 241430505, 64000
201880326, 241446640, 64000
196927975, 242577407, 128000
191881541, 242544176, 64000
207907876, 241979642, 64000
204669068, 241711276, 64000
196776614, 242914085, 64000
211022039, 242931364, 64000
213920989, 243382285, 64000
217732491, 243854351, 64000
0, 245293502, 0
182468937, 245203554, 64000
220235281, 244356711, 64000
Waiting for the board to finish...
       c0: 5	c1: 5	c2: 5	c3: 5	c4: 5	c5: 5	c6: 5	c7: 5	c8: 5	c9: 5	c10: 5	c11: 5	c13: 5	c14: 5	c15: 5	
Read data from board
33761852, 241295408, 64000
157620887, 241303663, 128000
187934186, 241516390, 64000
202012224, 241532671, 64000
197026793, 242663767, 128000
191976293, 242630524, 64000
208035047, 242065992, 64000
204720709, 241797612, 64000
196880818, 243000564, 64000
211093708, 243018054, 64000
213992675, 243468472, 64000
217805866, 243943922, 64000
0, 245387180, 0
182565826, 245299029, 64000
220278965, 244446937, 64000
Average:
33711084, 241256672, 64000
157572822, 241264939, 128000
187882881, 241477396, 64000
201936205, 241493524, 64000
196978269, 242624423, 128000
191925199, 242591261, 64000
207968820, 242026555, 64000
204674095, 241758026, 64000
196827437, 242961341, 64000
211058630, 242978801, 64000
213970711, 243429338, 64000
217771501, 243901493, 64000
0, 245341571, 0
182515331, 245251765, 64000
220241049, 244403324, 64000
