Host is running ...
size: 64000
Waiting for the board to finish...
       c0: 5	c1: 5	c2: 5	c3: 5	c4: 5	c5: 5	c6: 5	c7: 5	c8: 5	c9: 5	c10: 5	c11: 5	c13: 5	c14: 5	c15: 5	
Read data from board
54178092, 67378392, 64000
32036039, 67571652, 128000
15163189, 67572785, 64000
15178254, 67574889, 64000
30023805, 67645334, 128000
13810792, 67607476, 64000
14557719, 67580856, 64000
14973452, 67579419, 64000
15033323, 67648295, 64000
15272742, 67650403, 64000
14880663, 67653116, 64000
15134174, 67655703, 64000
0, 67696606, 0
15099471, 67696957, 64000
14145281, 67659611, 64000
Waiting for the board to finish...
       c0: 5	c1: 5	c2: 5	c3: 5	c4: 5	c5: 5	c6: 5	c7: 5	c8: 5	c9: 5	c10: 5	c11: 5	c13: 5	c14: 5	c15: 5	
Read data from board
54177182, 67377482, 64000
32034802, 67570745, 128000
15161998, 67571874, 64000
15176822, 67573995, 64000
30024985, 67644478, 128000
13807533, 67606663, 64000
14557431, 67579983, 64000
14974968, 67578537, 64000
15034882, 67647438, 64000
15271995, 67649547, 64000
14879955, 67652276, 64000
15132668, 67654871, 64000
0, 67695747, 0
14901193, 67696100, 64000
14174239, 67658753, 64000
Waiting for the board to finish...
       c0: 5	c1: 5	c2: 5	c3: 5	c4: 5	c5: 5	c6: 5	c7: 5	c8: 5	c9: 5	c10: 5	c11: 5	c13: 5	c14: 5	c15: 5	
Read data from board
54176157, 67376457, 64000
32034160, 67569729, 128000
15163574, 67570866, 64000
15177316, 67572989, 64000
30024269, 67643186, 128000
13809623, 67605614, 64000
14558683, 67579012, 64000
14972245, 67577574, 64000
15032771, 67646195, 64000
15271701, 67648321, 64000
14878681, 67651069, 64000
15133794, 67653660, 64000
0, 67694598, 0
14900924, 67694963, 64000
14175476, 67657603, 64000
Waiting for the board to finish...
       c0: 5	c1: 5	c2: 5	c3: 5	c4: 5	c5: 5	c6: 5	c7: 5	c8: 5	c9: 5	c10: 5	c11: 5	c13: 5	c14: 5	c15: 5	
Read data from board
54176079, 67376379, 64000
32035015, 67569679, 128000
15160304, 67570822, 64000
15177807, 67572936, 64000
30025575, 67643553, 128000
13808286, 67605511, 64000
14555619, 67578860, 64000
14973737, 67577475, 64000
15033944, 67646542, 64000
15271622, 67648681, 64000
14878151, 67651412, 64000
15133162, 67654012, 64000
0, 67694941, 0
14900828, 67695306, 64000
14174941, 67657964, 64000
Waiting for the board to finish...
       c0: 5	c1: 5	c2: 5	c3: 5	c4: 5	c5: 5	c6: 5	c7: 5	c8: 5	c9: 5	c10: 5	c11: 5	c13: 5	c14: 5	c15: 5	
Read data from board
54178070, 67378370, 64000
32036430, 67571722, 128000
15163474, 67572861, 64000
15176361, 67574968, 64000
30023581, 67645147, 128000
13811190, 67607663, 64000
14557294, 67581015, 64000
14971050, 67579557, 64000
15033625, 67648159, 64000
15271799, 67650277, 64000
14880292, 67652990, 64000
15132231, 67655611, 64000
0, 67696503, 0
14899779, 67696850, 64000
14175216, 67659498, 64000
Waiting for the board to finish...
       c0: 5	c1: 5	c2: 5	c3: 5	c4: 5	c5: 5	c6: 5	c7: 5	c8: 5	c9: 5	c10: 5	c11: 5	c13: 5	c14: 5	c15: 5	
Read data from board
54176218, 67376518, 64000
32035084, 67569879, 128000
15159839, 67571022, 64000
15177273, 67573134, 64000
30024728, 67643515, 128000
13810077, 67605791, 64000
14556718, 67579137, 64000
14973091, 67577719, 64000
15033313, 67646527, 64000
15271501, 67648610, 64000
14880140, 67651346, 64000
15131739, 67653926, 64000
0, 67694820, 0
14899555, 67695183, 64000
14176067, 67657826, 64000
Waiting for the board to finish...
       c0: 5	c1: 5	c2: 5	c3: 5	c4: 5	c5: 5	c6: 5	c7: 5	c8: 5	c9: 5	c10: 5	c11: 5	c13: 5	c14: 5	c15: 5	
Read data from board
54176245, 67376545, 64000
32033721, 67569903, 128000
15163915, 67571050, 64000
15177285, 67573176, 64000
30024100, 67643584, 128000
13810132, 67605796, 64000
14557171, 67579131, 64000
14973246, 67577753, 64000
15032251, 67646582, 64000
15274372, 67648683, 64000
14880442, 67651410, 64000
15133131, 67654026, 64000
0, 67695011, 0
14900099, 67695366, 64000
14174366, 67657960, 64000
Waiting for the board to finish...
       c0: 5	c1: 5	c2: 5	c3: 5	c4: 5	c5: 5	c6: 5	c7: 5	c8: 5	c9: 5	c10: 5	c11: 5	c13: 5	c14: 5	c15: 5	
Read data from board
54177692, 67377992, 64000
32034824, 67571305, 128000
15164225, 67572440, 64000
15179148, 67574560, 64000
30024977, 67644915, 128000
13808654, 67607191, 64000
14558719, 67580503, 64000
14972465, 67579091, 64000
15032793, 67647862, 64000
15271931, 67649961, 64000
14880016, 67652686, 64000
15133099, 67655277, 64000
0, 67696220, 0
14900314, 67696554, 64000
14175350, 67659175, 64000
Waiting for the board to finish...
       c0: 5	c1: 5	c2: 5	c3: 5	c4: 5	c5: 5	c6: 5	c7: 5	c8: 5	c9: 5	c10: 5	c11: 5	c13: 5	c14: 5	c15: 5	
Read data from board
54177806, 67378106, 64000
32036033, 67571359, 128000
15163070, 67572504, 64000
15177349, 67574609, 64000
30026383, 67645065, 128000
13810951, 67607180, 64000
14557112, 67580592, 64000
14973927, 67579183, 64000
15037572, 67648068, 64000
15269455, 67650183, 64000
14881454, 67652919, 64000
15133815, 67655479, 64000
0, 67696409, 0
14899433, 67696781, 64000
14175037, 67659425, 64000
Waiting for the board to finish...
       c0: 5	c1: 5	c2: 5	c3: 5	c4: 5	c5: 5	c6: 5	c7: 5	c8: 5	c9: 5	c10: 5	c11: 5	c13: 5	c14: 5	c15: 5	
Read data from board
54177343, 67377643, 64000
32035129, 67570903, 128000
15162861, 67572015, 64000
15177658, 67574127, 64000
30024331, 67644276, 128000
13807427, 67606746, 64000
14557748, 67580108, 64000
14972755, 67578666, 64000
15034200, 67647239, 64000
15271559, 67649328, 64000
14881077, 67652066, 64000
15133103, 67654673, 64000
0, 67695605, 0
14900935, 67695950, 64000
14175143, 67658582, 64000
Average:
54177088, 67377388, 64000
32035123, 67570687, 128000
15162644, 67571823, 64000
15177527, 67573938, 64000
30024673, 67644305, 128000
13809466, 67606563, 64000
14557421, 67579919, 64000
14973093, 67578497, 64000
15033867, 67647290, 64000
15271867, 67649399, 64000
14880087, 67652129, 64000
15133091, 67654723, 64000
0, 67695646, 0
14920253, 67696001, 64000
14172111, 67658639, 64000
