Host is running ...
size: 64000
Waiting for the board to finish...
       c0: 5	c1: 5	c2: 5	c3: 5	c4: 5	c5: 5	c6: 5	c7: 5	c8: 5	c9: 5	c10: 5	c11: 5	c13: 5	c14: 5	c15: 5	
Read data from board
53973413, 67173713, 64000
32037007, 67558362, 128000
15169030, 67559537, 64000
15183304, 67561649, 64000
30033026, 67633999, 128000
13816160, 67594215, 64000
14560557, 67567599, 64000
14979517, 67566210, 64000
15036401, 67636996, 64000
15280858, 67639118, 64000
14884572, 67641845, 64000
15139224, 67644456, 64000
0, 67685363, 0
15107774, 67685726, 64000
14147875, 67648387, 64000
Waiting for the board to finish...
       c0: 5	c1: 5	c2: 5	c3: 5	c4: 5	c5: 5	c6: 5	c7: 5	c8: 5	c9: 5	c10: 5	c11: 5	c13: 5	c14: 5	c15: 5	
Read data from board
53972578, 67172878, 64000
32036046, 67557500, 128000
15166534, 67558653, 64000
15184100, 67560761, 64000
30036107, 67633288, 128000
13817276, 67593311, 64000
14562400, 67566712, 64000
14978805, 67565329, 64000
15038642, 67636282, 64000
15278345, 67638404, 64000
14884094, 67641154, 64000
15139155, 67643735, 64000
0, 67684665, 0
14902943, 67685028, 64000
14179429, 67647677, 64000
Waiting for the board to finish...
       c0: 5	c1: 5	c2: 5	c3: 5	c4: 5	c5: 5	c6: 5	c7: 5	c8: 5	c9: 5	c10: 5	c11: 5	c13: 5	c14: 5	c15: 5	
Read data from board
53974410, 67174710, 64000
32037818, 67559316, 128000
15168957, 67560456, 64000
15184771, 67562563, 64000
30036950, 67635187, 128000
13816341, 67595238, 64000
14559488, 67568560, 64000
14980358, 67567109, 64000
15038387, 67638159, 64000
15278959, 67640275, 64000
14885516, 67643005, 64000
15141475, 67645599, 64000
0, 67686512, 0
14901778, 67686877, 64000
14179790, 67649487, 64000
Waiting for the board to finish...
       c0: 5	c1: 5	c2: 5	c3: 5	c4: 5	c5: 5	c6: 5	c7: 5	c8: 5	c9: 5	c10: 5	c11: 5	c13: 5	c14: 5	c15: 5	
Read data from board
53971483, 67171783, 64000
32036162, 67556394, 128000
15167400, 67557494, 64000
15183388, 67559618, 64000
30034198, 67632257, 128000
13816651, 67592323, 64000
14560078, 67565604, 64000
14977052, 67564165, 64000
15039704, 67635229, 64000
15277988, 67637341, 64000
14883274, 67640080, 64000
15140059, 67642673, 64000
0, 67683587, 0
14901726, 67683942, 64000
14179759, 67646583, 64000
Waiting for the board to finish...
       c0: 5	c1: 5	c2: 5	c3: 5	c4: 5	c5: 5	c6: 5	c7: 5	c8: 5	c9: 5	c10: 5	c11: 5	c13: 5	c14: 5	c15: 5	
Read data from board
53974683, 67174983, 64000
32037956, 67559615, 128000
15168955, 67560744, 64000
15183967, 67562846, 64000
30033277, 67635244, 128000
13816083, 67595421, 64000
14563563, 67568791, 64000
14979126, 67567365, 64000
15039335, 67638191, 64000
15278644, 67640294, 64000
14884084, 67643036, 64000
15139530, 67645648, 64000
0, 67686580, 0
14902115, 67686943, 64000
14179693, 67649563, 64000
Waiting for the board to finish...
       c0: 5	c1: 5	c2: 5	c3: 5	c4: 5	c5: 5	c6: 5	c7: 5	c8: 5	c9: 5	c10: 5	c11: 5	c13: 5	c14: 5	c15: 5	
Read data from board
53971396, 67171696, 64000
32036259, 67556308, 128000
15167385, 67557455, 64000
15184270, 67559564, 64000
30033413, 67632205, 128000
13818062, 67592236, 64000
14560660, 67565557, 64000
14979289, 67564146, 64000
15039343, 67635171, 64000
15278119, 67637295, 64000
14884691, 67640021, 64000
15140466, 67642600, 64000
0, 67683534, 0
14900231, 67683884, 64000
14180173, 67646521, 64000
Waiting for the board to finish...
       c0: 5	c1: 5	c2: 5	c3: 5	c4: 5	c5: 5	c6: 5	c7: 5	c8: 5	c9: 5	c10: 5	c11: 5	c13: 5	c14: 5	c15: 5	
Read data from board
53971004, 67171304, 64000
32035806, 67555935, 128000
15167424, 67557074, 64000
15184748, 67559192, 64000
30034153, 67631505, 128000
13816831, 67591851, 64000
14560941, 67565181, 64000
14979587, 67563773, 64000
15038137, 67634490, 64000
15279189, 67636619, 64000
14883413, 67639369, 64000
15139847, 67641983, 64000
0, 67682931, 0
14900110, 67683288, 64000
14179321, 67645923, 64000
Waiting for the board to finish...
       c0: 5	c1: 5	c2: 5	c3: 5	c4: 5	c5: 5	c6: 5	c7: 5	c8: 5	c9: 5	c10: 5	c11: 5	c13: 5	c14: 5	c15: 5	
Read data from board
53971561, 67171861, 64000
32037009, 67556398, 128000
15165452, 67557537, 64000
15183922, 67559653, 64000
30035562, 67632247, 128000
13816198, 67592292, 64000
14561656, 67565631, 64000
14980484, 67564215, 64000
15038688, 67635238, 64000
15280414, 67637330, 64000
14885231, 67640076, 64000
15138913, 67642683, 64000
0, 67683639, 0
14901440, 67683994, 64000
14180659, 67646613, 64000
Waiting for the board to finish...
       c0: 5	c1: 5	c2: 5	c3: 5	c4: 5	c5: 5	c6: 5	c7: 5	c8: 5	c9: 5	c10: 5	c11: 5	c13: 5	c14: 5	c15: 5	
Read data from board
53972782, 67173082, 64000
32036440, 67557623, 128000
15168367, 67558777, 64000
15183567, 67560940, 64000
30035831, 67633541, 128000
13818135, 67593562, 64000
14561060, 67566948, 64000
14979178, 67565500, 64000
15039794, 67636532, 64000
15277150, 67638614, 64000
14884946, 67641359, 64000
15140298, 67643946, 64000
0, 67684867, 0
14900327, 67685226, 64000
14180622, 67647883, 64000
Waiting for the board to finish...
       c0: 5	c1: 5	c2: 5	c3: 5	c4: 5	c5: 5	c6: 5	c7: 5	c8: 5	c9: 5	c10: 5	c11: 5	c13: 5	c14: 5	c15: 5	
Read data from board
53972179, 67172479, 64000
32036269, 67557210, 128000
15168121, 67558341, 64000
15183381, 67560440, 64000
30035345, 67633003, 128000
13815961, 67593075, 64000
14562066, 67566456, 64000
14978111, 67565031, 64000
15039233, 67636041, 64000
15278738, 67638163, 64000
14885072, 67640924, 64000
15140001, 67643534, 64000
0, 67684446, 0
14902887, 67684811, 64000
14179969, 67647468, 64000
Average:
53972548, 67172848, 64000
32036677, 67557466, 128000
15167762, 67558606, 64000
15183941, 67560722, 64000
30034786, 67633247, 128000
13816769, 67593352, 64000
14561246, 67566703, 64000
14979150, 67565284, 64000
15038766, 67636232, 64000
15278840, 67638345, 64000
14884489, 67641086, 64000
15139896, 67643685, 64000
0, 67684612, 0
14922133, 67684971, 64000
14176729, 67647610, 64000
