Host is running ...
size: 64000
Waiting for the board to finish...
       c0: 5	c1: 5	c2: 5	c3: 5	c4: 5	c5: 5	c6: 5	c7: 5	c8: 5	c9: 5	c10: 5	c11: 5	c13: 5	c14: 5	c15: 5	
Read data from board
24219670, 232086459, 64000
87886167, 232773027, 128000
135868954, 233289782, 64000
149400569, 234012597, 64000
174457415, 239484057, 128000
164472648, 238833135, 64000
170327241, 237203877, 64000
162991591, 235672917, 64000
165100260, 240500665, 64000
179606503, 241970404, 64000
195890999, 244576924, 64000
204652534, 247320886, 64000
0, 252401383, 0
188128253, 252141493, 64000
213048218, 249888388, 64000
Waiting for the board to finish...
       c0: 5	c1: 5	c2: 5	c3: 5	c4: 5	c5: 5	c6: 5	c7: 5	c8: 5	c9: 5	c10: 5	c11: 5	c13: 5	c14: 5	c15: 5	
Read data from board
24236186, 232089409, 64000
87898008, 232775052, 128000
135884410, 233289705, 64000
149390860, 234009665, 64000
174390455, 239480208, 128000
164396464, 238830599, 64000
170241058, 237200056, 64000
162923036, 235671202, 64000
165026190, 240497446, 64000
179517113, 241969231, 64000
195867713, 244574538, 64000
204613155, 247319153, 64000
0, 252393716, 0
188122518, 252133657, 64000
213058704, 249888985, 64000
Waiting for the board to finish...
       c0: 5	c1: 5	c2: 5	c3: 5	c4: 5	c5: 5	c6: 5	c7: 5	c8: 5	c9: 5	c10: 5	c11: 5	c13: 5	c14: 5	c15: 5	
Read data from board
24224677, 232103065, 64000
87943302, 232788551, 128000
135954381, 233303452, 64000
149449417, 234025171, 64000
174534935, 239500315, 128000
164530296, 238850714, 64000
170359848, 237222966, 64000
163003056, 235689562, 64000
165168791, 240516967, 64000
179659397, 241987743, 64000
195953053, 244594077, 64000
204691820, 247338831, 64000
0, 252424922, 0
188151746, 252163707, 64000
213078094, 249906285, 64000
Waiting for the board to finish...
       c0: 5	c1: 5	c2: 5	c3: 5	c4: 5	c5: 5	c6: 5	c7: 5	c8: 5	c9: 5	c10: 5	c11: 5	c13: 5	c14: 5	c15: 5	
Read data from board
24224570, 232101633, 64000
87968976, 232786162, 128000
136006296, 233299853, 64000
149500622, 234019079, 64000
174541312, 239496912, 128000
164521196, 238845285, 64000
170388139, 237214783, 64000
163043425, 235681509, 64000
165174789, 240513072, 64000
179633607, 241984156, 64000
195899179, 244589288, 64000
204632022, 247337103, 64000
0, 252397833, 0
188130509, 252134357, 64000
213066241, 249904556, 64000
Waiting for the board to finish...
       c0: 5	c1: 5	c2: 5	c3: 5	c4: 5	c5: 5	c6: 5	c7: 5	c8: 5	c9: 5	c10: 5	c11: 5	c13: 5	c14: 5	c15: 5	
Read data from board
24228922, 232092268, 64000
87974861, 232780125, 128000
136027791, 233294588, 64000
149533957, 234015087, 64000
174559611, 239489014, 128000
164571516, 238839456, 64000
170431822, 237209261, 64000
163087594, 235679320, 64000
165186152, 240506090, 64000
179645271, 241977095, 64000
195915564, 244583276, 64000
204647681, 247328450, 64000
0, 252400664, 0
188131838, 252138786, 64000
213065538, 249897593, 64000
Waiting for the board to finish...
       c0: 5	c1: 5	c2: 5	c3: 5	c4: 5	c5: 5	c6: 5	c7: 5	c8: 5	c9: 5	c10: 5	c11: 5	c13: 5	c14: 5	c15: 5	
Read data from board
24219983, 232097505, 64000
87897708, 232785091, 128000
135892595, 233299607, 64000
149409435, 234020239, 64000
174477401, 239493403, 128000
164488774, 238843922, 64000
170304430, 237212967, 64000
162951981, 235683726, 64000
165117788, 240510943, 64000
179618809, 241982211, 64000
195907511, 244587223, 64000
204652584, 247332909, 64000
0, 252387605, 0
188112809, 252128618, 64000
213080621, 249900792, 64000
Waiting for the board to finish...
       c0: 5	c1: 5	c2: 5	c3: 5	c4: 5	c5: 5	c6: 5	c7: 5	c8: 5	c9: 5	c10: 5	c11: 5	c13: 5	c14: 5	c15: 5	
Read data from board
24216153, 232085814, 64000
87882812, 232772209, 128000
135864060, 233288699, 64000
149374540, 234008967, 64000
174484292, 239480580, 128000
164462841, 238831577, 64000
170295049, 237200486, 64000
162929660, 235669417, 64000
165125544, 240497466, 64000
179633701, 241969302, 64000
195898805, 244574139, 64000
204656862, 247319264, 64000
0, 252403344, 0
188130930, 252140117, 64000
213069790, 249886647, 64000
Waiting for the board to finish...
       c0: 5	c1: 5	c2: 5	c3: 5	c4: 5	c5: 5	c6: 5	c7: 5	c8: 5	c9: 5	c10: 5	c11: 5	c13: 5	c14: 5	c15: 5	
Read data from board
24217337, 232095432, 64000
87895060, 232780691, 128000
135920731, 233296758, 64000
149459620, 234019309, 64000
174531959, 239491184, 128000
164548123, 238840069, 64000
170405713, 237208571, 64000
163030427, 235678580, 64000
165173634, 240507931, 64000
179624029, 241979755, 64000
195922587, 244585141, 64000
204681281, 247330191, 64000
0, 252403602, 0
188135014, 252143715, 64000
213084516, 249897844, 64000
Waiting for the board to finish...
       c0: 5	c1: 5	c2: 5	c3: 5	c4: 5	c5: 5	c6: 5	c7: 5	c8: 5	c9: 5	c10: 5	c11: 5	c13: 5	c14: 5	c15: 5	
Read data from board
24216729, 232086287, 64000
87891765, 232775444, 128000
135887059, 233291272, 64000
149424939, 234010461, 64000
174464221, 239482182, 128000
164471645, 238831196, 64000
170326344, 237201069, 64000
162990559, 235670621, 64000
165096091, 240498448, 64000
179579976, 241970086, 64000
195900118, 244575602, 64000
204647098, 247319580, 64000
0, 252384415, 0
188113025, 252125638, 64000
213036582, 249888300, 64000
Waiting for the board to finish...
       c0: 5	c1: 5	c2: 5	c3: 5	c4: 5	c5: 5	c6: 5	c7: 5	c8: 5	c9: 5	c10: 5	c11: 5	c13: 5	c14: 5	c15: 5	
Read data from board
24213042, 232085457, 64000
87880039, 232774276, 128000
135877173, 233289102, 64000
149401866, 234008801, 64000
174437396, 239481594, 128000
164465897, 238829321, 64000
170305374, 237200959, 64000
162960778, 235670093, 64000
165080230, 240497498, 64000
179569727, 241968611, 64000
195890398, 244573560, 64000
204649158, 247317512, 64000
0, 252373337, 0
188100954, 252111703, 64000
213049847, 249885891, 64000
Average:
24221726, 232092332, 64000
87911869, 232779062, 128000
135918345, 233294281, 64000
149434582, 234014937, 64000
174487899, 239487944, 128000
164492940, 238837527, 64000
170338501, 237207499, 64000
162991210, 235676694, 64000
165124946, 240504652, 64000
179608813, 241975859, 64000
195904592, 244581376, 64000
204652419, 247326387, 64000
0, 252397082, 0
188125759, 252136179, 64000
213063815, 249894528, 64000
