Host is running ...
size: 64000
Waiting for the board to finish...
       c0: 5	c1: 5	c2: 5	c3: 5	c4: 5	c5: 5	c6: 5	c7: 5	c8: 5	c9: 5	c10: 5	c11: 5	c13: 5	c14: 5	c15: 5	
Read data from board
18210850, 226095868, 64000
65313408, 227427557, 128000
93814225, 228773755, 64000
105274936, 230224564, 64000
151432916, 241358329, 128000
138643876, 239606876, 64000
135270904, 236340144, 64000
122164532, 233277048, 64000
143229718, 243408584, 64000
162350991, 245800718, 64000
183403414, 250999127, 64000
199259809, 256530108, 64000
0, 266826748, 0
196685311, 266182200, 64000
214752516, 262349586, 64000
Waiting for the board to finish...
       c0: 5	c1: 5	c2: 5	c3: 5	c4: 5	c5: 5	c6: 5	c7: 5	c8: 5	c9: 5	c10: 5	c11: 5	c13: 5	c14: 5	c15: 5	
Read data from board
18216652, 226102029, 64000
65284770, 227435206, 128000
93749083, 228783549, 64000
105216868, 230233911, 64000
151449915, 241362877, 128000
138632665, 239610583, 64000
135245320, 236344672, 64000
122126004, 233282898, 64000
143247789, 243412988, 64000
162374183, 245804210, 64000
183434070, 251002581, 64000
199284973, 256533137, 64000
0, 266812434, 0
196663563, 266171493, 64000
214766918, 262351904, 64000
Waiting for the board to finish...
       c0: 5	c1: 5	c2: 5	c3: 5	c4: 5	c5: 5	c6: 5	c7: 5	c8: 5	c9: 5	c10: 5	c11: 5	c13: 5	c14: 5	c15: 5	
Read data from board
18204362, 226099589, 64000
65271082, 227430598, 128000
93740066, 228778969, 64000
105196074, 230233967, 64000
151417754, 241363831, 128000
138616375, 239612786, 64000
135243126, 236345958, 64000
122114055, 233284946, 64000
143214656, 243414719, 64000
162340826, 245804342, 64000
183438334, 251004151, 64000
199337224, 256535409, 64000
0, 266830766, 0
196688405, 266194114, 64000
214817639, 262355870, 64000
Waiting for the board to finish...
       c0: 5	c1: 5	c2: 5	c3: 5	c4: 5	c5: 5	c6: 5	c7: 5	c8: 5	c9: 5	c10: 5	c11: 5	c13: 5	c14: 5	c15: 5	
Read data from board
18224973, 226105887, 64000
65343335, 227439007, 128000
93857772, 228786693, 64000
105320453, 230233325, 64000
151466189, 241365352, 128000
138666120, 239612746, 64000
135307295, 236345310, 64000
122228864, 233286335, 64000
143263358, 243413803, 64000
162418611, 245804336, 64000
183452704, 251005331, 64000
199276031, 256540985, 64000
0, 266823034, 0
196679497, 266174717, 64000
214788715, 262359644, 64000
Waiting for the board to finish...
       c0: 5	c1: 5	c2: 5	c3: 5	c4: 5	c5: 5	c6: 5	c7: 5	c8: 5	c9: 5	c10: 5	c11: 5	c13: 5	c14: 5	c15: 5	
Read data from board
18250239, 226112597, 64000
65388119, 227444290, 128000
93900633, 228791073, 64000
105359119, 230240008, 64000
151481976, 241371864, 128000
138731151, 239620153, 64000
135356099, 236350166, 64000
122250161, 233292211, 64000
143277677, 243424288, 64000
162422192, 245813625, 64000
183465241, 251014982, 64000
199294568, 256544909, 64000
0, 266841440, 0
196698024, 266198665, 64000
214807099, 262365102, 64000
Waiting for the board to finish...
       c0: 5	c1: 5	c2: 5	c3: 5	c4: 5	c5: 5	c6: 5	c7: 5	c8: 5	c9: 5	c10: 5	c11: 5	c13: 5	c14: 5	c15: 5	
Read data from board
18206956, 226103497, 64000
65319612, 227436764, 128000
93813669, 228786666, 64000
105261806, 230240817, 64000
151472488, 241374164, 128000
138667294, 239623309, 64000
135288424, 236355128, 64000
122185171, 233291425, 64000
143269135, 243424357, 64000
162419179, 245813826, 64000
183452596, 251014556, 64000
199295823, 256548966, 64000
0, 266851991, 0
196705338, 266204583, 64000
214803263, 262369627, 64000
Waiting for the board to finish...
       c0: 5	c1: 5	c2: 5	c3: 5	c4: 5	c5: 5	c6: 5	c7: 5	c8: 5	c9: 5	c10: 5	c11: 5	c13: 5	c14: 5	c15: 5	
Read data from board
18210028, 226113644, 64000
65273272, 227445437, 128000
93736793, 228792520, 64000
105200248, 230244624, 64000
151425491, 241380195, 128000
138631180, 239627841, 64000
135268264, 236359145, 64000
122124945, 233297551, 64000
143223499, 243431019, 64000
162346942, 245821507, 64000
183414061, 251020499, 64000
199265266, 256552074, 64000
0, 266831790, 0
196686056, 266189873, 64000
214796370, 262371808, 64000
Waiting for the board to finish...
       c0: 5	c1: 5	c2: 5	c3: 5	c4: 5	c5: 5	c6: 5	c7: 5	c8: 5	c9: 5	c10: 5	c11: 5	c13: 5	c14: 5	c15: 5	
Read data from board
18228421, 226113614, 64000
65316808, 227446168, 128000
93780079, 228795528, 64000
105234691, 230245446, 64000
151461067, 241381241, 128000
138653929, 239631203, 64000
135279635, 236359791, 64000
122151017, 233297765, 64000
143256291, 243432005, 64000
162375768, 245821785, 64000
183436837, 251022517, 64000
199320864, 256553308, 64000
0, 266841751, 0
196703578, 266200230, 64000
214828186, 262373640, 64000
Waiting for the board to finish...
       c0: 5	c1: 5	c2: 5	c3: 5	c4: 5	c5: 5	c6: 5	c7: 5	c8: 5	c9: 5	c10: 5	c11: 5	c13: 5	c14: 5	c15: 5	
Read data from board
18204414, 226120999, 64000
65242432, 227453285, 128000
93684137, 228799577, 64000
105138207, 230246076, 64000
151373437, 241380292, 128000
138534763, 239629534, 64000
135153288, 236361396, 64000
122038887, 233298982, 64000
143171213, 243431544, 64000
162328715, 245822691, 64000
183414762, 251022206, 64000
199255277, 256555460, 64000
0, 266852477, 0
196706866, 266209566, 64000
214784029, 262378083, 64000
Waiting for the board to finish...
       c0: 5	c1: 5	c2: 5	c3: 5	c4: 5	c5: 5	c6: 5	c7: 5	c8: 5	c9: 5	c10: 5	c11: 5	c13: 5	c14: 5	c15: 5	
Read data from board
18217200, 226118469, 64000
65296661, 227450960, 128000
93773056, 228796738, 64000
105217033, 230244530, 64000
151381190, 241374692, 128000
138571159, 239623333, 64000
135181265, 236357863, 64000
122099246, 233295639, 64000
143178736, 243423459, 64000
162312648, 245816029, 64000
183383798, 251014742, 64000
199298132, 256547894, 64000
0, 266844180, 0
196697402, 266204552, 64000
214804257, 262368527, 64000
Average:
18217409, 226108619, 64000
65304949, 227440927, 128000
93784951, 228788506, 64000
105241943, 230238726, 64000
151436242, 241371283, 128000
138634851, 239619836, 64000
135259362, 236351957, 64000
122148288, 233290480, 64000
143233207, 243421676, 64000
162369005, 245812306, 64000
183429581, 251012069, 64000
199288796, 256544225, 64000
0, 266835661, 0
196691404, 266192999, 64000
214794899, 262364379, 64000
