Host is running ...
size: 64000
Waiting for the board to finish...
       c0: 5	c1: 5	c2: 5	c3: 5	c4: 5	c5: 5	c6: 5	c7: 5	c8: 5	c9: 5	c10: 5	c11: 5	c13: 5	c14: 5	c15: 5	
Read data from board
65665249, 78644542, 64000
47179724, 78767087, 128000
23074500, 78808447, 64000
22778701, 78846081, 64000
45458514, 79394329, 128000
23311323, 79272944, 64000
22720715, 78980295, 64000
22652426, 78917710, 64000
22949454, 79437665, 64000
22676441, 79475194, 64000
22762967, 79545181, 64000
22821271, 79609110, 64000
0, 79941405, 0
23623238, 79928840, 64000
22722089, 79697967, 64000
Waiting for the board to finish...
       c0: 5	c1: 5	c2: 5	c3: 5	c4: 5	c5: 5	c6: 5	c7: 5	c8: 5	c9: 5	c10: 5	c11: 5	c13: 5	c14: 5	c15: 5	
Read data from board
65665699, 78645048, 64000
47179913, 78767588, 128000
23073964, 78808955, 64000
22778453, 78846574, 64000
45459116, 79394722, 128000
23310535, 79273337, 64000
22720616, 78980748, 64000
22652582, 78918172, 64000
22949507, 79438039, 64000
22676566, 79475553, 64000
22762736, 79545520, 64000
22821104, 79609423, 64000
0, 79941835, 0
23627045, 79929266, 64000
22722141, 79698386, 64000
Waiting for the board to finish...
       c0: 5	c1: 5	c2: 5	c3: 5	c4: 5	c5: 5	c6: 5	c7: 5	c8: 5	c9: 5	c10: 5	c11: 5	c13: 5	c14: 5	c15: 5	
Read data from board
65666065, 78645283, 64000
47180304, 78767820, 128000
23073872, 78809173, 64000
22778485, 78846786, 64000
45458955, 79394835, 128000
23311177, 79273432, 64000
22720877, 78980941, 64000
22652615, 78918369, 64000
22949551, 79438135, 64000
22676653, 79475655, 64000
22762784, 79545614, 64000
22820148, 79609505, 64000
0, 79941839, 0
23627374, 79929260, 64000
22721550, 79698380, 64000
Waiting for the board to finish...
       c0: 5	c1: 5	c2: 5	c3: 5	c4: 5	c5: 5	c6: 5	c7: 5	c8: 5	c9: 5	c10: 5	c11: 5	c13: 5	c14: 5	c15: 5	
Read data from board
65664133, 78643403, 64000
47179022, 78765943, 128000
23074165, 78807300, 64000
22778505, 78844920, 64000
45458965, 79393263, 128000
23311385, 79271807, 64000
22720810, 78979112, 64000
22652448, 78916518, 64000
22949581, 79436557, 64000
22676531, 79474063, 64000
22762789, 79544018, 64000
22821124, 79607917, 64000
0, 79940228, 0
23626781, 79927659, 64000
22722061, 79696765, 64000
Waiting for the board to finish...
       c0: 5	c1: 5	c2: 5	c3: 5	c4: 5	c5: 5	c6: 5	c7: 5	c8: 5	c9: 5	c10: 5	c11: 5	c13: 5	c14: 5	c15: 5	
Read data from board
65665229, 78644470, 64000
47179516, 78767029, 128000
23074303, 78808396, 64000
22778405, 78846015, 64000
45459054, 79394363, 128000
23311095, 79272938, 64000
22719756, 78980230, 64000
22652591, 78917650, 64000
22949471, 79437685, 64000
22676502, 79475208, 64000
22762879, 79545196, 64000
22821235, 79609109, 64000
0, 79941435, 0
23626990, 79928866, 64000
22722234, 79697970, 64000
Waiting for the board to finish...
       c0: 5	c1: 5	c2: 5	c3: 5	c4: 5	c5: 5	c6: 5	c7: 5	c8: 5	c9: 5	c10: 5	c11: 5	c13: 5	c14: 5	c15: 5	
Read data from board
65664872, 78644152, 64000
47179507, 78766711, 128000
23074196, 78808082, 64000
22778401, 78845716, 64000
45459438, 79393994, 128000
23311326, 79272571, 64000
22720624, 78979926, 64000
22652521, 78917355, 64000
22949571, 79437336, 64000
22676517, 79474859, 64000
22763025, 79544813, 64000
22820827, 79608703, 64000
0, 79941130, 0
23626843, 79928571, 64000
22721875, 79697699, 64000
Waiting for the board to finish...
       c0: 5	c1: 5	c2: 5	c3: 5	c4: 5	c5: 5	c6: 5	c7: 5	c8: 5	c9: 5	c10: 5	c11: 5	c13: 5	c14: 5	c15: 5	
Read data from board
65664326, 78643509, 64000
47180146, 78766029, 128000
23073559, 78807388, 64000
22778178, 78844982, 64000
45458249, 79393262, 128000
23310686, 79271883, 64000
22720597, 78979150, 64000
22652792, 78916580, 64000
22949545, 79436572, 64000
22676450, 79474082, 64000
22763101, 79544043, 64000
22821120, 79607940, 64000
0, 79940332, 0
23627296, 79927759, 64000
22721804, 79696881, 64000
Waiting for the board to finish...
       c0: 5	c1: 5	c2: 5	c3: 5	c4: 5	c5: 5	c6: 5	c7: 5	c8: 5	c9: 5	c10: 5	c11: 5	c13: 5	c14: 5	c15: 5	
Read data from board
65664942, 78644181, 64000
47179180, 78766717, 128000
23074272, 78808099, 64000
22778383, 78845720, 64000
45459160, 79393922, 128000
23311056, 79272536, 64000
22720408, 78979925, 64000
22652467, 78917376, 64000
22949285, 79437276, 64000
22676580, 79474791, 64000
22762933, 79544776, 64000
22821095, 79608677, 64000
0, 79941041, 0
23626784, 79928467, 64000
22722479, 79697593, 64000
Waiting for the board to finish...
       c0: 5	c1: 5	c2: 5	c3: 5	c4: 5	c5: 5	c6: 5	c7: 5	c8: 5	c9: 5	c10: 5	c11: 5	c13: 5	c14: 5	c15: 5	
Read data from board
65665533, 78644832, 64000
47180133, 78767380, 128000
23073999, 78808743, 64000
22778418, 78846369, 64000
45458514, 79394576, 128000
23310579, 79273204, 64000
22720483, 78980563, 64000
22652486, 78917986, 64000
22949471, 79437902, 64000
22676514, 79475420, 64000
22762933, 79545381, 64000
22821202, 79609286, 64000
0, 79941721, 0
23626771, 79929157, 64000
22722337, 79698277, 64000
Waiting for the board to finish...
       c0: 5	c1: 5	c2: 5	c3: 5	c4: 5	c5: 5	c6: 5	c7: 5	c8: 5	c9: 5	c10: 5	c11: 5	c13: 5	c14: 5	c15: 5	
Read data from board
65664559, 78643867, 64000
47179307, 78766429, 128000
23074066, 78807768, 64000
22778056, 78845382, 64000
45458844, 79393608, 128000
23311222, 79272212, 64000
22720568, 78979570, 64000
22652359, 78916969, 64000
22949518, 79436898, 64000
22676513, 79474396, 64000
22762782, 79544391, 64000
22820192, 79608272, 64000
0, 79940605, 0
23627157, 79928052, 64000
22722305, 79697157, 64000
Average:
65665060, 78644328, 64000
47179675, 78766873, 128000
23074089, 78808235, 64000
22778398, 78845854, 64000
45458880, 79394087, 128000
23311038, 79272686, 64000
22720545, 78980046, 64000
22652528, 78917468, 64000
22949495, 79437406, 64000
22676526, 79474922, 64000
22762892, 79544893, 64000
22820931, 79608794, 64000
0, 79941157, 0
23626627, 79928589, 64000
22722087, 79697707, 64000
