Host is running ...
size: 64000
Waiting for the board to finish...
       c0: 5	c1: 5	c2: 5	c3: 5	c4: 5	c5: 5	c6: 5	c7: 5	c8: 5	c9: 5	c10: 5	c11: 5	c13: 5	c14: 5	c15: 5	
Read data from board
20324720, 227681633, 64000
40782386, 227816153, 128000
20333851, 228252946, 64000
25575763, 230261492, 64000
112221270, 241313434, 128000
86066184, 239478690, 64000
72028325, 236592130, 64000
48790933, 233575159, 64000
108986147, 243202333, 64000
129693307, 247247263, 64000
156758466, 252745447, 64000
183102834, 258777520, 64000
0, 269588555, 0
184227337, 268904855, 64000
209738726, 264837778, 64000
Waiting for the board to finish...
       c0: 5	c1: 5	c2: 5	c3: 5	c4: 5	c5: 5	c6: 5	c7: 5	c8: 5	c9: 5	c10: 5	c11: 5	c13: 5	c14: 5	c15: 5	
Read data from board
20324513, 227685472, 64000
40782077, 227820121, 128000
20344238, 228304463, 64000
26084433, 230311040, 64000
112556408, 241367026, 128000
86284261, 239529121, 64000
72288101, 236643857, 64000
49138263, 233627708, 64000
109130190, 243255630, 64000
129951339, 247299570, 64000
156968302, 252801408, 64000
183219956, 258830955, 64000
0, 269638493, 0
184281644, 268961310, 64000
209768992, 264889441, 64000
Waiting for the board to finish...
       c0: 5	c1: 5	c2: 5	c3: 5	c4: 5	c5: 5	c6: 5	c7: 5	c8: 5	c9: 5	c10: 5	c11: 5	c13: 5	c14: 5	c15: 5	
Read data from board
20324575, 227663634, 64000
40781983, 227798273, 128000
20341915, 228273968, 64000
26003339, 230281382, 64000
112436854, 241335222, 128000
86214976, 239496740, 64000
72172877, 236612983, 64000
49050656, 233595256, 64000
109088646, 243223357, 64000
129853617, 247266352, 64000
156965980, 252770902, 64000
183218227, 258793883, 64000
0, 269588006, 0
184235395, 268911624, 64000
209765930, 264855498, 64000
Waiting for the board to finish...
       c0: 5	c1: 5	c2: 5	c3: 5	c4: 5	c5: 5	c6: 5	c7: 5	c8: 5	c9: 5	c10: 5	c11: 5	c13: 5	c14: 5	c15: 5	
Read data from board
20324656, 227674712, 64000
40781730, 227809591, 128000
20344146, 228292778, 64000
26047521, 230300832, 64000
112610545, 241356868, 128000
86363722, 239518051, 64000
72385489, 236633116, 64000
49068284, 233615860, 64000
109186264, 243245056, 64000
129980025, 247289168, 64000
156966564, 252793938, 64000
183136419, 258822936, 64000
0, 269637629, 0
184288448, 268957576, 64000
209718961, 264879495, 64000
Waiting for the board to finish...
       c0: 5	c1: 5	c2: 5	c3: 5	c4: 5	c5: 5	c6: 5	c7: 5	c8: 5	c9: 5	c10: 5	c11: 5	c13: 5	c14: 5	c15: 5	
Read data from board
20324522, 227687378, 64000
40782252, 227821894, 128000
20334752, 228270656, 64000
25717222, 230276162, 64000
112424254, 241333079, 128000
86188126, 239493104, 64000
72113262, 236606024, 64000
48894592, 233590877, 64000
109057160, 243221148, 64000
129746834, 247263832, 64000
156799889, 252766041, 64000
183094065, 258794879, 64000
0, 269589410, 0
184228944, 268909569, 64000
209634464, 264854891, 64000
Waiting for the board to finish...
       c0: 5	c1: 5	c2: 5	c3: 5	c4: 5	c5: 5	c6: 5	c7: 5	c8: 5	c9: 5	c10: 5	c11: 5	c13: 5	c14: 5	c15: 5	
Read data from board
20324420, 227673857, 64000
40781771, 227808438, 128000
20341649, 228281451, 64000
25975692, 230290562, 64000
112641497, 241348278, 128000
86337527, 239511203, 64000
72343209, 236624941, 64000
49068699, 233606464, 64000
109181615, 243235764, 64000
129943051, 247280388, 64000
156940932, 252783370, 64000
183195091, 258815857, 64000
0, 269610466, 0
184279665, 268941461, 64000
209804138, 264873041, 64000
Waiting for the board to finish...
       c0: 5	c1: 5	c2: 5	c3: 5	c4: 5	c5: 5	c6: 5	c7: 5	c8: 5	c9: 5	c10: 5	c11: 5	c13: 5	c14: 5	c15: 5	
Read data from board
20324587, 227670349, 64000
40781918, 227804895, 128000
20338230, 228267102, 64000
25845224, 230272298, 64000
112486009, 241325875, 128000
86227351, 239488535, 64000
72280034, 236602940, 64000
48990209, 233587561, 64000
109068001, 243214757, 64000
129877707, 247258785, 64000
156808022, 252763550, 64000
183091497, 258794825, 64000
0, 269597506, 0
184252146, 268920648, 64000
209710454, 264854271, 64000
Waiting for the board to finish...
       c0: 5	c1: 5	c2: 5	c3: 5	c4: 5	c5: 5	c6: 5	c7: 5	c8: 5	c9: 5	c10: 5	c11: 5	c13: 5	c14: 5	c15: 5	
Read data from board
20324214, 227671617, 64000
40782108, 227806287, 128000
20345141, 228296114, 64000
26198916, 230300011, 64000
112687618, 241357640, 128000
86383589, 239519253, 64000
72560189, 236633320, 64000
49301533, 233616609, 64000
109246611, 243248416, 64000
130041717, 247291485, 64000
156892043, 252796398, 64000
183099875, 258825094, 64000
0, 269629375, 0
184276479, 268959169, 64000
209737514, 264884624, 64000
Waiting for the board to finish...
       c0: 5	c1: 5	c2: 5	c3: 5	c4: 5	c5: 5	c6: 5	c7: 5	c8: 5	c9: 5	c10: 5	c11: 5	c13: 5	c14: 5	c15: 5	
Read data from board
20324766, 227691906, 64000
40781631, 227826572, 128000
20334843, 228271990, 64000
25646434, 230280203, 64000
112138394, 241337209, 128000
86042644, 239498561, 64000
71988077, 236613042, 64000
48681551, 233595137, 64000
108869731, 243225090, 64000
129519391, 247268700, 64000
156738291, 252772387, 64000
183082515, 258802196, 64000
0, 269625621, 0
184258731, 268948594, 64000
209733169, 264859929, 64000
Waiting for the board to finish...
       c0: 5	c1: 5	c2: 5	c3: 5	c4: 5	c5: 5	c6: 5	c7: 5	c8: 5	c9: 5	c10: 5	c11: 5	c13: 5	c14: 5	c15: 5	
Read data from board
20324517, 227672786, 64000
40782182, 227807379, 128000
20339771, 228275134, 64000
25896551, 230281980, 64000
112466727, 241339607, 128000
86219469, 239501255, 64000
72261003, 236615796, 64000
49006068, 233597114, 64000
109155490, 243228305, 64000
129927751, 247273736, 64000
156960785, 252778249, 64000
183234442, 258805261, 64000
0, 269612075, 0
184246942, 268927801, 64000
209731537, 264863761, 64000
Average:
20324549, 227677334, 64000
40782003, 227811960, 128000
20339853, 228278660, 64000
25899109, 230285596, 64000
112466957, 241341423, 128000
86232784, 239503451, 64000
72242056, 236617814, 64000
48999078, 233600774, 64000
109096985, 243229985, 64000
129853473, 247273927, 64000
156879927, 252777169, 64000
183147492, 258806340, 64000
0, 269611713, 0
184257573, 268934260, 64000
209734388, 264865272, 64000
