Host is running ...
size: 64000
Waiting for the board to finish...
       c0: 5	c1: 5	c2: 5	c3: 5	c4: 5	c5: 5	c6: 5	c7: 5	c8: 5	c9: 5	c10: 5	c11: 5	c13: 5	c14: 5	c15: 5	
Read data from board
240854639, 240881820, 0
241102719, 240884166, 0
241347680, 241100874, 0
241347784, 241114200, 0
242455149, 242232746, 0
242464347, 242205385, 0
241812109, 241643666, 0
241606970, 241377698, 0
242800094, 242569623, 0
242804257, 242584135, 0
243226693, 243024316, 0
243170866, 243496410, 0
0, 244924633, 0
245054085, 244837809, 0
244169147, 243981239, 0
Waiting for the board to finish...
       c0: 5	c1: 5	c2: 5	c3: 5	c4: 5	c5: 5	c6: 5	c7: 5	c8: 5	c9: 5	c10: 5	c11: 5	c13: 5	c14: 5	c15: 5	
Read data from board
240794658, 240821719, 0
240965019, 240824081, 0
241213949, 241042397, 0
241211511, 241055199, 0
242318896, 242173157, 0
242330171, 242145894, 0
241253414, 241584866, 0
241466312, 241319405, 0
242660871, 242510243, 0
242665506, 242524946, 0
243087084, 242966104, 0
242925215, 243441130, 0
0, 244876150, 0
244923837, 244786953, 0
244033684, 243927101, 0
Waiting for the board to finish...
       c0: 5	c1: 5	c2: 5	c3: 5	c4: 5	c5: 5	c6: 5	c7: 5	c8: 5	c9: 5	c10: 5	c11: 5	c13: 5	c14: 5	c15: 5	
Read data from board
240877599, 240904812, 0
241047367, 240907159, 0
241297073, 241124542, 0
241292320, 241137822, 0
242399932, 242255639, 0
242408723, 242228416, 0
241006072, 241666238, 0
241553858, 241401387, 0
242746303, 242593637, 0
242749906, 242607779, 0
243170920, 243048016, 0
243653801, 243516684, 0
0, 244955286, 0
245002442, 244865634, 0
244109896, 244003344, 0
Waiting for the board to finish...
       c0: 5	c1: 5	c2: 5	c3: 5	c4: 5	c5: 5	c6: 5	c7: 5	c8: 5	c9: 5	c10: 5	c11: 5	c13: 5	c14: 5	c15: 5	
Read data from board
240824874, 240851840, 0
241000577, 240854349, 0
241246686, 241072490, 0
241241952, 241085889, 0
242352853, 242203533, 0
242358269, 242176323, 0
241707085, 241614470, 0
241500693, 241349406, 0
242694547, 242541681, 0
242702746, 242556041, 0
243121141, 242996146, 0
243068322, 243469769, 0
0, 244899141, 0
244950970, 244811528, 0
244066111, 243956192, 0
Waiting for the board to finish...
       c0: 5	c1: 5	c2: 5	c3: 5	c4: 5	c5: 5	c6: 5	c7: 5	c8: 5	c9: 5	c10: 5	c11: 5	c13: 5	c14: 5	c15: 5	
Read data from board
240865867, 240893004, 0
241036386, 240895267, 0
241279253, 241113591, 0
241281200, 241126747, 0
242387642, 242244400, 0
242398919, 242217109, 0
240873065, 241655937, 0
241537551, 241390264, 0
242729875, 242581222, 0
242732043, 242595694, 0
243156988, 243036017, 0
243036000, 243510141, 0
0, 244943580, 0
244989797, 244856199, 0
244102155, 243997859, 0
Waiting for the board to finish...
       c0: 5	c1: 5	c2: 5	c3: 5	c4: 5	c5: 5	c6: 5	c7: 5	c8: 5	c9: 5	c10: 5	c11: 5	c13: 5	c14: 5	c15: 5	
Read data from board
240835717, 240862707, 0
241008727, 240865175, 0
241255131, 241081885, 0
241252781, 241095047, 0
242357574, 242210357, 0
242362978, 242183175, 0
241411922, 241623690, 0
241507926, 241358798, 0
242698518, 242547517, 0
242706799, 242561873, 0
243124260, 243001657, 0
243308207, 243473055, 0
0, 244906882, 0
244953307, 244816825, 0
244065760, 243958848, 0
Waiting for the board to finish...
       c0: 5	c1: 5	c2: 5	c3: 5	c4: 5	c5: 5	c6: 5	c7: 5	c8: 5	c9: 5	c10: 5	c11: 5	c13: 5	c14: 5	c15: 5	
Read data from board
240762222, 240789167, 0
240934389, 240791541, 0
241181051, 241010084, 0
241181082, 241023146, 0
242284604, 242139349, 0
242295775, 242112035, 0
241464686, 241551882, 0
241440276, 241287285, 0
242630123, 242476737, 0
242632286, 242491132, 0
243056647, 242932073, 0
242588880, 243402328, 0
0, 244835038, 0
244887192, 244747127, 0
243998458, 243888853, 0
Waiting for the board to finish...
       c0: 5	c1: 5	c2: 5	c3: 5	c4: 5	c5: 5	c6: 5	c7: 5	c8: 5	c9: 5	c10: 5	c11: 5	c13: 5	c14: 5	c15: 5	
Read data from board
240880667, 240907745, 0
241051353, 240910246, 0
241303012, 241128338, 0
241296858, 241141409, 0
242406850, 242258808, 0
242412361, 242231563, 0
241401202, 241669835, 0
241554542, 241404367, 0
242749154, 242596309, 0
242763504, 242610908, 0
243175089, 243051344, 0
243596787, 243524288, 0
0, 244957388, 0
245006385, 244867772, 0
244119059, 244009806, 0
Waiting for the board to finish...
       c0: 5	c1: 5	c2: 5	c3: 5	c4: 5	c5: 5	c6: 5	c7: 5	c8: 5	c9: 5	c10: 5	c11: 5	c13: 5	c14: 5	c15: 5	
Read data from board
240859740, 240886810, 0
241031757, 240889123, 0
241279899, 241107465, 0
241279395, 241120584, 0
242384802, 242237937, 0
242394086, 242210551, 0
241470376, 241649479, 0
241533918, 241383966, 0
242729752, 242575247, 0
242731980, 242589808, 0
243156490, 243029160, 0
243264779, 243502173, 0
0, 244934983, 0
244984315, 244844867, 0
244098060, 243989171, 0
Waiting for the board to finish...
       c0: 5	c1: 5	c2: 5	c3: 5	c4: 5	c5: 5	c6: 5	c7: 5	c8: 5	c9: 5	c10: 5	c11: 5	c13: 5	c14: 5	c15: 5	
Read data from board
240832073, 240859434, 0
241006697, 240861966, 0
241258263, 241080553, 0
241252564, 241093872, 0
242360653, 242209979, 0
242368560, 242182590, 0
240817170, 241622626, 0
241512882, 241357544, 0
242701831, 242545870, 0
242704101, 242560208, 0
243127264, 243000202, 0
242910668, 243469980, 0
0, 244893438, 0
244949262, 244807661, 0
244067191, 243956513, 0
Average:
240838805, 240865905, 0
241018499, 240868307, 0
241266199, 241086221, 0
241263744, 241099391, 0
242370895, 242216590, 0
242379418, 242189304, 0
241321710, 241628268, 0
241521492, 241363012, 0
242714106, 242553808, 0
242719312, 242568252, 0
243140257, 243008503, 0
243152352, 243480595, 0
0, 244912651, 0
244970159, 244824237, 0
244082952, 243966892, 0
