Host is running ...
size: 64000
Waiting for the board to finish...
       c0: 5	c1: 5	c2: 5	c3: 5	c4: 5	c5: 5	c6: 5	c7: 5	c8: 5	c9: 5	c10: 5	c11: 5	c13: 5	c14: 5	c15: 5	
Read data from board
0, 228311863, 0
0, 228981313, 0
531, 229737177, 0
0, 230729605, 0
0, 237106413, 0
0, 236076477, 0
768, 233973406, 0
0, 232327264, 0
58, 238249616, 0
58, 239499042, 0
0, 242668033, 0
0, 245540405, 0
0, 252799856, 0
116, 252143832, 0
0, 248562185, 0
Waiting for the board to finish...
       c0: 5	c1: 5	c2: 5	c3: 5	c4: 5	c5: 5	c6: 5	c7: 5	c8: 5	c9: 5	c10: 5	c11: 5	c13: 5	c14: 5	c15: 5	
Read data from board
0, 228326650, 0
0, 228996177, 0
413, 229752313, 0
0, 230743680, 0
0, 237122415, 0
0, 236092253, 0
116, 233988043, 0
0, 232341737, 0
0, 238264391, 0
776, 239512488, 0
0, 242678656, 0
0, 245551732, 0
0, 252811461, 0
116, 252158379, 0
0, 248579289, 0
Waiting for the board to finish...
       c0: 5	c1: 5	c2: 5	c3: 5	c4: 5	c5: 5	c6: 5	c7: 5	c8: 5	c9: 5	c10: 5	c11: 5	c13: 5	c14: 5	c15: 5	
Read data from board
0, 228326642, 0
0, 228993571, 0
413, 229750020, 0
590, 230741845, 0
0, 237119462, 0
0, 236089924, 0
464, 233987684, 0
0, 232340081, 0
0, 238261614, 0
1162, 239510773, 0
0, 242675835, 0
0, 245548200, 0
0, 252800746, 0
116, 252148886, 0
0, 248570032, 0
Waiting for the board to finish...
       c0: 5	c1: 5	c2: 5	c3: 5	c4: 5	c5: 5	c6: 5	c7: 5	c8: 5	c9: 5	c10: 5	c11: 5	c13: 5	c14: 5	c15: 5	
Read data from board
0, 228315172, 0
0, 228983343, 0
472, 229739723, 0
767, 230730471, 0
0, 237107709, 0
0, 236077393, 0
236, 233974383, 0
0, 232327526, 0
58, 238250288, 0
597, 239499111, 0
0, 242666705, 0
59, 245532216, 0
0, 252795884, 0
116, 252141300, 0
0, 248556822, 0
Waiting for the board to finish...
       c0: 5	c1: 5	c2: 5	c3: 5	c4: 5	c5: 5	c6: 5	c7: 5	c8: 5	c9: 5	c10: 5	c11: 5	c13: 5	c14: 5	c15: 5	
Read data from board
0, 228325237, 0
0, 228994328, 0
531, 229750275, 0
772, 230741105, 0
0, 237119224, 0
0, 236090236, 0
468, 233985517, 0
0, 232339289, 0
0, 238260671, 0
1430, 239509963, 0
0, 242679407, 0
59, 245548024, 0
0, 252816717, 0
0, 252166967, 0
0, 248573283, 0
Waiting for the board to finish...
       c0: 5	c1: 5	c2: 5	c3: 5	c4: 5	c5: 5	c6: 5	c7: 5	c8: 5	c9: 5	c10: 5	c11: 5	c13: 5	c14: 5	c15: 5	
Read data from board
0, 228323373, 0
0, 228993610, 0
590, 229749500, 0
0, 230741271, 0
0, 237119957, 0
0, 236090009, 0
464, 233986204, 0
0, 232339617, 0
58, 238262721, 0
948, 239511277, 0
0, 242677863, 0
59, 245551062, 0
0, 252823852, 0
0, 252172344, 0
0, 248574441, 0
Waiting for the board to finish...
       c0: 5	c1: 5	c2: 5	c3: 5	c4: 5	c5: 5	c6: 5	c7: 5	c8: 5	c9: 5	c10: 5	c11: 5	c13: 5	c14: 5	c15: 5	
Read data from board
0, 228325451, 0
0, 228996181, 0
472, 229753685, 0
0, 230745766, 0
0, 237121511, 0
0, 236092231, 0
240, 233988216, 0
0, 232343119, 0
0, 238263388, 0
547, 239512700, 0
0, 242677751, 0
0, 245537233, 0
0, 252783996, 0
0, 252137574, 0
0, 248558959, 0
Waiting for the board to finish...
       c0: 5	c1: 5	c2: 5	c3: 5	c4: 5	c5: 5	c6: 5	c7: 5	c8: 5	c9: 5	c10: 5	c11: 5	c13: 5	c14: 5	c15: 5	
Read data from board
0, 228317099, 0
0, 228986117, 0
531, 229742320, 0
776, 230733394, 0
0, 237111056, 0
0, 236081485, 0
174, 233977563, 0
0, 232331315, 0
58, 238253902, 0
546, 239503254, 0
0, 242669446, 0
0, 245537061, 0
0, 252795446, 0
116, 252147980, 0
0, 248561954, 0
Waiting for the board to finish...
       c0: 5	c1: 5	c2: 5	c3: 5	c4: 5	c5: 5	c6: 5	c7: 5	c8: 5	c9: 5	c10: 5	c11: 5	c13: 5	c14: 5	c15: 5	
Read data from board
0, 228323157, 0
0, 228992997, 0
472, 229749043, 0
0, 230741328, 0
0, 237120974, 0
0, 236089787, 0
294, 233984623, 0
0, 232338778, 0
58, 238263258, 0
893, 239512531, 0
0, 242679543, 0
0, 245541678, 0
0, 252796497, 0
0, 252148200, 0
0, 248563348, 0
Waiting for the board to finish...
       c0: 5	c1: 5	c2: 5	c3: 5	c4: 5	c5: 5	c6: 5	c7: 5	c8: 5	c9: 5	c10: 5	c11: 5	c13: 5	c14: 5	c15: 5	
Read data from board
0, 228331547, 0
0, 229000392, 0
413, 229753820, 0
0, 230745200, 0
0, 237123449, 0
0, 236092943, 0
758, 233989457, 0
0, 232343652, 0
0, 238265039, 0
239, 239514679, 0
0, 242683234, 0
0, 245551056, 0
0, 252807189, 0
0, 252147812, 0
0, 248575003, 0
Average:
0, 228322619, 0
0, 228991802, 0
483, 229747787, 0
290, 230739366, 0
0, 237117217, 0
0, 236087273, 0
398, 233983509, 0
0, 232337237, 0
29, 238259488, 0
719, 239508581, 0
0, 242675647, 0
17, 245543866, 0
0, 252803164, 0
58, 252151327, 0
0, 248567531, 0
