Host is running ...
size: 64000
Waiting for the board to finish...
       c0: 5	c1: 5	c2: 5	c3: 5	c4: 5	c5: 5	c6: 5	c7: 5	c8: 5	c9: 5	c10: 5	c11: 5	c13: 5	c14: 5	c15: 5	
Read data from board
0, 215470867, 0
0, 215473126, 0
215846469, 215584875, 0
217384046, 217132596, 0
230183922, 229932965, 0
227894237, 227631921, 0
224017970, 223772870, 0
220538319, 220307625, 0
232394462, 232174504, 0
234839501, 234618355, 0
240592164, 240373014, 0
246291645, 246077430, 0
0, 260608211, 0
259305489, 259086972, 0
252585219, 252382698, 0
Waiting for the board to finish...
       c0: 5	c1: 5	c2: 5	c3: 5	c4: 5	c5: 5	c6: 5	c7: 5	c8: 5	c9: 5	c10: 5	c11: 5	c13: 5	c14: 5	c15: 5	
Read data from board
0, 215493207, 0
0, 215495488, 0
215743160, 215558419, 0
217281727, 217108135, 0
230086142, 229912563, 0
227796304, 227611316, 0
223855886, 223750618, 0
220434605, 220284125, 0
232291007, 232151910, 0
234737111, 234596710, 0
240490666, 240352452, 0
246169791, 246057925, 0
0, 260575784, 0
259197914, 259060790, 0
252482731, 252361128, 0
Waiting for the board to finish...
       c0: 5	c1: 5	c2: 5	c3: 5	c4: 5	c5: 5	c6: 5	c7: 5	c8: 5	c9: 5	c10: 5	c11: 5	c13: 5	c14: 5	c15: 5	
Read data from board
0, 215483101, 0
0, 215485584, 0
215757185, 215574074, 0
217296939, 217123014, 0
230104443, 229931617, 0
227814400, 227630095, 0
223902619, 223769923, 0
220447991, 220299925, 0
232308251, 232169370, 0
234753716, 234615398, 0
240507664, 240370527, 0
246181157, 246086373, 0
0, 260620569, 0
259245310, 259107905, 0
252509849, 252388010, 0
Waiting for the board to finish...
       c0: 5	c1: 5	c2: 5	c3: 5	c4: 5	c5: 5	c6: 5	c7: 5	c8: 5	c9: 5	c10: 5	c11: 5	c13: 5	c14: 5	c15: 5	
Read data from board
0, 215487729, 0
0, 215490254, 0
215765579, 215580686, 0
217303548, 217129470, 0
230110204, 229935946, 0
227818983, 227633409, 0
223936750, 223771969, 0
220455691, 220305572, 0
232313257, 232172875, 0
234755972, 234616338, 0
240510856, 240372036, 0
246219155, 246077615, 0
0, 260639034, 0
259227906, 259091550, 0
252509077, 252387035, 0
Waiting for the board to finish...
       c0: 5	c1: 5	c2: 5	c3: 5	c4: 5	c5: 5	c6: 5	c7: 5	c8: 5	c9: 5	c10: 5	c11: 5	c13: 5	c14: 5	c15: 5	
Read data from board
0, 215476639, 0
0, 215478881, 0
215752930, 215565743, 0
217292834, 217115905, 0
230097339, 229922624, 0
227809648, 227621741, 0
223869782, 223760450, 0
220444700, 220292229, 0
232301126, 232158132, 0
234747308, 234602945, 0
240501614, 240359046, 0
246200383, 246059229, 0
0, 260573779, 0
259194996, 259055267, 0
252488122, 252364106, 0
Waiting for the board to finish...
       c0: 5	c1: 5	c2: 5	c3: 5	c4: 5	c5: 5	c6: 5	c7: 5	c8: 5	c9: 5	c10: 5	c11: 5	c13: 5	c14: 5	c15: 5	
Read data from board
0, 215486728, 0
0, 215489226, 0
215754883, 215574522, 0
217295120, 217124084, 0
230094435, 229929511, 0
227805656, 227626034, 0
223834979, 223764276, 0
220444929, 220298832, 0
232302858, 232166388, 0
234746873, 234610915, 0
240501731, 240367071, 0
246211296, 246081721, 0
0, 260606337, 0
259218308, 259087518, 0
252503965, 252387505, 0
Waiting for the board to finish...
       c0: 5	c1: 5	c2: 5	c3: 5	c4: 5	c5: 5	c6: 5	c7: 5	c8: 5	c9: 5	c10: 5	c11: 5	c13: 5	c14: 5	c15: 5	
Read data from board
0, 215494995, 0
0, 215497311, 0
215751330, 215571396, 0
217284912, 217119517, 0
230092187, 229921564, 0
227799913, 227619256, 0
223921650, 223760143, 0
220442280, 220296635, 0
232294102, 232160135, 0
234742396, 234607220, 0
240498630, 240366228, 0
246193774, 246079346, 0
0, 260613752, 0
259224848, 259093570, 0
252506948, 252388938, 0
Waiting for the board to finish...
       c0: 5	c1: 5	c2: 5	c3: 5	c4: 5	c5: 5	c6: 5	c7: 5	c8: 5	c9: 5	c10: 5	c11: 5	c13: 5	c14: 5	c15: 5	
Read data from board
0, 215469033, 0
0, 215471548, 0
215777363, 215590293, 0
217318145, 217140346, 0
230113326, 229939876, 0
227828214, 227638956, 0
223888866, 223781023, 0
220468279, 220317458, 0
232320528, 232177063, 0
234766339, 234623680, 0
240524137, 240381828, 0
246217133, 246073816, 0
0, 260606389, 0
259228241, 259087872, 0
252515788, 252390033, 0
Waiting for the board to finish...
       c0: 5	c1: 5	c2: 5	c3: 5	c4: 5	c5: 5	c6: 5	c7: 5	c8: 5	c9: 5	c10: 5	c11: 5	c13: 5	c14: 5	c15: 5	
Read data from board
0, 215479217, 0
0, 215481518, 0
215753325, 215571371, 0
217291293, 217119338, 0
230099823, 229927713, 0
227806468, 227624445, 0
223894014, 223761382, 0
220441331, 220295595, 0
232303476, 232165476, 0
234747811, 234610858, 0
240502499, 240367273, 0
246180420, 246070764, 0
0, 260594736, 0
259201011, 259067260, 0
252493201, 252373792, 0
Waiting for the board to finish...
       c0: 5	c1: 5	c2: 5	c3: 5	c4: 5	c5: 5	c6: 5	c7: 5	c8: 5	c9: 5	c10: 5	c11: 5	c13: 5	c14: 5	c15: 5	
Read data from board
0, 215484078, 0
0, 215486374, 0
215744962, 215560625, 0
217280874, 217109550, 0
230090987, 229916922, 0
227795328, 227615526, 0
223856641, 223753838, 0
220434118, 220285913, 0
232292894, 232152975, 0
234735861, 234596829, 0
240491026, 240352773, 0
246174880, 246041431, 0
0, 260562363, 0
259186287, 259049524, 0
252469400, 252347016, 0
Average:
0, 215482559, 0
0, 215484931, 0
215764718, 215573200, 0
217302943, 217122195, 0
230107280, 229927130, 0
227816915, 227625269, 0
223897915, 223764649, 0
220455224, 220298390, 0
232312196, 232164882, 0
234757288, 234609924, 0
240512098, 240366224, 0
246203963, 246070565, 0
0, 260600095, 0
259223031, 259078822, 0
252506430, 252377026, 0
