Host is running ...
size: 64000
Waiting for the board to finish...
       c0: 5	c1: 5	c2: 5	c3: 5	c4: 5	c5: 5	c6: 5	c7: 5	c8: 5	c9: 5	c10: 5	c11: 5	c13: 5	c14: 5	c15: 5	
Read data from board
876832, 234447480, 0
3310731, 235147145, 0
1294515, 235682918, 0
2736103, 236423503, 0
3726679, 242142594, 0
2618934, 241442618, 0
3253203, 239728045, 0
3176835, 238137727, 0
1520390, 243213492, 0
3096445, 244754317, 0
3207088, 247481491, 0
3225788, 250348801, 0
0, 255559441, 0
3369789, 255300876, 0
3280954, 253025184, 0
Waiting for the board to finish...
       c0: 5	c1: 5	c2: 5	c3: 5	c4: 5	c5: 5	c6: 5	c7: 5	c8: 5	c9: 5	c10: 5	c11: 5	c13: 5	c14: 5	c15: 5	
Read data from board
876832, 234457839, 0
3309281, 235156426, 0
1294457, 235693140, 0
2736086, 236433424, 0
3725874, 242160045, 0
2622148, 241459482, 0
3254389, 239744988, 0
3177424, 238148443, 0
1519706, 243230176, 0
3096895, 244771463, 0
3206983, 247499730, 0
3226322, 250366774, 0
0, 255582607, 0
3369627, 255323055, 0
3281629, 253043127, 0
Waiting for the board to finish...
       c0: 5	c1: 5	c2: 5	c3: 5	c4: 5	c5: 5	c6: 5	c7: 5	c8: 5	c9: 5	c10: 5	c11: 5	c13: 5	c14: 5	c15: 5	
Read data from board
876832, 234481636, 0
3311386, 235181091, 0
1294469, 235717909, 0
2737661, 236459703, 0
3726065, 242184261, 0
2622097, 241484148, 0
3254405, 239769984, 0
3177233, 238176529, 0
1520579, 243254409, 0
3096959, 244795912, 0
3208348, 247523300, 0
3224831, 250389240, 0
0, 255606991, 0
3369561, 255345248, 0
3280961, 253065985, 0
Waiting for the board to finish...
       c0: 5	c1: 5	c2: 5	c3: 5	c4: 5	c5: 5	c6: 5	c7: 5	c8: 5	c9: 5	c10: 5	c11: 5	c13: 5	c14: 5	c15: 5	
Read data from board
876832, 234444405, 0
3307953, 235145552, 0
1294507, 235680212, 0
2735137, 236420490, 0
3727008, 242149675, 0
2621049, 241448939, 0
3253624, 239734687, 0
3177030, 238140041, 0
1521146, 243220444, 0
3097584, 244761723, 0
3209002, 247488418, 0
3224604, 250354614, 0
0, 255572279, 0
3369727, 255315413, 0
3280680, 253030511, 0
Waiting for the board to finish...
       c0: 5	c1: 5	c2: 5	c3: 5	c4: 5	c5: 5	c6: 5	c7: 5	c8: 5	c9: 5	c10: 5	c11: 5	c13: 5	c14: 5	c15: 5	
Read data from board
876832, 234472198, 0
3303271, 235172725, 0
1290619, 235707795, 0
2735390, 236448745, 0
3726956, 242174842, 0
2622034, 241474556, 0
3253107, 239760040, 0
3176813, 238166174, 0
1521422, 243245464, 0
3097227, 244786494, 0
3207293, 247512401, 0
3225551, 250380014, 0
0, 255591412, 0
3370605, 255331417, 0
3281001, 253056235, 0
Waiting for the board to finish...
       c0: 5	c1: 5	c2: 5	c3: 5	c4: 5	c5: 5	c6: 5	c7: 5	c8: 5	c9: 5	c10: 5	c11: 5	c13: 5	c14: 5	c15: 5	
Read data from board
876832, 234459057, 0
3309449, 235157310, 0
1294733, 235691115, 0
2737597, 236432227, 0
3726776, 242160598, 0
2622507, 241459961, 0
3255381, 239745196, 0
3177245, 238151990, 0
1520296, 243230862, 0
3096878, 244771828, 0
3207084, 247497750, 0
3225154, 250362740, 0
0, 255573035, 0
3370041, 255315741, 0
3281321, 253038885, 0
Waiting for the board to finish...
       c0: 5	c1: 5	c2: 5	c3: 5	c4: 5	c5: 5	c6: 5	c7: 5	c8: 5	c9: 5	c10: 5	c11: 5	c13: 5	c14: 5	c15: 5	
Read data from board
876832, 234476518, 0
3310585, 235176170, 0
1294843, 235712242, 0
2735127, 236452068, 0
3727215, 242171763, 0
2625472, 241471270, 0
3253618, 239757173, 0
3176794, 238165413, 0
1520294, 243242144, 0
3097684, 244783109, 0
3207168, 247511135, 0
3225184, 250380161, 0
0, 255598042, 0
3369109, 255333501, 0
3281598, 253056116, 0
Waiting for the board to finish...
       c0: 5	c1: 5	c2: 5	c3: 5	c4: 5	c5: 5	c6: 5	c7: 5	c8: 5	c9: 5	c10: 5	c11: 5	c13: 5	c14: 5	c15: 5	
Read data from board
876832, 234461839, 0
3303386, 235161594, 0
1290411, 235696326, 0
2735755, 236436710, 0
3726507, 242161658, 0
2624075, 241461492, 0
3253213, 239746903, 0
3176992, 238153444, 0
1521147, 243232503, 0
3097677, 244773631, 0
3206662, 247501691, 0
3223792, 250367028, 0
0, 255584434, 0
3370159, 255324925, 0
3280856, 253043069, 0
Waiting for the board to finish...
       c0: 5	c1: 5	c2: 5	c3: 5	c4: 5	c5: 5	c6: 5	c7: 5	c8: 5	c9: 5	c10: 5	c11: 5	c13: 5	c14: 5	c15: 5	
Read data from board
876832, 234481558, 0
3311702, 235180536, 0
1295427, 235716728, 0
2738130, 236457517, 0
3726834, 242186156, 0
2621573, 241485821, 0
3255195, 239771536, 0
3177000, 238175529, 0
1520243, 243256500, 0
3096686, 244798340, 0
3208322, 247525982, 0
3225391, 250394630, 0
0, 255608933, 0
3369855, 255348503, 0
3280689, 253071318, 0
Waiting for the board to finish...
       c0: 5	c1: 5	c2: 5	c3: 5	c4: 5	c5: 5	c6: 5	c7: 5	c8: 5	c9: 5	c10: 5	c11: 5	c13: 5	c14: 5	c15: 5	
Read data from board
876832, 234439249, 0
3309538, 235138506, 0
1294461, 235674144, 0
2737007, 236412378, 0
3726804, 242137867, 0
2619733, 241437066, 0
3253677, 239723346, 0
3177284, 238129501, 0
1520445, 243208847, 0
3096968, 244750546, 0
3206853, 247477840, 0
3224673, 250345879, 0
0, 255575666, 0
3369523, 255307819, 0
3281282, 253021399, 0
Average:
876832, 234462177, 0
3308728, 235161705, 0
1293844, 235697252, 0
2736399, 236437676, 0
3726671, 242162945, 0
2621962, 241462535, 0
3253981, 239748189, 0
3177065, 238154479, 0
1520566, 243233484, 0
3097100, 244774736, 0
3207480, 247501973, 0
3225129, 250368988, 0
0, 255585284, 0
3369799, 255324649, 0
3281097, 253045182, 0
