Host is running ...
size: 64000
Waiting for the board to finish...
       c0: 5	c1: 5	c2: 5	c3: 5	c4: 5	c5: 5	c6: 5	c7: 5	c8: 5	c9: 5	c10: 5	c11: 5	c13: 5	c14: 5	c15: 5	
Read data from board
0, 241160414, 0
0, 241295210, 0
58643, 241312579, 0
124495, 241523019, 0
43205, 242576024, 0
22815, 242298766, 0
0, 242016232, 0
22592, 241766671, 0
324898, 242595133, 0
485506, 242950241, 0
245504, 243383326, 0
101264, 243841020, 0
0, 244754179, 0
0, 244711821, 0
33535, 244324884, 0
Waiting for the board to finish...
       c0: 5	c1: 5	c2: 5	c3: 5	c4: 5	c5: 5	c6: 5	c7: 5	c8: 5	c9: 5	c10: 5	c11: 5	c13: 5	c14: 5	c15: 5	
Read data from board
0, 241186305, 0
0, 241321024, 0
51345, 241338267, 0
134826, 241550693, 0
44604, 242605000, 0
20007, 242328134, 0
0, 242045973, 0
19062, 241796005, 0
324413, 242624288, 0
487708, 242978752, 0
241966, 243412444, 0
89994, 243872246, 0
0, 244792370, 0
0, 244745246, 0
28240, 244356036, 0
Waiting for the board to finish...
       c0: 5	c1: 5	c2: 5	c3: 5	c4: 5	c5: 5	c6: 5	c7: 5	c8: 5	c9: 5	c10: 5	c11: 5	c13: 5	c14: 5	c15: 5	
Read data from board
0, 241168035, 0
0, 241299481, 0
57255, 241316894, 0
130382, 241531755, 0
51616, 242585551, 0
23517, 242310596, 0
0, 242025896, 0
21886, 241774170, 0
343041, 242604596, 0
487312, 242959329, 0
253080, 243391659, 0
93707, 243850736, 0
0, 244765733, 0
0, 244722802, 0
32476, 244334572, 0
Waiting for the board to finish...
       c0: 5	c1: 5	c2: 5	c3: 5	c4: 5	c5: 5	c6: 5	c7: 5	c8: 5	c9: 5	c10: 5	c11: 5	c13: 5	c14: 5	c15: 5	
Read data from board
0, 241179488, 0
0, 241313375, 0
47539, 241330724, 0
127573, 241540736, 0
44600, 242594950, 0
20358, 242319463, 0
0, 242033998, 0
25063, 241786465, 0
349613, 242614250, 0
471547, 242969558, 0
238462, 243402478, 0
88995, 243862061, 0
0, 244781562, 0
0, 244733948, 0
31417, 244345796, 0
Waiting for the board to finish...
       c0: 5	c1: 5	c2: 5	c3: 5	c4: 5	c5: 5	c6: 5	c7: 5	c8: 5	c9: 5	c10: 5	c11: 5	c13: 5	c14: 5	c15: 5	
Read data from board
0, 241188595, 0
0, 241321148, 0
58987, 241338540, 0
110824, 241551222, 0
44238, 242605908, 0
21411, 242328371, 0
0, 242044457, 0
25063, 241796487, 0
333264, 242624983, 0
465512, 242979535, 0
264834, 243412456, 0
102009, 243870783, 0
0, 244786210, 0
0, 244743844, 0
32829, 244354581, 0
Waiting for the board to finish...
       c0: 5	c1: 5	c2: 5	c3: 5	c4: 5	c5: 5	c6: 5	c7: 5	c8: 5	c9: 5	c10: 5	c11: 5	c13: 5	c14: 5	c15: 5	
Read data from board
0, 241168910, 0
0, 241303558, 0
60031, 241320953, 0
142958, 241531548, 0
44608, 242588802, 0
20007, 242310238, 0
0, 242026308, 0
25063, 241777878, 0
339864, 242608037, 0
479919, 242961350, 0
247551, 243394331, 0
108450, 243852327, 0
0, 244770561, 0
0, 244725342, 0
33182, 244336124, 0
Waiting for the board to finish...
       c0: 5	c1: 5	c2: 5	c3: 5	c4: 5	c5: 5	c6: 5	c7: 5	c8: 5	c9: 5	c10: 5	c11: 5	c13: 5	c14: 5	c15: 5	
Read data from board
0, 241159831, 0
0, 241294847, 0
58299, 241312233, 0
124126, 241523989, 0
41095, 242580210, 0
21762, 242303125, 0
0, 242018065, 0
23651, 241768831, 0
333578, 242599510, 0
472215, 242953104, 0
247927, 243386807, 0
103719, 243845974, 0
0, 244765133, 0
0, 244720476, 0
27534, 244329880, 0
Waiting for the board to finish...
       c0: 5	c1: 5	c2: 5	c3: 5	c4: 5	c5: 5	c6: 5	c7: 5	c8: 5	c9: 5	c10: 5	c11: 5	c13: 5	c14: 5	c15: 5	
Read data from board
0, 241191518, 0
0, 241324545, 0
57602, 241341904, 0
139635, 241552938, 0
42136, 242608171, 0
20358, 242332090, 0
0, 242048033, 0
21180, 241799126, 0
327308, 242627193, 0
478195, 242982431, 0
240603, 243416391, 0
84504, 243874721, 0
0, 244794834, 0
0, 244747552, 0
27534, 244358513, 0
Waiting for the board to finish...
       c0: 5	c1: 5	c2: 5	c3: 5	c4: 5	c5: 5	c6: 5	c7: 5	c8: 5	c9: 5	c10: 5	c11: 5	c13: 5	c14: 5	c15: 5	
Read data from board
0, 241153386, 0
0, 241286992, 0
49278, 241304218, 0
124148, 241515470, 0
41799, 242572500, 0
15093, 242297295, 0
0, 242010942, 0
26475, 241762289, 0
330070, 242591634, 0
480291, 242947426, 0
241563, 243379892, 0
100227, 243837989, 0
0, 244754595, 0
0, 244708549, 0
35300, 244321701, 0
Waiting for the board to finish...
       c0: 5	c1: 5	c2: 5	c3: 5	c4: 5	c5: 5	c6: 5	c7: 5	c8: 5	c9: 5	c10: 5	c11: 5	c13: 5	c14: 5	c15: 5	
Read data from board
0, 241188415, 0
0, 241321274, 0
55169, 241338441, 0
127230, 241550332, 0
43177, 242607158, 0
19656, 242330013, 0
0, 242045251, 0
21886, 241796237, 0
339879, 242626330, 0
472903, 242981204, 0
248524, 243415513, 0
103360, 243875583, 0
0, 244791521, 0
0, 244749692, 0
36006, 244359513, 0
Average:
0, 241174489, 0
0, 241308145, 0
55414, 241325475, 0
128619, 241537170, 0
44107, 242592427, 0
20498, 242315809, 0
0, 242031515, 0
23192, 241782415, 0
334592, 242611595, 0
478110, 242966293, 0
247001, 243399529, 0
97622, 243858344, 0
0, 244775669, 0
0, 244730927, 0
31805, 244342160, 0
