Host is running ...
size: 64000
Waiting for the board to finish...
       c0: 5	c1: 5	c2: 5	c3: 5	c4: 5	c5: 5	c6: 5	c7: 5	c8: 5	c9: 5	c10: 5	c11: 5	c13: 5	c14: 5	c15: 5	
Read data from board
2689755, 46182196, 0
6632167, 46381408, 0
11575685, 46573721, 0
15528188, 46808358, 0
8128286, 48277290, 0
7974229, 48091374, 0
9977251, 47724000, 0
9319542, 47260482, 0
11703201, 48475082, 0
15834050, 48697863, 0
9227908, 49157937, 0
10058379, 49617095, 0
18761246, 50420041, 0
8907670, 50371997, 0
10495161, 50078727, 0
Waiting for the board to finish...
       c0: 5	c1: 5	c2: 5	c3: 5	c4: 5	c5: 5	c6: 5	c7: 5	c8: 5	c9: 5	c10: 5	c11: 5	c13: 5	c14: 5	c15: 5	
Read data from board
2689755, 46196653, 0
6634597, 46397667, 0
11577485, 46587160, 0
15531734, 46823228, 0
8128460, 48295822, 0
7972493, 48108280, 0
9977709, 47739556, 0
9320209, 47274768, 0
11704277, 48491997, 0
15836414, 48716228, 0
9229528, 49176372, 0
10056267, 49635211, 0
19717683, 50437290, 0
8924361, 50389819, 0
10491391, 50096557, 0
Waiting for the board to finish...
       c0: 5	c1: 5	c2: 5	c3: 5	c4: 5	c5: 5	c6: 5	c7: 5	c8: 5	c9: 5	c10: 5	c11: 5	c13: 5	c14: 5	c15: 5	
Read data from board
2689755, 46191642, 0
6637512, 46388567, 0
11579074, 46580806, 0
15523864, 46816997, 0
8135728, 48284203, 0
7980502, 48099187, 0
9980857, 47731794, 0
9311744, 47268695, 0
11708529, 48482324, 0
15841838, 48706246, 0
9224587, 49166056, 0
10057109, 49624424, 0
19707154, 50426761, 0
8913414, 50379300, 0
10489752, 50086048, 0
Waiting for the board to finish...
       c0: 5	c1: 5	c2: 5	c3: 5	c4: 5	c5: 5	c6: 5	c7: 5	c8: 5	c9: 5	c10: 5	c11: 5	c13: 5	c14: 5	c15: 5	
Read data from board
2689755, 46200317, 0
6632776, 46398460, 0
11577652, 46589547, 0
15531234, 46824812, 0
8128667, 48292951, 0
7975916, 48107208, 0
9979961, 47740952, 0
9321228, 47277158, 0
11704526, 48490484, 0
15835581, 48713626, 0
9228643, 49172659, 0
10057394, 49631845, 0
19714595, 50434202, 0
8921430, 50386723, 0
10493153, 50093465, 0
Waiting for the board to finish...
       c0: 5	c1: 5	c2: 5	c3: 5	c4: 5	c5: 5	c6: 5	c7: 5	c8: 5	c9: 5	c10: 5	c11: 5	c13: 5	c14: 5	c15: 5	
Read data from board
2689755, 46195230, 0
6634131, 46395220, 0
11576814, 46587283, 0
15528751, 46822639, 0
8128717, 48290348, 0
7974661, 48104789, 0
9980909, 47737696, 0
9319773, 47273662, 0
11704567, 48487558, 0
15836017, 48712198, 0
9229012, 49172329, 0
10056762, 49630379, 0
19713148, 50432755, 0
8919511, 50385274, 0
10487909, 50092020, 0
Waiting for the board to finish...
       c0: 5	c1: 5	c2: 5	c3: 5	c4: 5	c5: 5	c6: 5	c7: 5	c8: 5	c9: 5	c10: 5	c11: 5	c13: 5	c14: 5	c15: 5	
Read data from board
2689755, 46193816, 0
6634551, 46394092, 0
11575670, 46584351, 0
15526523, 46821144, 0
8128885, 48290402, 0
7976743, 48104417, 0
9980678, 47736925, 0
9316799, 47273167, 0
11703915, 48487537, 0
15833973, 48711761, 0
9228156, 49171915, 0
10058930, 49630856, 0
19713912, 50433519, 0
8920347, 50386046, 0
10489572, 50092772, 0
Waiting for the board to finish...
       c0: 5	c1: 5	c2: 5	c3: 5	c4: 5	c5: 5	c6: 5	c7: 5	c8: 5	c9: 5	c10: 5	c11: 5	c13: 5	c14: 5	c15: 5	
Read data from board
2689755, 46194137, 0
6633035, 46395802, 0
11576961, 46584831, 0
15530194, 46820827, 0
8128301, 48290893, 0
7975478, 48104513, 0
9979692, 47736614, 0
9319829, 47273690, 0
11704146, 48487889, 0
15834569, 48712199, 0
9228128, 49172651, 0
10057253, 49631794, 0
19714300, 50433907, 0
8921004, 50386434, 0
10492955, 50093145, 0
Waiting for the board to finish...
       c0: 5	c1: 5	c2: 5	c3: 5	c4: 5	c5: 5	c6: 5	c7: 5	c8: 5	c9: 5	c10: 5	c11: 5	c13: 5	c14: 5	c15: 5	
Read data from board
2689755, 46192719, 0
6629180, 46390124, 0
11570162, 46585304, 0
15524622, 46817745, 0
8128929, 48287705, 0
7970867, 48101847, 0
9974581, 47733940, 0
9320339, 47269388, 0
11704296, 48485089, 0
15836336, 48708428, 0
9229706, 49168984, 0
10054672, 49627239, 0
19709980, 50429587, 0
8916869, 50382122, 0
10486786, 50088870, 0
Waiting for the board to finish...
       c0: 5	c1: 5	c2: 5	c3: 5	c4: 5	c5: 5	c6: 5	c7: 5	c8: 5	c9: 5	c10: 5	c11: 5	c13: 5	c14: 5	c15: 5	
Read data from board
2689755, 46203337, 0
6630327, 46399979, 0
11574222, 46591767, 0
15527107, 46827548, 0
8128837, 48296641, 0
7974293, 48111193, 0
9978866, 47743116, 0
9320917, 47278896, 0
11704609, 48494906, 0
15837766, 48718033, 0
9230876, 49178273, 0
10056987, 49637531, 0
19720062, 50439669, 0
8926601, 50392206, 0
10496246, 50098954, 0
Waiting for the board to finish...
       c0: 5	c1: 5	c2: 5	c3: 5	c4: 5	c5: 5	c6: 5	c7: 5	c8: 5	c9: 5	c10: 5	c11: 5	c13: 5	c14: 5	c15: 5	
Read data from board
2689755, 46202337, 0
6633012, 46402163, 0
11575277, 46591903, 0
15528898, 46829471, 0
8128655, 48297903, 0
7972987, 48111326, 0
9979074, 47745405, 0
9320052, 47280562, 0
11704911, 48495642, 0
15838592, 48719106, 0
9231560, 49178117, 0
10057308, 49637051, 0
19720143, 50439750, 0
8927126, 50392285, 0
10495082, 50099031, 0
Average:
2689755, 46195238, 0
6633128, 46394348, 0
11575900, 46585667, 0
15528111, 46821276, 0
8129346, 48290415, 0
7974816, 48104413, 0
9978957, 47736999, 0
9319043, 47273046, 0
11704697, 48487850, 0
15836513, 48711568, 0
9228810, 49171529, 0
10057106, 49630342, 0
19619222, 50432748, 0
8919833, 50385220, 0
10491800, 50091958, 0
