Host is running ...
size: 64000
Waiting for the board to finish...
       c0: 5	c1: 5	c2: 5	c3: 5	c4: 5	c5: 5	c6: 5	c7: 5	c8: 5	c9: 5	c10: 5	c11: 5	c13: 5	c14: 5	c15: 5	
Read data from board
213666, 236539617, 0
1112401, 237223616, 0
801183, 237913450, 0
1673614, 238880213, 0
2185156, 244477317, 0
1296922, 243557401, 0
1965086, 242099057, 0
1813147, 240612998, 0
1145894, 245403125, 0
2354281, 247368884, 0
2401187, 250050019, 0
2570127, 252812702, 0
0, 258361163, 0
2696364, 258072867, 0
2741533, 255717242, 0
Waiting for the board to finish...
       c0: 5	c1: 5	c2: 5	c3: 5	c4: 5	c5: 5	c6: 5	c7: 5	c8: 5	c9: 5	c10: 5	c11: 5	c13: 5	c14: 5	c15: 5	
Read data from board
213666, 236536863, 0
1112382, 237220800, 0
800664, 237908615, 0
1675121, 238878661, 0
2186871, 244473012, 0
1296126, 243553517, 0
1968485, 242095637, 0
1818464, 240610953, 0
1146692, 245398816, 0
2352427, 247364427, 0
2402508, 250045927, 0
2573935, 252807367, 0
0, 258352809, 0
2696591, 258072169, 0
2740830, 255704843, 0
Waiting for the board to finish...
       c0: 5	c1: 5	c2: 5	c3: 5	c4: 5	c5: 5	c6: 5	c7: 5	c8: 5	c9: 5	c10: 5	c11: 5	c13: 5	c14: 5	c15: 5	
Read data from board
213666, 236534215, 0
1112110, 237218025, 0
802036, 237908249, 0
1675028, 238876688, 0
2186253, 244474755, 0
1297652, 243554943, 0
1966738, 242096481, 0
1817266, 240610354, 0
1146304, 245400279, 0
2354305, 247366677, 0
2401869, 250048178, 0
2569980, 252811886, 0
0, 258360648, 0
2696125, 258078952, 0
2741137, 255714800, 0
Waiting for the board to finish...
       c0: 5	c1: 5	c2: 5	c3: 5	c4: 5	c5: 5	c6: 5	c7: 5	c8: 5	c9: 5	c10: 5	c11: 5	c13: 5	c14: 5	c15: 5	
Read data from board
213666, 236516762, 0
1112238, 237201573, 0
801099, 237891567, 0
1672560, 238854134, 0
2186466, 244451470, 0
1297067, 243531662, 0
1964769, 242073812, 0
1810287, 240587515, 0
1147410, 245377102, 0
2353373, 247342467, 0
2401066, 250025571, 0
2572992, 252788166, 0
0, 258335846, 0
2695851, 258053196, 0
2740317, 255692235, 0
Waiting for the board to finish...
       c0: 5	c1: 5	c2: 5	c3: 5	c4: 5	c5: 5	c6: 5	c7: 5	c8: 5	c9: 5	c10: 5	c11: 5	c13: 5	c14: 5	c15: 5	
Read data from board
213666, 236536022, 0
1112239, 237220290, 0
800468, 237909567, 0
1674113, 238876920, 0
2184910, 244472927, 0
1294941, 243553482, 0
1965370, 242095361, 0
1815616, 240609801, 0
1146759, 245398428, 0
2355636, 247364886, 0
2401075, 250046970, 0
2572279, 252810046, 0
0, 258356949, 0
2696303, 258074901, 0
2740008, 255715399, 0
Waiting for the board to finish...
       c0: 5	c1: 5	c2: 5	c3: 5	c4: 5	c5: 5	c6: 5	c7: 5	c8: 5	c9: 5	c10: 5	c11: 5	c13: 5	c14: 5	c15: 5	
Read data from board
213666, 236535263, 0
1112228, 237220709, 0
801437, 237910103, 0
1673959, 238874980, 0
2184744, 244470866, 0
1294912, 243551260, 0
1965602, 242093972, 0
1815859, 240607327, 0
1147364, 245396734, 0
2356001, 247363498, 0
2401740, 250045138, 0
2571738, 252806995, 0
0, 258345843, 0
2696214, 258068088, 0
2741647, 255704723, 0
Waiting for the board to finish...
       c0: 5	c1: 5	c2: 5	c3: 5	c4: 5	c5: 5	c6: 5	c7: 5	c8: 5	c9: 5	c10: 5	c11: 5	c13: 5	c14: 5	c15: 5	
Read data from board
213666, 236528121, 0
1112109, 237211688, 0
799826, 237901732, 0
1674219, 238869289, 0
2185129, 244465435, 0
1296863, 243545816, 0
1965387, 242087377, 0
1816234, 240602166, 0
1145514, 245391171, 0
2353157, 247356770, 0
2401506, 250037552, 0
2570825, 252799513, 0
0, 258342712, 0
2696669, 258062442, 0
2739683, 255698060, 0
Waiting for the board to finish...
       c0: 5	c1: 5	c2: 5	c3: 5	c4: 5	c5: 5	c6: 5	c7: 5	c8: 5	c9: 5	c10: 5	c11: 5	c13: 5	c14: 5	c15: 5	
Read data from board
213666, 236540118, 0
1112025, 237225466, 0
802228, 237914572, 0
1673944, 238883242, 0
2185713, 244479743, 0
1295783, 243560389, 0
1966978, 242101672, 0
1817433, 240616491, 0
1145952, 245405690, 0
2354310, 247371784, 0
2401065, 250054456, 0
2570422, 252817708, 0
0, 258356832, 0
2696225, 258077930, 0
2740423, 255714957, 0
Waiting for the board to finish...
       c0: 5	c1: 5	c2: 5	c3: 5	c4: 5	c5: 5	c6: 5	c7: 5	c8: 5	c9: 5	c10: 5	c11: 5	c13: 5	c14: 5	c15: 5	
Read data from board
213666, 236533197, 0
1112184, 237217489, 0
801870, 237905548, 0
1674283, 238874779, 0
2185643, 244471954, 0
1296670, 243552186, 0
1966596, 242093930, 0
1817336, 240607441, 0
1145847, 245397636, 0
2354051, 247363887, 0
2402292, 250045334, 0
2573265, 252807349, 0
0, 258346924, 0
2696225, 258066819, 0
2741203, 255705830, 0
Waiting for the board to finish...
       c0: 5	c1: 5	c2: 5	c3: 5	c4: 5	c5: 5	c6: 5	c7: 5	c8: 5	c9: 5	c10: 5	c11: 5	c13: 5	c14: 5	c15: 5	
Read data from board
213666, 236533066, 0
1112359, 237216756, 0
801146, 237905672, 0
1673178, 238874105, 0
2186877, 244471044, 0
1295689, 243550754, 0
1968598, 242092546, 0
1816706, 240606407, 0
1147346, 245396480, 0
2356418, 247363069, 0
2400659, 250044203, 0
2569300, 252807460, 0
0, 258364091, 0
2695969, 258076582, 0
2740413, 255709039, 0
Average:
213666, 236533324, 0
1112227, 237217641, 0
801195, 237906907, 0
1674001, 238874301, 0
2185776, 244470852, 0
1296262, 243551141, 0
1966360, 242092984, 0
1815834, 240607145, 0
1146508, 245396546, 0
2354395, 247362634, 0
2401496, 250044334, 0
2571486, 252806919, 0
0, 258352381, 0
2696253, 258070394, 0
2740719, 255707712, 0
