Host is running ...
size: 64000
Waiting for the board to finish...
       c0: 5	c1: 5	c2: 5	c3: 5	c4: 5	c5: 5	c6: 5	c7: 5	c8: 5	c9: 5	c10: 5	c11: 5	c13: 5	c14: 5	c15: 5	
Read data from board
111672, 224994569, 0
440602, 226415628, 0
330084, 227804660, 0
777988, 229885902, 0
1831367, 240901662, 0
1191787, 239051751, 0
1398208, 236213267, 0
1108176, 233196440, 0
1014279, 242758125, 0
2130128, 246697743, 0
2485707, 252061671, 0
2726404, 257958971, 0
0, 268845610, 0
3111990, 268160378, 0
3056922, 264092503, 0
Waiting for the board to finish...
       c0: 5	c1: 5	c2: 5	c3: 5	c4: 5	c5: 5	c6: 5	c7: 5	c8: 5	c9: 5	c10: 5	c11: 5	c13: 5	c14: 5	c15: 5	
Read data from board
111672, 225009800, 0
440512, 226430834, 0
329908, 227820621, 0
779936, 229901410, 0
1831693, 240914866, 0
1189811, 239066036, 0
1398087, 236227168, 0
1118676, 233209513, 0
1017443, 242772380, 0
2129257, 246712115, 0
2488218, 252074329, 0
2729907, 257971955, 0
0, 268860763, 0
3111708, 268176602, 0
3059286, 264093405, 0
Waiting for the board to finish...
       c0: 5	c1: 5	c2: 5	c3: 5	c4: 5	c5: 5	c6: 5	c7: 5	c8: 5	c9: 5	c10: 5	c11: 5	c13: 5	c14: 5	c15: 5	
Read data from board
115808, 225022815, 0
440543, 226444260, 0
329993, 227832851, 0
793112, 229910320, 0
1837406, 240924409, 0
1190510, 239075681, 0
1401958, 236236902, 0
1121611, 233219343, 0
1018895, 242781344, 0
2131350, 246718943, 0
2487969, 252081569, 0
2725387, 257979126, 0
0, 268874523, 0
3113002, 268189215, 0
3061656, 264106568, 0
Waiting for the board to finish...
       c0: 5	c1: 5	c2: 5	c3: 5	c4: 5	c5: 5	c6: 5	c7: 5	c8: 5	c9: 5	c10: 5	c11: 5	c13: 5	c14: 5	c15: 5	
Read data from board
111672, 225008850, 0
440555, 226428585, 0
329569, 227816927, 0
786155, 229900989, 0
1830975, 240916971, 0
1190688, 239067556, 0
1398007, 236229765, 0
1120822, 233211063, 0
1014885, 242773851, 0
2128765, 246711145, 0
2481572, 252074452, 0
2722440, 257973751, 0
0, 268841514, 0
3111972, 268163696, 0
3061777, 264097718, 0
Waiting for the board to finish...
       c0: 5	c1: 5	c2: 5	c3: 5	c4: 5	c5: 5	c6: 5	c7: 5	c8: 5	c9: 5	c10: 5	c11: 5	c13: 5	c14: 5	c15: 5	
Read data from board
111672, 224997320, 0
440371, 226417473, 0
330197, 227806608, 0
778193, 229886940, 0
1828963, 240901814, 0
1192062, 239052623, 0
1397791, 236213866, 0
1114602, 233196134, 0
1018880, 242759356, 0
2130267, 246699255, 0
2484748, 252062232, 0
2721809, 257960125, 0
0, 268853219, 0
3112624, 268164070, 0
3062234, 264084464, 0
Waiting for the board to finish...
       c0: 5	c1: 5	c2: 5	c3: 5	c4: 5	c5: 5	c6: 5	c7: 5	c8: 5	c9: 5	c10: 5	c11: 5	c13: 5	c14: 5	c15: 5	
Read data from board
111672, 224994083, 0
440486, 226416042, 0
329026, 227805206, 0
778206, 229884317, 0
1829658, 240897163, 0
1185277, 239047320, 0
1397540, 236209545, 0
1111196, 233192055, 0
1012491, 242753372, 0
2129912, 246692855, 0
2483316, 252055883, 0
2728061, 257952846, 0
0, 268856549, 0
3111759, 268163488, 0
3060035, 264084582, 0
Waiting for the board to finish...
       c0: 5	c1: 5	c2: 5	c3: 5	c4: 5	c5: 5	c6: 5	c7: 5	c8: 5	c9: 5	c10: 5	c11: 5	c13: 5	c14: 5	c15: 5	
Read data from board
115808, 225015536, 0
440529, 226435208, 0
329911, 227824710, 0
788040, 229903900, 0
1837989, 240916923, 0
1191438, 239067590, 0
1399971, 236230456, 0
1119466, 233211409, 0
1019018, 242774327, 0
2130876, 246714460, 0
2485744, 252077343, 0
2723460, 257976894, 0
0, 268854258, 0
3112661, 268168992, 0
3057990, 264104912, 0
Waiting for the board to finish...
       c0: 5	c1: 5	c2: 5	c3: 5	c4: 5	c5: 5	c6: 5	c7: 5	c8: 5	c9: 5	c10: 5	c11: 5	c13: 5	c14: 5	c15: 5	
Read data from board
115808, 225023752, 0
440468, 226444525, 0
329694, 227836177, 0
795310, 229912935, 0
1839614, 240925432, 0
1191014, 239076229, 0
1406032, 236239115, 0
1122538, 233220495, 0
1019286, 242781659, 0
2138770, 246724213, 0
2494152, 252087150, 0
2732411, 257987222, 0
0, 268877026, 0
3112534, 268194137, 0
3060232, 264118190, 0
Waiting for the board to finish...
       c0: 5	c1: 5	c2: 5	c3: 5	c4: 5	c5: 5	c6: 5	c7: 5	c8: 5	c9: 5	c10: 5	c11: 5	c13: 5	c14: 5	c15: 5	
Read data from board
111672, 225012281, 0
440555, 226432465, 0
329581, 227823065, 0
778333, 229901364, 0
1829309, 240916626, 0
1190499, 239067503, 0
1398387, 236229479, 0
1118760, 233210869, 0
1013734, 242773236, 0
2129065, 246714988, 0
2487885, 252077729, 0
2730024, 257974977, 0
0, 268853828, 0
3112456, 268167871, 0
3063148, 264102397, 0
Waiting for the board to finish...
       c0: 5	c1: 5	c2: 5	c3: 5	c4: 5	c5: 5	c6: 5	c7: 5	c8: 5	c9: 5	c10: 5	c11: 5	c13: 5	c14: 5	c15: 5	
Read data from board
111672, 225003234, 0
440596, 226424963, 0
329305, 227815748, 0
777900, 229896886, 0
1829314, 240911934, 0
1191176, 239063152, 0
1397735, 236223897, 0
1121330, 233206661, 0
1018310, 242768011, 0
2131258, 246705742, 0
2492207, 252069050, 0
2728829, 257967899, 0
0, 268859737, 0
3112420, 268177492, 0
3061272, 264100899, 0
Average:
112912, 225008224, 0
440521, 226428998, 0
329726, 227818657, 0
783317, 229898496, 0
1832628, 240912780, 0
1190426, 239063544, 0
1399371, 236225346, 0
1117717, 233207398, 0
1016722, 242769566, 0
2130964, 246709145, 0
2487151, 252072140, 0
2726873, 257970376, 0
0, 268857702, 0
3112312, 268172594, 0
3060455, 264098563, 0
