Host is running ...
size: 64000
Waiting for the board to finish...
       c0: 5	c1: 5	c2: 5	c3: 5	c4: 5	c5: 5	c6: 5	c7: 5	c8: 5	c9: 5	c10: 5	c11: 5	c12: 5	c13: 5	c14: 5	
Read data from board
35953095, 59463566, 0
6577606, 59652705, 0
16976628, 59834134, 0
24089053, 60048648, 0
27805247, 60425503, 0
30474500, 60799789, 0
18955745, 61215309, 0
0, 61398069, 0
0, 61399055, 0
0, 61400840, 0
0, 61403064, 0
0, 61405808, 0
0, 61407405, 0
0, 61439099, 0
0, 61445554, 0
Waiting for the board to finish...
       c0: 5	c1: 5	c2: 5	c3: 5	c4: 5	c5: 5	c6: 5	c7: 5	c8: 5	c9: 5	c10: 5	c11: 5	c12: 5	c13: 5	c14: 5	
Read data from board
35959480, 59470015, 0
6585967, 59658559, 0
16989404, 59840021, 0
24105323, 60054272, 0
27822559, 60430872, 0
30481483, 60805033, 0
18966665, 61220252, 0
0, 61403140, 0
0, 61404138, 0
0, 61405897, 0
0, 61408115, 0
0, 61410864, 0
0, 61412468, 0
0, 61444161, 0
0, 61450625, 0
Waiting for the board to finish...
       c0: 5	c1: 5	c2: 5	c3: 5	c4: 5	c5: 5	c6: 5	c7: 5	c8: 5	c9: 5	c10: 5	c11: 5	c12: 5	c13: 5	c14: 5	
Read data from board
35958521, 59468539, 0
6583391, 59657202, 0
16983680, 59838565, 0
24102963, 60053258, 0
27815126, 60429872, 0
30489743, 60804615, 0
18967988, 61219944, 0
0, 61402852, 0
0, 61403837, 0
0, 61405617, 0
0, 61407820, 0
0, 61410569, 0
0, 61412164, 0
0, 61443849, 0
0, 61450310, 0
Waiting for the board to finish...
       c0: 5	c1: 5	c2: 5	c3: 5	c4: 5	c5: 5	c6: 5	c7: 5	c8: 5	c9: 5	c10: 5	c11: 5	c12: 5	c13: 5	c14: 5	
Read data from board
35959248, 59467367, 0
6578058, 59656325, 0
16979855, 59837956, 0
24102222, 60052155, 0
27822061, 60428647, 0
30490149, 60803186, 0
18963834, 61218725, 0
0, 61401598, 0
0, 61402585, 0
0, 61404366, 0
0, 61406580, 0
0, 61409292, 0
0, 61410868, 0
0, 61442552, 0
0, 61448995, 0
Waiting for the board to finish...
       c0: 5	c1: 5	c2: 5	c3: 5	c4: 5	c5: 5	c6: 5	c7: 5	c8: 5	c9: 5	c10: 5	c11: 5	c12: 5	c13: 5	c14: 5	
Read data from board
35968133, 59478574, 0
6599364, 59667356, 0
17009397, 59848900, 0
24126330, 60063149, 0
27836263, 60439057, 0
30504942, 60813805, 0
18979449, 61229595, 0
0, 61412536, 0
0, 61413528, 0
0, 61415293, 0
0, 61417522, 0
0, 61420243, 0
0, 61421831, 0
0, 61453515, 0
0, 61459980, 0
Waiting for the board to finish...
       c0: 5	c1: 5	c2: 5	c3: 5	c4: 5	c5: 5	c6: 5	c7: 5	c8: 5	c9: 5	c10: 5	c11: 5	c12: 5	c13: 5	c14: 5	
Read data from board
35951175, 59460014, 0
6571346, 59648945, 0
16966317, 59830208, 0
24070434, 60044198, 0
27791290, 60420689, 0
30450556, 60795352, 0
18941009, 61211025, 0
0, 61394057, 0
0, 61395052, 0
0, 61396795, 0
0, 61398989, 0
0, 61401739, 0
0, 61403313, 0
0, 61434991, 0
0, 61441435, 0
Waiting for the board to finish...
       c0: 5	c1: 5	c2: 5	c3: 5	c4: 5	c5: 5	c6: 5	c7: 5	c8: 5	c9: 5	c10: 5	c11: 5	c12: 5	c13: 5	c14: 5	
Read data from board
35962375, 59473102, 0
6585614, 59661817, 0
16989201, 59843579, 0
24107814, 60058071, 0
27821222, 60435275, 0
30473303, 60809727, 0
18970300, 61225039, 0
0, 61407994, 0
0, 61408976, 0
0, 61410742, 0
0, 61412998, 0
0, 61415711, 0
0, 61417296, 0
0, 61449000, 0
0, 61455459, 0
Waiting for the board to finish...
       c0: 5	c1: 5	c2: 5	c3: 5	c4: 5	c5: 5	c6: 5	c7: 5	c8: 5	c9: 5	c10: 5	c11: 5	c12: 5	c13: 5	c14: 5	
Read data from board
35959316, 59470291, 0
6582947, 59658908, 0
16986842, 59840152, 0
24108445, 60054538, 0
27813072, 60431180, 0
30480502, 60805437, 0
18966497, 61221002, 0
0, 61403803, 0
0, 61404780, 0
0, 61406549, 0
0, 61408739, 0
0, 61411457, 0
0, 61413041, 0
0, 61444726, 0
0, 61451169, 0
Waiting for the board to finish...
       c0: 5	c1: 5	c2: 5	c3: 5	c4: 5	c5: 5	c6: 5	c7: 5	c8: 5	c9: 5	c10: 5	c11: 5	c12: 5	c13: 5	c14: 5	
Read data from board
35958059, 59467187, 0
6579673, 59655930, 0
16980201, 59837747, 0
24095862, 60051957, 0
27816003, 60428521, 0
30479669, 60802950, 0
18961895, 61218565, 0
0, 61401498, 0
0, 61402480, 0
0, 61404264, 0
0, 61406460, 0
0, 61409226, 0
0, 61410811, 0
0, 61442507, 0
0, 61449013, 0
Waiting for the board to finish...
       c0: 5	c1: 5	c2: 5	c3: 5	c4: 5	c5: 5	c6: 5	c7: 5	c8: 5	c9: 5	c10: 5	c11: 5	c12: 5	c13: 5	c14: 5	
Read data from board
35956265, 59465968, 0
6581066, 59654386, 0
16983203, 59835953, 0
24096885, 60050384, 0
27812949, 60426907, 0
30467129, 60801811, 0
18957734, 61217795, 0
0, 61400555, 0
0, 61401545, 0
0, 61403326, 0
0, 61405521, 0
0, 61408258, 0
0, 61409843, 0
0, 61441543, 0
0, 61447998, 0
Average:
35958566, 59468462, 0
6582503, 59657213, 0
16984472, 59838721, 0
24100533, 60053063, 0
27815579, 60429652, 0
30479197, 60804170, 0
18963111, 61219725, 0
0, 61402610, 0
0, 61403597, 0
0, 61405368, 0
0, 61407580, 0
0, 61410316, 0
0, 61411904, 0
0, 61443594, 0
0, 61450053, 0
