Host is running ...
size: 64000
Waiting for the board to finish...
       c0: 5	c1: 5	c2: 5	c3: 5	c4: 5	c5: 5	c6: 5	c7: 5	c8: 5	c9: 5	c10: 5	c11: 5	c12: 5	c13: 5	c14: 5	
Read data from board
37430995, 60902597, 0
8739348, 60927878, 0
22192321, 60961734, 0
30369311, 60975639, 0
32646128, 61035913, 0
33521573, 61095952, 0
19738890, 61194926, 0
0, 61225788, 0
0, 61226779, 0
0, 61228554, 0
0, 61230789, 0
0, 61233488, 0
0, 61235085, 0
0, 61266863, 0
0, 61271983, 0
Waiting for the board to finish...
       c0: 5	c1: 5	c2: 5	c3: 5	c4: 5	c5: 5	c6: 5	c7: 5	c8: 5	c9: 5	c10: 5	c11: 5	c12: 5	c13: 5	c14: 5	
Read data from board
37438838, 60908337, 0
8739513, 60933554, 0
22198631, 60967450, 0
30375504, 60981347, 0
32656426, 61041561, 0
33532338, 61101457, 0
19742082, 61199904, 0
0, 61230738, 0
0, 61231718, 0
0, 61233482, 0
0, 61235686, 0
0, 61238434, 0
0, 61240023, 0
0, 61271803, 0
0, 61276927, 0
Waiting for the board to finish...
       c0: 5	c1: 5	c2: 5	c3: 5	c4: 5	c5: 5	c6: 5	c7: 5	c8: 5	c9: 5	c10: 5	c11: 5	c12: 5	c13: 5	c14: 5	
Read data from board
37443501, 60913084, 0
8748752, 60938390, 0
22207708, 60972240, 0
30388610, 60986150, 0
32660480, 61046104, 0
33540187, 61105965, 0
19746344, 61204539, 0
0, 61235436, 0
0, 61236424, 0
0, 61238233, 0
0, 61240444, 0
0, 61243194, 0
0, 61244774, 0
0, 61276476, 0
0, 61281676, 0
Waiting for the board to finish...
       c0: 5	c1: 5	c2: 5	c3: 5	c4: 5	c5: 5	c6: 5	c7: 5	c8: 5	c9: 5	c10: 5	c11: 5	c12: 5	c13: 5	c14: 5	
Read data from board
37434519, 60905561, 0
8739393, 60930834, 0
22194268, 60964634, 0
30372199, 60978576, 0
32641049, 61038535, 0
33523898, 61098576, 0
19736336, 61197063, 0
0, 61227993, 0
0, 61228968, 0
0, 61230734, 0
0, 61232962, 0
0, 61235667, 0
0, 61237272, 0
0, 61269055, 0
0, 61274174, 0
Waiting for the board to finish...
       c0: 5	c1: 5	c2: 5	c3: 5	c4: 5	c5: 5	c6: 5	c7: 5	c8: 5	c9: 5	c10: 5	c11: 5	c12: 5	c13: 5	c14: 5	
Read data from board
37440134, 60910232, 0
8744781, 60935502, 0
22200081, 60969582, 0
30379287, 60983526, 0
32650977, 61043734, 0
33530843, 61103656, 0
19743486, 61202353, 0
0, 61233188, 0
0, 61234191, 0
0, 61235978, 0
0, 61238168, 0
0, 61240928, 0
0, 61242525, 0
0, 61274319, 0
0, 61279442, 0
Waiting for the board to finish...
       c0: 5	c1: 5	c2: 5	c3: 5	c4: 5	c5: 5	c6: 5	c7: 5	c8: 5	c9: 5	c10: 5	c11: 5	c12: 5	c13: 5	c14: 5	
Read data from board
37434863, 60905361, 0
8740782, 60930628, 0
22197222, 60964345, 0
30374320, 60978250, 0
32647434, 61038307, 0
33527578, 61098238, 0
19737191, 61197149, 0
0, 61227961, 0
0, 61228960, 0
0, 61230723, 0
0, 61232946, 0
0, 61235665, 0
0, 61237265, 0
0, 61269039, 0
0, 61274166, 0
Waiting for the board to finish...
       c0: 5	c1: 5	c2: 5	c3: 5	c4: 5	c5: 5	c6: 5	c7: 5	c8: 5	c9: 5	c10: 5	c11: 5	c12: 5	c13: 5	c14: 5	
Read data from board
37445474, 60914199, 0
8750396, 60939436, 0
22204936, 60973431, 0
30385394, 60987381, 0
32657530, 61047525, 0
33543497, 61107734, 0
19749710, 61206321, 0
0, 61237228, 0
0, 61238240, 0
0, 61240014, 0
0, 61242220, 0
0, 61244983, 0
0, 61246570, 0
0, 61278278, 0
0, 61283498, 0
Waiting for the board to finish...
       c0: 5	c1: 5	c2: 5	c3: 5	c4: 5	c5: 5	c6: 5	c7: 5	c8: 5	c9: 5	c10: 5	c11: 5	c12: 5	c13: 5	c14: 5	
Read data from board
37443724, 60913164, 0
8747472, 60938448, 0
22206069, 60972385, 0
30386190, 60986314, 0
32660957, 61046343, 0
33545822, 61106479, 0
19747648, 61205189, 0
0, 61236087, 0
0, 61237076, 0
0, 61238839, 0
0, 61241036, 0
0, 61243739, 0
0, 61245323, 0
0, 61277032, 0
0, 61282232, 0
Waiting for the board to finish...
       c0: 5	c1: 5	c2: 5	c3: 5	c4: 5	c5: 5	c6: 5	c7: 5	c8: 5	c9: 5	c10: 5	c11: 5	c12: 5	c13: 5	c14: 5	
Read data from board
37436244, 60905899, 0
8740631, 60930991, 0
22195972, 60965094, 0
30372842, 60979031, 0
32651548, 61039140, 0
33524583, 61099172, 0
19736112, 61197669, 0
0, 61228483, 0
0, 61229463, 0
0, 61231236, 0
0, 61233440, 0
0, 61236168, 0
0, 61237762, 0
0, 61269453, 0
0, 61274663, 0
Waiting for the board to finish...
       c0: 5	c1: 5	c2: 5	c3: 5	c4: 5	c5: 5	c6: 5	c7: 5	c8: 5	c9: 5	c10: 5	c11: 5	c12: 5	c13: 5	c14: 5	
Read data from board
37436412, 60906486, 0
8740862, 60931759, 0
22199664, 60965523, 0
30377519, 60979439, 0
32652537, 61039825, 0
33526924, 61099811, 0
19740543, 61198256, 0
0, 61229123, 0
0, 61230119, 0
0, 61231914, 0
0, 61234140, 0
0, 61236872, 0
0, 61238457, 0
0, 61270239, 0
0, 61275366, 0
Average:
37438470, 60908492, 0
8743193, 60933742, 0
22199687, 60967641, 0
30378117, 60981565, 0
32652506, 61041698, 0
33531724, 61101704, 0
19741834, 61200336, 0
0, 61231202, 0
0, 61232193, 0
0, 61233970, 0
0, 61236183, 0
0, 61238913, 0
0, 61240505, 0
0, 61272255, 0
0, 61277412, 0
