Host is running ...
size: 64000
Waiting for the board to finish...
       c0: 5	c1: 5	c2: 5	c3: 5	c4: 5	c5: 5	c6: 5	c7: 5	c8: 5	c9: 5	c10: 5	c11: 5	c12: 5	c13: 5	c14: 5	
Read data from board
33980337, 57438005, 0
3871200, 57817487, 0
10620611, 58212867, 0
16414903, 58590188, 0
21782987, 59341666, 0
26636594, 60125637, 0
17949364, 60920269, 0
0, 61284032, 0
0, 61285005, 0
0, 61286765, 0
0, 61288971, 0
0, 61291690, 0
0, 61293277, 0
0, 61324941, 0
0, 61331397, 0
Waiting for the board to finish...
       c0: 5	c1: 5	c2: 5	c3: 5	c4: 5	c5: 5	c6: 5	c7: 5	c8: 5	c9: 5	c10: 5	c11: 5	c12: 5	c13: 5	c14: 5	
Read data from board
33980734, 57436777, 0
3870222, 57816603, 0
10624363, 58212184, 0
16425278, 58589002, 0
21797081, 59340896, 0
26646155, 60125522, 0
17955024, 60919908, 0
0, 61283615, 0
0, 61284602, 0
0, 61286378, 0
0, 61288588, 0
0, 61291349, 0
0, 61292949, 0
0, 61324646, 0
0, 61331104, 0
Waiting for the board to finish...
       c0: 5	c1: 5	c2: 5	c3: 5	c4: 5	c5: 5	c6: 5	c7: 5	c8: 5	c9: 5	c10: 5	c11: 5	c12: 5	c13: 5	c14: 5	
Read data from board
33979919, 57437582, 0
3872221, 57817487, 0
10635017, 58213077, 0
16449530, 58590155, 0
21815416, 59342409, 0
26668571, 60126591, 0
17964592, 60921001, 0
0, 61284785, 0
0, 61285788, 0
0, 61287578, 0
0, 61289771, 0
0, 61292505, 0
0, 61294094, 0
0, 61325827, 0
0, 61332270, 0
Waiting for the board to finish...
       c0: 5	c1: 5	c2: 5	c3: 5	c4: 5	c5: 5	c6: 5	c7: 5	c8: 5	c9: 5	c10: 5	c11: 5	c12: 5	c13: 5	c14: 5	
Read data from board
33980928, 57437426, 0
3871380, 57817547, 0
10624639, 58212916, 0
16430843, 58589989, 0
21797196, 59341972, 0
26667329, 60126502, 0
17960166, 60921085, 0
0, 61284790, 0
0, 61285765, 0
0, 61287540, 0
0, 61289719, 0
0, 61292459, 0
0, 61294038, 0
0, 61325738, 0
0, 61332185, 0
Waiting for the board to finish...
       c0: 5	c1: 5	c2: 5	c3: 5	c4: 5	c5: 5	c6: 5	c7: 5	c8: 5	c9: 5	c10: 5	c11: 5	c12: 5	c13: 5	c14: 5	
Read data from board
33978749, 57435505, 0
3868950, 57815689, 0
10620634, 58211201, 0
16418337, 58587987, 0
21794264, 59340173, 0
26640199, 60124983, 0
17953603, 60919877, 0
0, 61283468, 0
0, 61284450, 0
0, 61286219, 0
0, 61288457, 0
0, 61291168, 0
0, 61292771, 0
0, 61324464, 0
0, 61330921, 0
Waiting for the board to finish...
       c0: 5	c1: 5	c2: 5	c3: 5	c4: 5	c5: 5	c6: 5	c7: 5	c8: 5	c9: 5	c10: 5	c11: 5	c12: 5	c13: 5	c14: 5	
Read data from board
33980427, 57438213, 0
3876125, 57817991, 0
10630460, 58213367, 0
16436504, 58590032, 0
21797206, 59341410, 0
26646105, 60126475, 0
17955154, 60921308, 0
0, 61284878, 0
0, 61285868, 0
0, 61287640, 0
0, 61289868, 0
0, 61292629, 0
0, 61294212, 0
0, 61325921, 0
0, 61332425, 0
Waiting for the board to finish...
       c0: 5	c1: 5	c2: 5	c3: 5	c4: 5	c5: 5	c6: 5	c7: 5	c8: 5	c9: 5	c10: 5	c11: 5	c12: 5	c13: 5	c14: 5	
Read data from board
33981447, 57438206, 0
3870118, 57818182, 0
10623831, 58213389, 0
16426002, 58590424, 0
21792957, 59342301, 0
26658901, 60126793, 0
17956073, 60920920, 0
0, 61284687, 0
0, 61285683, 0
0, 61287457, 0
0, 61289682, 0
0, 61292416, 0
0, 61294012, 0
0, 61325714, 0
0, 61332168, 0
Waiting for the board to finish...
       c0: 5	c1: 5	c2: 5	c3: 5	c4: 5	c5: 5	c6: 5	c7: 5	c8: 5	c9: 5	c10: 5	c11: 5	c12: 5	c13: 5	c14: 5	
Read data from board
33980215, 57436723, 0
3867449, 57816858, 0
10617895, 58211929, 0
16412693, 58589276, 0
21784833, 59340669, 0
26645799, 60125213, 0
17950581, 60920213, 0
0, 61283825, 0
0, 61284822, 0
0, 61286617, 0
0, 61288833, 0
0, 61291587, 0
0, 61293181, 0
0, 61324870, 0
0, 61331322, 0
Waiting for the board to finish...
       c0: 5	c1: 5	c2: 5	c3: 5	c4: 5	c5: 5	c6: 5	c7: 5	c8: 5	c9: 5	c10: 5	c11: 5	c12: 5	c13: 5	c14: 5	
Read data from board
33986330, 57443215, 0
3880713, 57822896, 0
10649326, 58218096, 0
16451941, 58594676, 0
21812098, 59347198, 0
26664790, 60131303, 0
17963003, 60926132, 0
0, 61289558, 0
0, 61290541, 0
0, 61292298, 0
0, 61294488, 0
0, 61297218, 0
0, 61298803, 0
0, 61330494, 0
0, 61336940, 0
Waiting for the board to finish...
       c0: 5	c1: 5	c2: 5	c3: 5	c4: 5	c5: 5	c6: 5	c7: 5	c8: 5	c9: 5	c10: 5	c11: 5	c12: 5	c13: 5	c14: 5	
Read data from board
33980623, 57438224, 0
3873275, 57817459, 0
10633155, 58213283, 0
16436436, 58590643, 0
21815061, 59342496, 0
26672625, 60127213, 0
17956065, 60921797, 0
0, 61285477, 0
0, 61286450, 0
0, 61288220, 0
0, 61290442, 0
0, 61293146, 0
0, 61294736, 0
0, 61326417, 0
0, 61332866, 0
Average:
33980970, 57437987, 0
3872165, 57817819, 0
10627993, 58213230, 0
16430246, 58590237, 0
21798909, 59342119, 0
26654706, 60126623, 0
17956362, 60921251, 0
0, 61284911, 0
0, 61285897, 0
0, 61287671, 0
0, 61289881, 0
0, 61292616, 0
0, 61294207, 0
0, 61325903, 0
0, 61332359, 0
