Host is running ...
size: 64000
Waiting for the board to finish...
       c0: 5	c1: 5	c2: 5	c3: 5	c4: 5	c5: 5	c6: 5	c7: 5	c8: 5	c9: 5	c10: 5	c11: 5	c12: 5	c13: 5	c14: 5	
Read data from board
20395198, 233910453, 0
81703366, 234610962, 0
145777521, 235147354, 0
154650053, 235886176, 0
167897046, 237593463, 0
174318055, 239179508, 0
166593430, 240888917, 0
169537737, 241590528, 0
171364767, 242657467, 0
181812853, 244193834, 0
196738363, 246915294, 0
204393014, 249780257, 0
211939403, 252456025, 0
184831199, 254739196, 0
0, 254998156, 0
Waiting for the board to finish...
       c0: 5	c1: 5	c2: 5	c3: 5	c4: 5	c5: 5	c6: 5	c7: 5	c8: 5	c9: 5	c10: 5	c11: 5	c12: 5	c13: 5	c14: 5	
Read data from board
20392795, 233899218, 0
81632478, 234600195, 0
145655680, 235132866, 0
154517013, 235870351, 0
167817903, 237580719, 0
174299299, 239166881, 0
166593369, 240877654, 0
169548807, 241578236, 0
171372263, 242644685, 0
181832053, 244181355, 0
196743026, 246902930, 0
204406158, 249773009, 0
211947927, 252451681, 0
184839239, 254749524, 0
0, 255011821, 0
Waiting for the board to finish...
       c0: 5	c1: 5	c2: 5	c3: 5	c4: 5	c5: 5	c6: 5	c7: 5	c8: 5	c9: 5	c10: 5	c11: 5	c12: 5	c13: 5	c14: 5	
Read data from board
20376826, 233898526, 0
81638437, 234598249, 0
145693549, 235131616, 0
154579914, 235870909, 0
167850499, 237579834, 0
174316039, 239165961, 0
166608974, 240875460, 0
169517423, 241576671, 0
171346690, 242643652, 0
181793233, 244181836, 0
196688884, 246903448, 0
204310939, 249770024, 0
211902961, 252445462, 0
184820338, 254737338, 0
0, 255001427, 0
Waiting for the board to finish...
       c0: 5	c1: 5	c2: 5	c3: 5	c4: 5	c5: 5	c6: 5	c7: 5	c8: 5	c9: 5	c10: 5	c11: 5	c12: 5	c13: 5	c14: 5	
Read data from board
20399096, 233904883, 0
81692072, 234605024, 0
145745993, 235139158, 0
154597146, 235877463, 0
167863579, 237587924, 0
174314773, 239175478, 0
166585580, 240884550, 0
169506503, 241585810, 0
171329975, 242651951, 0
181773450, 244191032, 0
196700960, 246912437, 0
204364078, 249780253, 0
211950608, 252456401, 0
184839063, 254747578, 0
0, 255009379, 0
Waiting for the board to finish...
       c0: 5	c1: 5	c2: 5	c3: 5	c4: 5	c5: 5	c6: 5	c7: 5	c8: 5	c9: 5	c10: 5	c11: 5	c12: 5	c13: 5	c14: 5	
Read data from board
20361422, 233887341, 0
81626397, 234586977, 0
145663820, 235122410, 0
154509409, 235858843, 0
167798999, 237570148, 0
174220606, 239156506, 0
166521673, 240866167, 0
169465674, 241566416, 0
171293539, 242632882, 0
181750448, 244169508, 0
196666116, 246891408, 0
204304877, 249757204, 0
211885894, 252433161, 0
184825388, 254734611, 0
0, 254999282, 0
Waiting for the board to finish...
       c0: 5	c1: 5	c2: 5	c3: 5	c4: 5	c5: 5	c6: 5	c7: 5	c8: 5	c9: 5	c10: 5	c11: 5	c12: 5	c13: 5	c14: 5	
Read data from board
20375903, 233908272, 0
81648972, 234607612, 0
145706703, 235140844, 0
154601886, 235878374, 0
167871000, 237588691, 0
174314369, 239175435, 0
166579618, 240885104, 0
169534398, 241585846, 0
171363893, 242653325, 0
181821217, 244192492, 0
196726248, 246915788, 0
204370780, 249780465, 0
211935940, 252458214, 0
184844001, 254747959, 0
0, 255009420, 0
Waiting for the board to finish...
       c0: 5	c1: 5	c2: 5	c3: 5	c4: 5	c5: 5	c6: 5	c7: 5	c8: 5	c9: 5	c10: 5	c11: 5	c12: 5	c13: 5	c14: 5	
Read data from board
20388034, 233916882, 0
81679415, 234617304, 0
145729152, 235151696, 0
154595009, 235889975, 0
167867670, 237599859, 0
174325670, 239186088, 0
166595792, 240895170, 0
169548501, 241595784, 0
171372043, 242662389, 0
181809536, 244200807, 0
196725262, 246922477, 0
204360380, 249788789, 0
211937062, 252466060, 0
184850918, 254763002, 0
0, 255025343, 0
Waiting for the board to finish...
       c0: 5	c1: 5	c2: 5	c3: 5	c4: 5	c5: 5	c6: 5	c7: 5	c8: 5	c9: 5	c10: 5	c11: 5	c12: 5	c13: 5	c14: 5	
Read data from board
20404325, 233922241, 0
81699259, 234621677, 0
145756826, 235156353, 0
154606266, 235892070, 0
167877466, 237602634, 0
174328911, 239188421, 0
166624497, 240898752, 0
169558486, 241599118, 0
171382285, 242666922, 0
181830642, 244203412, 0
196754756, 246925529, 0
204392945, 249791872, 0
211962451, 252468467, 0
184854038, 254761765, 0
0, 255018772, 0
Waiting for the board to finish...
       c0: 5	c1: 5	c2: 5	c3: 5	c4: 5	c5: 5	c6: 5	c7: 5	c8: 5	c9: 5	c10: 5	c11: 5	c12: 5	c13: 5	c14: 5	
Read data from board
20411049, 233904417, 0
81692998, 234604243, 0
145739097, 235139225, 0
154596504, 235874266, 0
167855175, 237582553, 0
174309184, 239169243, 0
166607283, 240879091, 0
169550402, 241580652, 0
171376570, 242647553, 0
181819034, 244183644, 0
196738349, 246907160, 0
204369542, 249772371, 0
211952201, 252449032, 0
184820679, 254733232, 0
0, 254991297, 0
Waiting for the board to finish...
       c0: 5	c1: 5	c2: 5	c3: 5	c4: 5	c5: 5	c6: 5	c7: 5	c8: 5	c9: 5	c10: 5	c11: 5	c12: 5	c13: 5	c14: 5	
Read data from board
20388269, 233905720, 0
81678397, 234605077, 0
145747748, 235137143, 0
154638053, 235874139, 0
167882053, 237585306, 0
174336408, 239171380, 0
166624989, 240882439, 0
169547917, 241583930, 0
171373772, 242650289, 0
181813567, 244187761, 0
196738245, 246910778, 0
204389561, 249777047, 0
211959806, 252454563, 0
184840198, 254745140, 0
0, 255006632, 0
Average:
20389291, 233905795, 0
81669179, 234605732, 0
145721608, 235139866, 0
154589125, 235877256, 0
167858139, 237587113, 0
174308331, 239173490, 0
166593520, 240883330, 0
169531584, 241584299, 0
171357579, 242651111, 0
181805603, 244188568, 0
196722020, 246910724, 0
204366227, 249777129, 0
211937425, 252453906, 0
184836506, 254745934, 0
0, 255007152, 0
