Host is running ...
size: 64000
Waiting for the board to finish...
       c0: 5	c1: 5	c2: 5	c3: 5	c4: 5	c5: 5	c6: 5	c7: 5	c8: 5	c9: 5	c10: 5	c11: 5	c12: 5	c13: 5	c14: 5	
Read data from board
17225777, 240517277, 0
56649173, 240649377, 0
88301303, 240666971, 0
129800084, 240876014, 0
178466843, 241118094, 0
185028218, 241366281, 0
180856879, 241652764, 0
153157998, 241927853, 0
149137724, 241945906, 0
173146894, 242298870, 0
183833373, 242730366, 0
192857769, 243184970, 0
192815628, 243666812, 0
171004372, 244056674, 0
0, 244102035, 0
Waiting for the board to finish...
       c0: 5	c1: 5	c2: 5	c3: 5	c4: 5	c5: 5	c6: 5	c7: 5	c8: 5	c9: 5	c10: 5	c11: 5	c12: 5	c13: 5	c14: 5	
Read data from board
17237549, 240530988, 0
56631322, 240664852, 0
88283010, 240682426, 0
129782041, 240893706, 0
178455306, 241135229, 0
185033113, 241384081, 0
180868349, 241668488, 0
153167007, 241946135, 0
149153147, 241963879, 0
173174822, 242318973, 0
183883716, 242750401, 0
192880380, 243205636, 0
192827201, 243687650, 0
171035096, 244074212, 0
0, 244123777, 0
Waiting for the board to finish...
       c0: 5	c1: 5	c2: 5	c3: 5	c4: 5	c5: 5	c6: 5	c7: 5	c8: 5	c9: 5	c10: 5	c11: 5	c12: 5	c13: 5	c14: 5	
Read data from board
17219276, 240509842, 0
56626962, 240641225, 0
88278049, 240658898, 0
129773728, 240869770, 0
178434899, 241110972, 0
185002663, 241360525, 0
180851881, 241644867, 0
153120556, 241921164, 0
149099004, 241938929, 0
173140723, 242293455, 0
183860955, 242725861, 0
192878374, 243180572, 0
192801230, 243662377, 0
171008426, 244049987, 0
0, 244098240, 0
Waiting for the board to finish...
       c0: 5	c1: 5	c2: 5	c3: 5	c4: 5	c5: 5	c6: 5	c7: 5	c8: 5	c9: 5	c10: 5	c11: 5	c12: 5	c13: 5	c14: 5	
Read data from board
17220579, 240500822, 0
56660769, 240631942, 0
88315396, 240649694, 0
129827696, 240859345, 0
178490218, 241102474, 0
185053141, 241351034, 0
180870457, 241636219, 0
153179084, 241912636, 0
149172066, 241930391, 0
173196015, 242284422, 0
183884793, 242715986, 0
192871695, 243170781, 0
192799572, 243652490, 0
170997328, 244041871, 0
0, 244090133, 0
Waiting for the board to finish...
       c0: 5	c1: 5	c2: 5	c3: 5	c4: 5	c5: 5	c6: 5	c7: 5	c8: 5	c9: 5	c10: 5	c11: 5	c12: 5	c13: 5	c14: 5	
Read data from board
17235048, 240524816, 0
56641032, 240656603, 0
88311215, 240674634, 0
129816719, 240886174, 0
178465664, 241127048, 0
185055069, 241375185, 0
180864905, 241661774, 0
153210837, 241937272, 0
149206206, 241954989, 0
173184514, 242309913, 0
183885276, 242741501, 0
192914445, 243196115, 0
192859508, 243677619, 0
171009945, 244065643, 0
0, 244111462, 0
Waiting for the board to finish...
       c0: 5	c1: 5	c2: 5	c3: 5	c4: 5	c5: 5	c6: 5	c7: 5	c8: 5	c9: 5	c10: 5	c11: 5	c12: 5	c13: 5	c14: 5	
Read data from board
17214734, 240509680, 0
56628127, 240641954, 0
88291287, 240659611, 0
129793877, 240868862, 0
178475477, 241111483, 0
185069345, 241360664, 0
180868536, 241645018, 0
153147029, 241921283, 0
149132694, 241939004, 0
173193358, 242293854, 0
183898915, 242725813, 0
192908329, 243179685, 0
192839732, 243662223, 0
171006953, 244055686, 0
0, 244100073, 0
Waiting for the board to finish...
       c0: 5	c1: 5	c2: 5	c3: 5	c4: 5	c5: 5	c6: 5	c7: 5	c8: 5	c9: 5	c10: 5	c11: 5	c12: 5	c13: 5	c14: 5	
Read data from board
17195485, 240498828, 0
56586395, 240633217, 0
88267216, 240650877, 0
129738014, 240859226, 0
178386852, 241101914, 0
184953122, 241350685, 0
180807459, 241635848, 0
153138004, 241913413, 0
149140942, 241931171, 0
173152031, 242286383, 0
183845062, 242717827, 0
192866594, 243172339, 0
192792845, 243655168, 0
171001138, 244043597, 0
0, 244089416, 0
Waiting for the board to finish...
       c0: 5	c1: 5	c2: 5	c3: 5	c4: 5	c5: 5	c6: 5	c7: 5	c8: 5	c9: 5	c10: 5	c11: 5	c12: 5	c13: 5	c14: 5	
Read data from board
17240267, 240536756, 0
56637629, 240665696, 0
88344957, 240683414, 0
129821629, 240895473, 0
178491671, 241137635, 0
185047483, 241385022, 0
180873675, 241671528, 0
153129151, 241947444, 0
149109085, 241965281, 0
173169918, 242320263, 0
183868680, 242751427, 0
192885788, 243205443, 0
192832265, 243687661, 0
171029194, 244074867, 0
0, 244121167, 0
Waiting for the board to finish...
       c0: 5	c1: 5	c2: 5	c3: 5	c4: 5	c5: 5	c6: 5	c7: 5	c8: 5	c9: 5	c10: 5	c11: 5	c12: 5	c13: 5	c14: 5	
Read data from board
17245621, 240537586, 0
56671592, 240670235, 0
88341619, 240687849, 0
129830191, 240898246, 0
178496929, 241140046, 0
185047154, 241389883, 0
180884976, 241674202, 0
153217811, 241951253, 0
149205079, 241969062, 0
173232872, 242323457, 0
183935352, 242754918, 0
192934597, 243211817, 0
192854227, 243693731, 0
171037335, 244080842, 0
0, 244131437, 0
Waiting for the board to finish...
       c0: 5	c1: 5	c2: 5	c3: 5	c4: 5	c5: 5	c6: 5	c7: 5	c8: 5	c9: 5	c10: 5	c11: 5	c12: 5	c13: 5	c14: 5	
Read data from board
17201720, 240506088, 0
56609241, 240638101, 0
88297396, 240655660, 0
129777588, 240866444, 0
178455793, 241108145, 0
185015908, 241356094, 0
180833487, 241642271, 0
153150865, 241917583, 0
149137176, 241935307, 0
173148906, 242290277, 0
183848054, 242721911, 0
192859578, 243176567, 0
192795045, 243658335, 0
171000333, 244044349, 0
0, 244092502, 0
Average:
17223605, 240517268, 0
56634224, 240649320, 0
88303144, 240667003, 0
129796156, 240877326, 0
178461965, 241119304, 0
185030521, 241367945, 0
180858060, 241653297, 0
153161834, 241929603, 0
149149312, 241947391, 0
173174005, 242301986, 0
183874417, 242733601, 0
192885754, 243188392, 0
192821725, 243670406, 0
171013012, 244058772, 0
0, 244106024, 0
