Host is running ...
size: 64000
Waiting for the board to finish...
       c0: 5	c1: 5	c2: 5	c3: 5	c4: 5	c5: 5	c6: 5	c7: 5	c8: 5	c9: 5	c10: 5	c11: 5	c12: 5	c13: 5	c14: 5	
Read data from board
15604370, 227611641, 0
61495710, 228996254, 0
109251331, 230398957, 0
117871549, 231884954, 0
133815178, 235005560, 0
145306673, 238183566, 0
144786298, 241634513, 0
152249543, 243507918, 0
154273933, 245663062, 0
169099221, 248162105, 0
188609526, 253598331, 0
203085125, 259367830, 0
217485173, 265443651, 0
195171367, 269363700, 0
0, 270010171, 0
Waiting for the board to finish...
       c0: 5	c1: 5	c2: 5	c3: 5	c4: 5	c5: 5	c6: 5	c7: 5	c8: 5	c9: 5	c10: 5	c11: 5	c12: 5	c13: 5	c14: 5	
Read data from board
15649612, 227628938, 0
61544402, 229015729, 0
109290328, 230417748, 0
117900538, 231908035, 0
133778537, 235029148, 0
145260445, 238203485, 0
144803424, 241652117, 0
152293827, 243526700, 0
154321908, 245682818, 0
169161215, 248182093, 0
188661237, 253616434, 0
203079051, 259386461, 0
217492285, 265461036, 0
195192767, 269370137, 0
0, 270013526, 0
Waiting for the board to finish...
       c0: 5	c1: 5	c2: 5	c3: 5	c4: 5	c5: 5	c6: 5	c7: 5	c8: 5	c9: 5	c10: 5	c11: 5	c12: 5	c13: 5	c14: 5	
Read data from board
15633215, 227615776, 0
61542532, 229000574, 0
109320288, 230401573, 0
117936929, 231880103, 0
133852762, 235002272, 0
145311518, 238178206, 0
144799867, 241624686, 0
152259543, 243500940, 0
154280452, 245654423, 0
169114672, 248155318, 0
188613345, 253589009, 0
203072330, 259360764, 0
217506004, 265436510, 0
195169148, 269349811, 0
0, 269995372, 0
Waiting for the board to finish...
       c0: 5	c1: 5	c2: 5	c3: 5	c4: 5	c5: 5	c6: 5	c7: 5	c8: 5	c9: 5	c10: 5	c11: 5	c12: 5	c13: 5	c14: 5	
Read data from board
15652180, 227637469, 0
61581496, 229021233, 0
109368911, 230418604, 0
117991715, 231897993, 0
133883884, 235018170, 0
145354172, 238195262, 0
144843220, 241643713, 0
152311087, 243519785, 0
154337505, 245674667, 0
169146118, 248173458, 0
188600763, 253605412, 0
203059095, 259374557, 0
217480803, 265449439, 0
195173962, 269359446, 0
0, 270002965, 0
Waiting for the board to finish...
       c0: 5	c1: 5	c2: 5	c3: 5	c4: 5	c5: 5	c6: 5	c7: 5	c8: 5	c9: 5	c10: 5	c11: 5	c12: 5	c13: 5	c14: 5	
Read data from board
15654102, 227635542, 0
61587732, 229022301, 0
109395100, 230426994, 0
118018908, 231916135, 0
133948908, 235038377, 0
145379781, 238215438, 0
144867612, 241666527, 0
152324442, 243541030, 0
154345169, 245696495, 0
169159330, 248196107, 0
188657404, 253630610, 0
203109810, 259404437, 0
217542030, 265481233, 0
195205093, 269393057, 0
0, 270044775, 0
Waiting for the board to finish...
       c0: 5	c1: 5	c2: 5	c3: 5	c4: 5	c5: 5	c6: 5	c7: 5	c8: 5	c9: 5	c10: 5	c11: 5	c12: 5	c13: 5	c14: 5	
Read data from board
15636320, 227627781, 0
61507927, 229012909, 0
109257125, 230411958, 0
117878533, 231897798, 0
133789766, 235021395, 0
145271648, 238199257, 0
144788954, 241649722, 0
152272538, 243525962, 0
154300638, 245681462, 0
169151444, 248176338, 0
188637389, 253609145, 0
203076720, 259377307, 0
217491452, 265452135, 0
195182617, 269361237, 0
0, 270002650, 0
Waiting for the board to finish...
       c0: 5	c1: 5	c2: 5	c3: 5	c4: 5	c5: 5	c6: 5	c7: 5	c8: 5	c9: 5	c10: 5	c11: 5	c12: 5	c13: 5	c14: 5	
Read data from board
15611777, 227621442, 0
61501107, 229008177, 0
109258293, 230410741, 0
117863411, 231900696, 0
133758671, 235023647, 0
145271480, 238198921, 0
144832426, 241648971, 0
152288575, 243524008, 0
154316789, 245679141, 0
169157820, 248177204, 0
188649418, 253608302, 0
203079903, 259376721, 0
217485080, 265453632, 0
195183647, 269372384, 0
0, 270016430, 0
Waiting for the board to finish...
       c0: 5	c1: 5	c2: 5	c3: 5	c4: 5	c5: 5	c6: 5	c7: 5	c8: 5	c9: 5	c10: 5	c11: 5	c12: 5	c13: 5	c14: 5	
Read data from board
15627242, 227615158, 0
61527698, 229002753, 0
109303251, 230403490, 0
117922183, 231889315, 0
133834465, 235012540, 0
145326653, 238188240, 0
144843547, 241635931, 0
152308673, 243510921, 0
154334593, 245666598, 0
169143632, 248166328, 0
188615092, 253595284, 0
203058507, 259364333, 0
217472319, 265440781, 0
195165522, 269341638, 0
0, 269989425, 0
Waiting for the board to finish...
       c0: 5	c1: 5	c2: 5	c3: 5	c4: 5	c5: 5	c6: 5	c7: 5	c8: 5	c9: 5	c10: 5	c11: 5	c12: 5	c13: 5	c14: 5	
Read data from board
15616914, 227605352, 0
61488656, 228990742, 0
109221458, 230391859, 0
117831686, 231881764, 0
133788572, 235001811, 0
145265280, 238179788, 0
144777665, 241631808, 0
152248869, 243507455, 0
154270493, 245662034, 0
169105448, 248160688, 0
188593348, 253592013, 0
203034706, 259358748, 0
217461093, 265434791, 0
195177786, 269351056, 0
0, 269993510, 0
Waiting for the board to finish...
       c0: 5	c1: 5	c2: 5	c3: 5	c4: 5	c5: 5	c6: 5	c7: 5	c8: 5	c9: 5	c10: 5	c11: 5	c12: 5	c13: 5	c14: 5	
Read data from board
15599463, 227587883, 0
61452138, 228973348, 0
109162911, 230374160, 0
117768921, 231858366, 0
133696557, 234978265, 0
145195501, 238154514, 0
144725543, 241604040, 0
152186010, 243479384, 0
154214188, 245635253, 0
169070631, 248133597, 0
188558066, 253568021, 0
202994241, 259340999, 0
217428797, 265416677, 0
195145339, 269325832, 0
0, 269965398, 0
Average:
15628519, 227618698, 0
61522939, 229004402, 0
109282899, 230405608, 0
117898437, 231891515, 0
133814730, 235013118, 0
145294315, 238189667, 0
144806855, 241639202, 0
152274310, 243514410, 0
154299566, 245669595, 0
169130953, 248168323, 0
188619558, 253601256, 0
203064948, 259371215, 0
217484503, 265446988, 0
195176724, 269358829, 0
0, 270003422, 0
