Host is running ...
size: 64000
Waiting for the board to finish...
       c0: 5	c1: 5	c2: 5	c3: 5	c4: 5	c5: 5	c6: 5	c7: 5	c8: 5	c9: 5	c10: 5	c11: 5	c12: 5	c13: 5	c14: 5	
Read data from board
59396726, 117067395, 0
1995208, 117108701, 0
21138718, 117136839, 0
48837228, 117219702, 0
53082029, 117320131, 0
57398449, 117407834, 0
30910473, 117531706, 0
0, 117563108, 0
0, 117572685, 0
0, 117584056, 0
0, 117599957, 0
0, 117616941, 0
29841, 117668315, 0
0, 117741292, 0
0, 117743992, 0
Waiting for the board to finish...
       c0: 5	c1: 5	c2: 5	c3: 5	c4: 5	c5: 5	c6: 5	c7: 5	c8: 5	c9: 5	c10: 5	c11: 5	c12: 5	c13: 5	c14: 5	
Read data from board
59398541, 117066966, 0
1994971, 117108268, 0
21133892, 117136332, 0
48826991, 117219235, 0
53085648, 117319697, 0
57401417, 117407367, 0
30908829, 117531303, 0
0, 117562732, 0
0, 117572312, 0
0, 117583707, 0
0, 117599590, 0
0, 117616593, 0
29784, 117667868, 0
0, 117740857, 0
0, 117743545, 0
Waiting for the board to finish...
       c0: 5	c1: 5	c2: 5	c3: 5	c4: 5	c5: 5	c6: 5	c7: 5	c8: 5	c9: 5	c10: 5	c11: 5	c12: 5	c13: 5	c14: 5	
Read data from board
59397659, 117068716, 0
1995676, 117109919, 0
21143338, 117138000, 0
48837276, 117220810, 0
53093395, 117321262, 0
57405533, 117408978, 0
30910966, 117532885, 0
0, 117564320, 0
0, 117573922, 0
0, 117585308, 0
0, 117601227, 0
0, 117618243, 0
29784, 117669561, 0
0, 117742536, 0
0, 117745237, 0
Waiting for the board to finish...
       c0: 5	c1: 5	c2: 5	c3: 5	c4: 5	c5: 5	c6: 5	c7: 5	c8: 5	c9: 5	c10: 5	c11: 5	c12: 5	c13: 5	c14: 5	
Read data from board
59396461, 117066829, 0
1995027, 117108108, 0
21131936, 117136228, 0
48826543, 117218969, 0
53078114, 117319412, 0
57399003, 117407139, 0
30913531, 117531006, 0
0, 117562434, 0
0, 117572028, 0
0, 117583413, 0
0, 117599331, 0
0, 117616345, 0
29775, 117667638, 0
0, 117740634, 0
0, 117743336, 0
Waiting for the board to finish...
       c0: 5	c1: 5	c2: 5	c3: 5	c4: 5	c5: 5	c6: 5	c7: 5	c8: 5	c9: 5	c10: 5	c11: 5	c12: 5	c13: 5	c14: 5	
Read data from board
59397125, 117067169, 0
1997117, 117108362, 0
21137314, 117136451, 0
48829687, 117219170, 0
53088131, 117319631, 0
57400305, 117407290, 0
30909682, 117531221, 0
0, 117562633, 0
0, 117572232, 0
0, 117583601, 0
0, 117599501, 0
0, 117616534, 0
29811, 117667844, 0
0, 117740835, 0
0, 117743528, 0
Waiting for the board to finish...
       c0: 5	c1: 5	c2: 5	c3: 5	c4: 5	c5: 5	c6: 5	c7: 5	c8: 5	c9: 5	c10: 5	c11: 5	c12: 5	c13: 5	c14: 5	
Read data from board
59396227, 117065603, 0
1995941, 117106909, 0
21131408, 117135014, 0
48831163, 117217813, 0
53079880, 117318268, 0
57401056, 117405941, 0
30907054, 117529770, 0
0, 117561212, 0
0, 117570779, 0
0, 117582180, 0
0, 117598073, 0
0, 117615082, 0
29784, 117666358, 0
0, 117739346, 0
0, 117742044, 0
Waiting for the board to finish...
       c0: 5	c1: 5	c2: 5	c3: 5	c4: 5	c5: 5	c6: 5	c7: 5	c8: 5	c9: 5	c10: 5	c11: 5	c12: 5	c13: 5	c14: 5	
Read data from board
59400285, 117069545, 0
1999179, 117110753, 0
21137815, 117138847, 0
48829279, 117221644, 0
53087133, 117322224, 0
57404393, 117409901, 0
30908063, 117533787, 0
0, 117565193, 0
0, 117574796, 0
0, 117586192, 0
0, 117602106, 0
0, 117619110, 0
29784, 117670440, 0
0, 117743427, 0
0, 117746138, 0
Waiting for the board to finish...
       c0: 5	c1: 5	c2: 5	c3: 5	c4: 5	c5: 5	c6: 5	c7: 5	c8: 5	c9: 5	c10: 5	c11: 5	c12: 5	c13: 5	c14: 5	
Read data from board
59396422, 117067126, 0
1995606, 117108240, 0
21132631, 117136290, 0
48823413, 117219348, 0
53073827, 117319748, 0
57395468, 117407463, 0
30911521, 117531373, 0
0, 117562812, 0
0, 117572397, 0
0, 117583758, 0
0, 117599655, 0
0, 117616653, 0
29775, 117667960, 0
0, 117740950, 0
0, 117743640, 0
Waiting for the board to finish...
       c0: 5	c1: 5	c2: 5	c3: 5	c4: 5	c5: 5	c6: 5	c7: 5	c8: 5	c9: 5	c10: 5	c11: 5	c12: 5	c13: 5	c14: 5	
Read data from board
59394514, 117065199, 0
1992671, 117106410, 0
21132826, 117134509, 0
48831779, 117217512, 0
53080926, 117318013, 0
57401217, 117405723, 0
30909080, 117529620, 0
0, 117561048, 0
0, 117570634, 0
0, 117582021, 0
0, 117597925, 0
0, 117614923, 0
29744, 117666191, 0
0, 117739172, 0
0, 117741864, 0
Waiting for the board to finish...
       c0: 5	c1: 5	c2: 5	c3: 5	c4: 5	c5: 5	c6: 5	c7: 5	c8: 5	c9: 5	c10: 5	c11: 5	c12: 5	c13: 5	c14: 5	
Read data from board
59393464, 117064495, 0
1991710, 117105836, 0
21127874, 117133931, 0
48825314, 117216733, 0
53076372, 117317151, 0
57397072, 117404805, 0
30907279, 117528732, 0
0, 117560188, 0
0, 117569762, 0
0, 117581157, 0
0, 117597047, 0
0, 117614043, 0
29753, 117665295, 0
0, 117738283, 0
0, 117740972, 0
Average:
59396742, 117066904, 0
1995310, 117108150, 0
21134775, 117136244, 0
48829867, 117219093, 0
53082545, 117319553, 0
57400391, 117407244, 0
30909647, 117531140, 0
0, 117562568, 0
0, 117572154, 0
0, 117583539, 0
0, 117599441, 0
0, 117616446, 0
29783, 117667747, 0
0, 117740733, 0
0, 117743429, 0
