Host is running ...
size: 64000
Waiting for the board to finish...
       c0: 5	c1: 5	c2: 5	c3: 5	c4: 5	c5: 5	c6: 5	c7: 5	c8: 5	c9: 5	c10: 5	c11: 5	c12: 5	c13: 5	c14: 5	
Read data from board
9658446, 235818837, 0
85537576, 236505996, 0
98884049, 237191048, 0
111778799, 238152777, 0
122645230, 239889151, 0
133064502, 241375610, 0
126340133, 242834205, 0
120346261, 243753857, 0
141256137, 244679351, 0
158762918, 246649845, 0
169631985, 249327281, 0
181517791, 252084380, 0
194634685, 254923445, 0
152008444, 257287152, 0
0, 257571687, 0
Waiting for the board to finish...
       c0: 5	c1: 5	c2: 5	c3: 5	c4: 5	c5: 5	c6: 5	c7: 5	c8: 5	c9: 5	c10: 5	c11: 5	c12: 5	c13: 5	c14: 5	
Read data from board
9671603, 235822578, 0
85656394, 236508844, 0
98867468, 237195083, 0
111883684, 238157368, 0
122878387, 239893920, 0
133279266, 241378950, 0
126556717, 242837329, 0
120648720, 243756361, 0
141515301, 244682567, 0
159047211, 246651089, 0
169610125, 249327795, 0
181587508, 252086197, 0
194677326, 254925044, 0
151996550, 257272150, 0
0, 257556653, 0
Waiting for the board to finish...
       c0: 5	c1: 5	c2: 5	c3: 5	c4: 5	c5: 5	c6: 5	c7: 5	c8: 5	c9: 5	c10: 5	c11: 5	c12: 5	c13: 5	c14: 5	
Read data from board
9666521, 235829722, 0
85602823, 236516398, 0
98894437, 237202223, 0
111746263, 238163855, 0
122740035, 239901333, 0
133165458, 241386136, 0
126425454, 242845222, 0
120487986, 243764302, 0
141399141, 244691428, 0
158925150, 246658741, 0
169541413, 249338220, 0
181569424, 252096321, 0
194689814, 254935434, 0
152016947, 257293821, 0
0, 257577236, 0
Waiting for the board to finish...
       c0: 5	c1: 5	c2: 5	c3: 5	c4: 5	c5: 5	c6: 5	c7: 5	c8: 5	c9: 5	c10: 5	c11: 5	c12: 5	c13: 5	c14: 5	
Read data from board
9669096, 235825613, 0
85461335, 236513368, 0
98790392, 237199606, 0
111670910, 238158971, 0
122630673, 239895462, 0
133043215, 241380577, 0
126354623, 242839039, 0
120384603, 243758034, 0
141253691, 244685189, 0
158714982, 246652933, 0
169542229, 249329998, 0
181466252, 252087254, 0
194657323, 254923015, 0
151985820, 257270775, 0
0, 257547539, 0
Waiting for the board to finish...
       c0: 5	c1: 5	c2: 5	c3: 5	c4: 5	c5: 5	c6: 5	c7: 5	c8: 5	c9: 5	c10: 5	c11: 5	c12: 5	c13: 5	c14: 5	
Read data from board
9652278, 235812105, 0
85550598, 236498565, 0
98825499, 237184506, 0
111806047, 238146473, 0
122730204, 239882453, 0
133154759, 241368707, 0
126409956, 242827900, 0
120450483, 243746621, 0
141348403, 244672116, 0
158886866, 246641485, 0
169532693, 249318785, 0
181477440, 252074143, 0
194660236, 254912323, 0
151982673, 257259988, 0
0, 257538313, 0
Waiting for the board to finish...
       c0: 5	c1: 5	c2: 5	c3: 5	c4: 5	c5: 5	c6: 5	c7: 5	c8: 5	c9: 5	c10: 5	c11: 5	c12: 5	c13: 5	c14: 5	
Read data from board
9655289, 235813962, 0
85485682, 236500470, 0
98884817, 237187704, 0
111843326, 238147945, 0
122748430, 239884989, 0
133230125, 241370157, 0
126497679, 242828369, 0
120563014, 243746922, 0
141417380, 244674489, 0
158854250, 246641590, 0
169596063, 249318854, 0
181574867, 252076526, 0
194664892, 254911826, 0
151984199, 257263109, 0
0, 257545970, 0
Waiting for the board to finish...
       c0: 5	c1: 5	c2: 5	c3: 5	c4: 5	c5: 5	c6: 5	c7: 5	c8: 5	c9: 5	c10: 5	c11: 5	c12: 5	c13: 5	c14: 5	
Read data from board
9653666, 235810179, 0
85467543, 236496353, 0
98842333, 237183537, 0
111743189, 238143757, 0
122627975, 239880665, 0
133013260, 241365849, 0
126343480, 242825328, 0
120380763, 243744346, 0
141283439, 244670675, 0
158767789, 246639049, 0
169541941, 249316802, 0
181464381, 252075390, 0
194656774, 254910246, 0
151987267, 257265184, 0
0, 257543812, 0
Waiting for the board to finish...
       c0: 5	c1: 5	c2: 5	c3: 5	c4: 5	c5: 5	c6: 5	c7: 5	c8: 5	c9: 5	c10: 5	c11: 5	c12: 5	c13: 5	c14: 5	
Read data from board
9669046, 235823370, 0
85589880, 236508619, 0
98878193, 237195372, 0
111767037, 238158634, 0
122816133, 239894491, 0
133198540, 241379725, 0
126500450, 242839509, 0
120557636, 243758875, 0
141443564, 244685476, 0
159043485, 246653720, 0
169611855, 249331517, 0
181588339, 252088276, 0
194680357, 254924767, 0
152002021, 257280753, 0
0, 257566229, 0
Waiting for the board to finish...
       c0: 5	c1: 5	c2: 5	c3: 5	c4: 5	c5: 5	c6: 5	c7: 5	c8: 5	c9: 5	c10: 5	c11: 5	c12: 5	c13: 5	c14: 5	
Read data from board
9683174, 235829951, 0
85627039, 236516850, 0
98872133, 237205129, 0
111885171, 238165905, 0
122858922, 239902613, 0
133252509, 241388607, 0
126538789, 242846925, 0
120617525, 243765329, 0
141467521, 244692370, 0
159000970, 246660374, 0
169609476, 249337424, 0
181564290, 252095164, 0
194683766, 254932879, 0
151992867, 257272669, 0
0, 257553622, 0
Waiting for the board to finish...
       c0: 5	c1: 5	c2: 5	c3: 5	c4: 5	c5: 5	c6: 5	c7: 5	c8: 5	c9: 5	c10: 5	c11: 5	c12: 5	c13: 5	c14: 5	
Read data from board
9664869, 235825417, 0
85536740, 236511579, 0
98900216, 237198522, 0
111798617, 238160557, 0
122707418, 239896684, 0
133146779, 241382422, 0
126389566, 242841238, 0
120436558, 243760418, 0
141288254, 244687807, 0
158734826, 246655433, 0
169632670, 249332817, 0
181533475, 252090885, 0
194694587, 254928010, 0
152007909, 257279255, 0
0, 257563157, 0
Average:
9664398, 235821173, 0
85551561, 236507704, 0
98863953, 237194273, 0
111792304, 238155624, 0
122738340, 239892176, 0
133154841, 241377674, 0
126435684, 242836506, 0
120487354, 243755506, 0
141367283, 244682146, 0
158873844, 246650425, 0
169585045, 249327949, 0
181534376, 252085453, 0
194669976, 254922698, 0
151996469, 257274485, 0
0, 257556421, 0
