Host is running ...
size: 64000
Waiting for the board to finish...
       c0: 5	c1: 5	c2: 5	c3: 5	c4: 5	c5: 5	c6: 5	c7: 5	c8: 5	c9: 5	c10: 5	c11: 5	c12: 5	c13: 5	c14: 5	
Read data from board
1563803, 224332149, 0
17582259, 225757104, 0
26864217, 227152658, 0
38957924, 229231497, 0
58017442, 232569644, 0
76724439, 235627159, 0
83769696, 238528256, 0
86883389, 240415933, 0
105522443, 242332186, 0
125722614, 246411497, 0
147065268, 251948920, 0
169076980, 258012612, 0
192466638, 264104268, 0
160189212, 268200689, 0
0, 268886113, 0
Waiting for the board to finish...
       c0: 5	c1: 5	c2: 5	c3: 5	c4: 5	c5: 5	c6: 5	c7: 5	c8: 5	c9: 5	c10: 5	c11: 5	c12: 5	c13: 5	c14: 5	
Read data from board
1593863, 224344603, 0
17824051, 225769111, 0
27363674, 227164822, 0
39041984, 229241831, 0
58236721, 232579904, 0
76949662, 235638979, 0
84003285, 238539933, 0
87313880, 240426092, 0
105742534, 242342897, 0
126156335, 246423326, 0
147117839, 251957303, 0
169158306, 258019764, 0
192484622, 264113323, 0
160173578, 268200445, 0
0, 268886049, 0
Waiting for the board to finish...
       c0: 5	c1: 5	c2: 5	c3: 5	c4: 5	c5: 5	c6: 5	c7: 5	c8: 5	c9: 5	c10: 5	c11: 5	c12: 5	c13: 5	c14: 5	
Read data from board
1581474, 224349701, 0
17693591, 225774851, 0
27061512, 227171423, 0
39018232, 229254409, 0
58081559, 232594122, 0
76764753, 235650063, 0
83870772, 238553961, 0
87048458, 240440605, 0
105643403, 242357155, 0
125997685, 246437092, 0
147166429, 251974059, 0
169170123, 258033265, 0
192483171, 264120710, 0
160200514, 268199381, 0
0, 268881125, 0
Waiting for the board to finish...
       c0: 5	c1: 5	c2: 5	c3: 5	c4: 5	c5: 5	c6: 5	c7: 5	c8: 5	c9: 5	c10: 5	c11: 5	c12: 5	c13: 5	c14: 5	
Read data from board
1581919, 224333729, 0
17707291, 225757384, 0
27114068, 227153548, 0
39081756, 229233874, 0
58097912, 232572869, 0
76810164, 235630099, 0
83870799, 238534907, 0
86979360, 240422808, 0
105593545, 242338093, 0
125784742, 246416515, 0
147053425, 251952904, 0
169136223, 258022474, 0
192464453, 264113726, 0
160203389, 268219126, 0
0, 268906341, 0
Waiting for the board to finish...
       c0: 5	c1: 5	c2: 5	c3: 5	c4: 5	c5: 5	c6: 5	c7: 5	c8: 5	c9: 5	c10: 5	c11: 5	c12: 5	c13: 5	c14: 5	
Read data from board
1560902, 224325775, 0
17638925, 225749483, 0
26969665, 227143597, 0
38907201, 229227037, 0
58044244, 232564038, 0
76713485, 235621966, 0
83721098, 238522059, 0
86742875, 240407505, 0
105448137, 242322162, 0
125533168, 246401846, 0
146996999, 251937021, 0
169012577, 258005644, 0
192415440, 264096484, 0
160159086, 268188014, 0
0, 268879197, 0
Waiting for the board to finish...
       c0: 5	c1: 5	c2: 5	c3: 5	c4: 5	c5: 5	c6: 5	c7: 5	c8: 5	c9: 5	c10: 5	c11: 5	c12: 5	c13: 5	c14: 5	
Read data from board
1562730, 224322302, 0
17642819, 225748547, 0
26999510, 227145285, 0
38971120, 229221208, 0
57885096, 232558332, 0
76574152, 235616184, 0
83632260, 238518075, 0
86537073, 240404823, 0
105348179, 242319985, 0
125452172, 246399745, 0
146933783, 251937050, 0
168959819, 258001511, 0
192268586, 264091314, 0
160161239, 268178721, 0
0, 268873953, 0
Waiting for the board to finish...
       c0: 5	c1: 5	c2: 5	c3: 5	c4: 5	c5: 5	c6: 5	c7: 5	c8: 5	c9: 5	c10: 5	c11: 5	c12: 5	c13: 5	c14: 5	
Read data from board
1560415, 224331961, 0
17639389, 225756335, 0
26972026, 227152007, 0
38968489, 229229620, 0
58065283, 232565909, 0
76823495, 235624771, 0
83847556, 238529301, 0
86912526, 240417285, 0
105556635, 242330759, 0
125807840, 246410139, 0
147055457, 251947051, 0
169019679, 258001457, 0
192431536, 264092749, 0
160161910, 268176540, 0
0, 268858728, 0
Waiting for the board to finish...
       c0: 5	c1: 5	c2: 5	c3: 5	c4: 5	c5: 5	c6: 5	c7: 5	c8: 5	c9: 5	c10: 5	c11: 5	c12: 5	c13: 5	c14: 5	
Read data from board
1537584, 224304248, 0
17521817, 225728937, 0
26896370, 227127757, 0
38790598, 229207039, 0
57898602, 232546650, 0
76724837, 235604017, 0
83770905, 238506940, 0
86866129, 240395864, 0
105512616, 242310209, 0
125760291, 246389746, 0
147023681, 251928710, 0
169015511, 257991061, 0
192391242, 264080903, 0
160174279, 268169939, 0
0, 268852585, 0
Waiting for the board to finish...
       c0: 5	c1: 5	c2: 5	c3: 5	c4: 5	c5: 5	c6: 5	c7: 5	c8: 5	c9: 5	c10: 5	c11: 5	c12: 5	c13: 5	c14: 5	
Read data from board
1565966, 224319541, 0
17644069, 225745349, 0
26976595, 227141398, 0
38930218, 229220868, 0
57988767, 232558769, 0
76798903, 235616151, 0
83796281, 238519134, 0
86791855, 240406734, 0
105519834, 242322437, 0
125654404, 246404130, 0
146959043, 251941307, 0
168958002, 258005815, 0
192457446, 264094352, 0
160169901, 268197807, 0
0, 268884985, 0
Waiting for the board to finish...
       c0: 5	c1: 5	c2: 5	c3: 5	c4: 5	c5: 5	c6: 5	c7: 5	c8: 5	c9: 5	c10: 5	c11: 5	c12: 5	c13: 5	c14: 5	
Read data from board
1573338, 224324681, 0
17661435, 225749412, 0
27081246, 227142940, 0
39050048, 229221626, 0
58069946, 232558244, 0
76816380, 235615967, 0
83828213, 238520062, 0
86943111, 240404785, 0
105564781, 242319613, 0
125797060, 246400009, 0
147028420, 251934246, 0
169082753, 257994974, 0
192403520, 264088083, 0
160164883, 268189991, 0
0, 268875752, 0
Average:
1568199, 224328869, 0
17655564, 225753651, 0
27029888, 227149543, 0
38971757, 229228900, 0
58038557, 232566848, 0
76770027, 235624535, 0
83811086, 238527262, 0
86901865, 240414243, 0
105545210, 242329549, 0
125766631, 246409404, 0
147040034, 251945857, 0
169058997, 258008857, 0
192426665, 264099591, 0
160175799, 268192065, 0
0, 268878482, 0
