Host is running ...
size: 64000
Waiting for the board to finish...
       c0: 5	c1: 5	c2: 5	c3: 5	c4: 5	c5: 5	c6: 5	c7: 5	c8: 5	c9: 5	c10: 5	c11: 5	c13: 5	c14: 5	c15: 5	
Read data from board
59162397, 71978697, 64000
36702749, 72193782, 128000
18048435, 72195047, 64000
17880748, 72197310, 64000
36308177, 72274506, 128000
17137968, 72233522, 64000
17654954, 72203769, 64000
17950899, 72202107, 64000
18158672, 72277566, 64000
17968507, 72279851, 64000
17911362, 72282837, 64000
18147923, 72285710, 64000
0, 72329749, 0
18118570, 72330065, 64000
17423250, 72289742, 64000
Waiting for the board to finish...
       c0: 5	c1: 5	c2: 5	c3: 5	c4: 5	c5: 5	c6: 5	c7: 5	c8: 5	c9: 5	c10: 5	c11: 5	c13: 5	c14: 5	c15: 5	
Read data from board
59167722, 71984022, 64000
36705137, 72199190, 128000
18048019, 72200422, 64000
17880861, 72202716, 64000
36305414, 72279964, 128000
17136278, 72238959, 64000
17654643, 72209186, 64000
17951205, 72207496, 64000
18158562, 72283029, 64000
17969521, 72285322, 64000
17910892, 72288296, 64000
18148434, 72291168, 64000
0, 72335189, 0
18106503, 72335508, 64000
17417212, 72295169, 64000
Waiting for the board to finish...
       c0: 5	c1: 5	c2: 5	c3: 5	c4: 5	c5: 5	c6: 5	c7: 5	c8: 5	c9: 5	c10: 5	c11: 5	c13: 5	c14: 5	c15: 5	
Read data from board
59164340, 71980640, 64000
36703059, 72195619, 128000
18049012, 72196857, 64000
17881287, 72199166, 64000
36306427, 72276619, 128000
17138494, 72235380, 64000
17656352, 72205637, 64000
17951148, 72203960, 64000
18159754, 72279667, 64000
17968885, 72281959, 64000
17910658, 72284927, 64000
18144790, 72287816, 64000
0, 72331858, 0
18106211, 72332178, 64000
17417560, 72291859, 64000
Waiting for the board to finish...
       c0: 5	c1: 5	c2: 5	c3: 5	c4: 5	c5: 5	c6: 5	c7: 5	c8: 5	c9: 5	c10: 5	c11: 5	c13: 5	c14: 5	c15: 5	
Read data from board
59163232, 71979532, 64000
36702594, 72194672, 128000
18050650, 72195918, 64000
17880976, 72198233, 64000
36307874, 72275591, 128000
17135271, 72234322, 64000
17655128, 72204659, 64000
17951386, 72202987, 64000
18158412, 72278660, 64000
17969779, 72280946, 64000
17909360, 72283924, 64000
18149243, 72286807, 64000
0, 72330855, 0
18106983, 72331183, 64000
17419596, 72290825, 64000
Waiting for the board to finish...
       c0: 5	c1: 5	c2: 5	c3: 5	c4: 5	c5: 5	c6: 5	c7: 5	c8: 5	c9: 5	c10: 5	c11: 5	c13: 5	c14: 5	c15: 5	
Read data from board
59164016, 71980316, 64000
36704142, 72195450, 128000
18049686, 72196712, 64000
17880433, 72199001, 64000
36306187, 72276181, 128000
17136321, 72235164, 64000
17657849, 72205526, 64000
17951842, 72203886, 64000
18158760, 72279336, 64000
17968325, 72281640, 64000
17911049, 72284638, 64000
18148067, 72287522, 64000
0, 72331608, 0
18104861, 72331929, 64000
17420639, 72291615, 64000
Waiting for the board to finish...
       c0: 5	c1: 5	c2: 5	c3: 5	c4: 5	c5: 5	c6: 5	c7: 5	c8: 5	c9: 5	c10: 5	c11: 5	c13: 5	c14: 5	c15: 5	
Read data from board
59162812, 71979112, 64000
36703497, 72194262, 128000
18046900, 72195526, 64000
17881454, 72197832, 64000
36307939, 72275254, 128000
17135978, 72233927, 64000
17655575, 72204288, 64000
17951203, 72202628, 64000
18156478, 72278337, 64000
17969206, 72280615, 64000
17911710, 72283631, 64000
18145208, 72286522, 64000
0, 72330598, 0
18106992, 72330932, 64000
17414257, 72290607, 64000
Waiting for the board to finish...
       c0: 5	c1: 5	c2: 5	c3: 5	c4: 5	c5: 5	c6: 5	c7: 5	c8: 5	c9: 5	c10: 5	c11: 5	c13: 5	c14: 5	c15: 5	
Read data from board
59165849, 71982149, 64000
36704899, 72197271, 128000
18050458, 72198532, 64000
17880844, 72200821, 64000
36304054, 72278319, 128000
17137295, 72236995, 64000
17656719, 72207304, 64000
17950662, 72205654, 64000
18156597, 72281433, 64000
17969258, 72283763, 64000
17911439, 72286753, 64000
18148303, 72289653, 64000
0, 72333693, 0
18106282, 72334027, 64000
17418508, 72293735, 64000
Waiting for the board to finish...
       c0: 5	c1: 5	c2: 5	c3: 5	c4: 5	c5: 5	c6: 5	c7: 5	c8: 5	c9: 5	c10: 5	c11: 5	c13: 5	c14: 5	c15: 5	
Read data from board
59164856, 71981156, 64000
36703916, 72196338, 128000
18048639, 72197587, 64000
17880156, 72199873, 64000
36306651, 72277079, 128000
17137407, 72236014, 64000
17658969, 72206316, 64000
17950122, 72204664, 64000
18158610, 72280130, 64000
17970004, 72282447, 64000
17909881, 72285445, 64000
18143917, 72288315, 64000
0, 72332351, 0
18104853, 72332683, 64000
17419250, 72292366, 64000
Waiting for the board to finish...
       c0: 5	c1: 5	c2: 5	c3: 5	c4: 5	c5: 5	c6: 5	c7: 5	c8: 5	c9: 5	c10: 5	c11: 5	c13: 5	c14: 5	c15: 5	
Read data from board
59161819, 71978119, 64000
36702246, 72193243, 128000
18049964, 72194498, 64000
17879992, 72196798, 64000
36307614, 72274065, 128000
17136778, 72232993, 64000
17657349, 72203273, 64000
17952184, 72201623, 64000
18159018, 72277157, 64000
17970185, 72279461, 64000
17911078, 72282446, 64000
18146384, 72285332, 64000
0, 72329400, 0
18105869, 72329743, 64000
17418229, 72289408, 64000
Waiting for the board to finish...
       c0: 5	c1: 5	c2: 5	c3: 5	c4: 5	c5: 5	c6: 5	c7: 5	c8: 5	c9: 5	c10: 5	c11: 5	c13: 5	c14: 5	c15: 5	
Read data from board
59164312, 71980612, 64000
36704304, 72195741, 128000
18046885, 72196990, 64000
17880716, 72199311, 64000
36306649, 72276749, 128000
17135741, 72235412, 64000
17658820, 72205770, 64000
17951163, 72204108, 64000
18159310, 72279828, 64000
17969361, 72282147, 64000
17910702, 72285145, 64000
18148080, 72288025, 64000
0, 72332073, 0
18105882, 72332405, 64000
17418424, 72292094, 64000
Average:
59164135, 71980435, 64000
36703654, 72195556, 128000
18048864, 72196808, 64000
17880746, 72199106, 64000
36306698, 72276432, 128000
17136753, 72235268, 64000
17656635, 72205572, 64000
17951181, 72203911, 64000
18158417, 72279514, 64000
17969303, 72281815, 64000
17910813, 72284804, 64000
18147034, 72287687, 64000
0, 72331737, 0
18107300, 72332065, 64000
17418692, 72291742, 64000
