Host is running ...
size: 64000
Waiting for the board to finish...
       c0: 5	c1: 5	c2: 5	c3: 5	c4: 5	c5: 5	c6: 5	c7: 5	c8: 5	c9: 5	c10: 5	c11: 5	c13: 5	c14: 5	c15: 5	
Read data from board
67590567, 80614534, 64000
47417269, 80645311, 128000
28267186, 80662406, 64000
34216860, 80705679, 64000
39972258, 80934859, 128000
45094674, 80913398, 64000
52061407, 80835816, 64000
47686480, 80772272, 64000
20624828, 80949354, 64000
20055770, 80965227, 64000
22642240, 80999523, 64000
22665815, 81051039, 64000
0, 81162061, 0
22637795, 81159059, 64000
21395316, 81105058, 64000
Waiting for the board to finish...
       c0: 5	c1: 5	c2: 5	c3: 5	c4: 5	c5: 5	c6: 5	c7: 5	c8: 5	c9: 5	c10: 5	c11: 5	c13: 5	c14: 5	c15: 5	
Read data from board
67590319, 80614277, 64000
47416498, 80645038, 128000
28266428, 80662099, 64000
34216201, 80705375, 64000
39972607, 80934554, 128000
45094963, 80913052, 64000
52060831, 80835472, 64000
47687048, 80771925, 64000
20624031, 80948995, 64000
20055514, 80964833, 64000
22642366, 80999147, 64000
22665905, 81050644, 64000
0, 81161613, 0
22636504, 81158603, 64000
21396767, 81104586, 64000
Waiting for the board to finish...
       c0: 5	c1: 5	c2: 5	c3: 5	c4: 5	c5: 5	c6: 5	c7: 5	c8: 5	c9: 5	c10: 5	c11: 5	c13: 5	c14: 5	c15: 5	
Read data from board
67589522, 80613455, 64000
47415982, 80644145, 128000
28266883, 80661205, 64000
34216490, 80704494, 64000
39971227, 80933641, 128000
45093242, 80912167, 64000
52060420, 80834620, 64000
47686251, 80771062, 64000
20625155, 80948086, 64000
20056367, 80963926, 64000
22642198, 80998241, 64000
22665511, 81049732, 64000
0, 81160722, 0
22636793, 81157718, 64000
21396686, 81103683, 64000
Waiting for the board to finish...
       c0: 5	c1: 5	c2: 5	c3: 5	c4: 5	c5: 5	c6: 5	c7: 5	c8: 5	c9: 5	c10: 5	c11: 5	c13: 5	c14: 5	c15: 5	
Read data from board
67590688, 80614626, 64000
47417326, 80645333, 128000
28269457, 80662392, 64000
34218775, 80705708, 64000
39971861, 80934807, 128000
45094407, 80913346, 64000
52062533, 80835796, 64000
47687692, 80772294, 64000
20624789, 80949263, 64000
20055282, 80965131, 64000
22642094, 80999458, 64000
22664925, 81050948, 64000
0, 81161944, 0
22636293, 81158942, 64000
21397028, 81104915, 64000
Waiting for the board to finish...
       c0: 5	c1: 5	c2: 5	c3: 5	c4: 5	c5: 5	c6: 5	c7: 5	c8: 5	c9: 5	c10: 5	c11: 5	c13: 5	c14: 5	c15: 5	
Read data from board
67590253, 80614211, 64000
47416396, 80644965, 128000
28268658, 80662064, 64000
34217825, 80705315, 64000
39972025, 80934405, 128000
45094210, 80912933, 64000
52060661, 80835351, 64000
47688686, 80771848, 64000
20624871, 80948859, 64000
20055489, 80964694, 64000
22642139, 80998988, 64000
22665169, 81050500, 64000
0, 81161483, 0
22636538, 81158475, 64000
21398076, 81104437, 64000
Waiting for the board to finish...
       c0: 5	c1: 5	c2: 5	c3: 5	c4: 5	c5: 5	c6: 5	c7: 5	c8: 5	c9: 5	c10: 5	c11: 5	c13: 5	c14: 5	c15: 5	
Read data from board
67590083, 80614059, 64000
47417049, 80644857, 128000
28269376, 80661900, 64000
34218928, 80705150, 64000
39971696, 80934270, 128000
45094217, 80912829, 64000
52062215, 80835233, 64000
47688684, 80771722, 64000
20625277, 80948739, 64000
20056144, 80964584, 64000
22642470, 80998923, 64000
22665528, 81050422, 64000
0, 81161406, 0
22636755, 81158406, 64000
21397889, 81104385, 64000
Waiting for the board to finish...
       c0: 5	c1: 5	c2: 5	c3: 5	c4: 5	c5: 5	c6: 5	c7: 5	c8: 5	c9: 5	c10: 5	c11: 5	c13: 5	c14: 5	c15: 5	
Read data from board
67591123, 80615090, 64000
47416849, 80645888, 128000
28267938, 80662946, 64000
34218128, 80706242, 64000
39972405, 80935404, 128000
45095088, 80913950, 64000
52062598, 80836370, 64000
47688724, 80772818, 64000
20624706, 80949912, 64000
20055457, 80965764, 64000
22642968, 81000075, 64000
22665408, 81051589, 64000
0, 81162592, 0
22636572, 81159590, 64000
21397285, 81105563, 64000
Waiting for the board to finish...
       c0: 5	c1: 5	c2: 5	c3: 5	c4: 5	c5: 5	c6: 5	c7: 5	c8: 5	c9: 5	c10: 5	c11: 5	c13: 5	c14: 5	c15: 5	
Read data from board
67590493, 80614426, 64000
47416272, 80645212, 128000
28267791, 80662277, 64000
34217517, 80705568, 64000
39971783, 80934744, 128000
45094599, 80913283, 64000
52059224, 80835706, 64000
47686704, 80772152, 64000
20624796, 80949252, 64000
20055752, 80965098, 64000
22642242, 80999398, 64000
22665182, 81050903, 64000
0, 81161896, 0
22636238, 81158894, 64000
21396392, 81104884, 64000
Waiting for the board to finish...
       c0: 5	c1: 5	c2: 5	c3: 5	c4: 5	c5: 5	c6: 5	c7: 5	c8: 5	c9: 5	c10: 5	c11: 5	c13: 5	c14: 5	c15: 5	
Read data from board
67590950, 80614888, 64000
47417429, 80645558, 128000
28268825, 80662632, 64000
34218101, 80705987, 64000
39972237, 80935093, 128000
45094742, 80913636, 64000
52063715, 80836094, 64000
47688419, 80772537, 64000
20624999, 80949579, 64000
20055598, 80965429, 64000
22642828, 80999727, 64000
22665277, 81051257, 64000
0, 81162235, 0
22636452, 81159239, 64000
21397414, 81105224, 64000
Waiting for the board to finish...
       c0: 5	c1: 5	c2: 5	c3: 5	c4: 5	c5: 5	c6: 5	c7: 5	c8: 5	c9: 5	c10: 5	c11: 5	c13: 5	c14: 5	c15: 5	
Read data from board
67590291, 80614215, 64000
47416188, 80644956, 128000
28267165, 80662019, 64000
34216331, 80705386, 64000
39972049, 80934444, 128000
45094400, 80912984, 64000
52061375, 80835405, 64000
47687265, 80771879, 64000
20624770, 80948887, 64000
20056142, 80964798, 64000
22642878, 80999083, 64000
22665612, 81050588, 64000
0, 81161561, 0
22636828, 81158559, 64000
21398683, 81104530, 64000
Average:
67590428, 80614378, 64000
47416725, 80645126, 128000
28267970, 80662194, 64000
34217515, 80705490, 64000
39972014, 80934622, 128000
45094454, 80913157, 64000
52061497, 80835586, 64000
47687595, 80772050, 64000
20624822, 80949092, 64000
20055751, 80964948, 64000
22642442, 80999256, 64000
22665433, 81050762, 64000
0, 81161751, 0
22636676, 81158748, 64000
21397153, 81104726, 64000
