Host is running ...
size: 64000
Waiting for the board to finish...
       c0: 5	c1: 5	c2: 5	c3: 5	c4: 5	c5: 5	c6: 5	c7: 5	c8: 5	c9: 5	c10: 5	c11: 5	c13: 5	c14: 5	c15: 5	
Read data from board
16748886, 224839385, 64000
61397383, 226175483, 128000
88188079, 227520334, 64000
99805233, 228952691, 64000
148344594, 240020894, 128000
135307125, 238267863, 64000
130934562, 235027933, 64000
117057188, 231985381, 64000
141639824, 242066601, 64000
161152789, 244448473, 64000
182280799, 249636597, 64000
199034380, 255174115, 64000
0, 265464132, 0
198342754, 264823702, 64000
215394702, 261010072, 64000
Waiting for the board to finish...
       c0: 5	c1: 5	c2: 5	c3: 5	c4: 5	c5: 5	c6: 5	c7: 5	c8: 5	c9: 5	c10: 5	c11: 5	c13: 5	c14: 5	c15: 5	
Read data from board
16746501, 224837633, 64000
61448645, 226173489, 128000
88269284, 227515334, 64000
99869391, 228946654, 64000
148426542, 240015130, 128000
135355996, 238262641, 64000
131001265, 235023161, 64000
117108245, 231982111, 64000
141721939, 242059378, 64000
161169434, 244444520, 64000
182250664, 249631151, 64000
199006902, 255170138, 64000
0, 265484430, 0
198346901, 264843865, 64000
215378583, 261006585, 64000
Waiting for the board to finish...
       c0: 5	c1: 5	c2: 5	c3: 5	c4: 5	c5: 5	c6: 5	c7: 5	c8: 5	c9: 5	c10: 5	c11: 5	c13: 5	c14: 5	c15: 5	
Read data from board
16705749, 224817272, 64000
61296333, 226153509, 128000
88004008, 227496375, 64000
99604469, 228928172, 64000
148302287, 239993542, 128000
135227273, 238243591, 64000
130780873, 235004615, 64000
116905271, 231964592, 64000
141596093, 242036766, 64000
161105723, 244417288, 64000
182179960, 249601100, 64000
198972593, 255135314, 64000
0, 265447986, 0
198307279, 264810439, 64000
215324604, 260969805, 64000
Waiting for the board to finish...
       c0: 5	c1: 5	c2: 5	c3: 5	c4: 5	c5: 5	c6: 5	c7: 5	c8: 5	c9: 5	c10: 5	c11: 5	c13: 5	c14: 5	c15: 5	
Read data from board
16740092, 224838978, 64000
61368445, 226174644, 128000
88118973, 227517141, 64000
99711749, 228944640, 64000
148248725, 240033343, 128000
135183161, 238278902, 64000
130829942, 235032462, 64000
116977303, 231984639, 64000
141546509, 242079947, 64000
161064994, 244467608, 64000
182255245, 249654989, 64000
199066723, 255190319, 64000
0, 265481813, 0
198360216, 264845223, 64000
215421439, 261025528, 64000
Waiting for the board to finish...
       c0: 5	c1: 5	c2: 5	c3: 5	c4: 5	c5: 5	c6: 5	c7: 5	c8: 5	c9: 5	c10: 5	c11: 5	c13: 5	c14: 5	c15: 5	
Read data from board
16726453, 224837824, 64000
61312018, 226173945, 128000
88015976, 227517370, 64000
99611544, 228940245, 64000
148221624, 240006543, 128000
135144811, 238254532, 64000
130699464, 235017968, 64000
116894950, 231979217, 64000
141516278, 242051695, 64000
161036470, 244433827, 64000
182241239, 249618838, 64000
199044124, 255156128, 64000
0, 265480066, 0
198335711, 264833251, 64000
215346475, 260991062, 64000
Waiting for the board to finish...
       c0: 5	c1: 5	c2: 5	c3: 5	c4: 5	c5: 5	c6: 5	c7: 5	c8: 5	c9: 5	c10: 5	c11: 5	c13: 5	c14: 5	c15: 5	
Read data from board
16752843, 224850219, 64000
61476234, 226186620, 128000
88345012, 227530800, 64000
99972372, 228963077, 64000
148558950, 240035390, 128000
135512518, 238283451, 64000
131130904, 235047115, 64000
117237751, 232002883, 64000
141852924, 242079639, 64000
161336863, 244466080, 64000
182414608, 249652072, 64000
199162792, 255186977, 64000
0, 265488803, 0
198359329, 264845656, 64000
215479014, 261023061, 64000
Waiting for the board to finish...
       c0: 5	c1: 5	c2: 5	c3: 5	c4: 5	c5: 5	c6: 5	c7: 5	c8: 5	c9: 5	c10: 5	c11: 5	c13: 5	c14: 5	c15: 5	
Read data from board
16742195, 224836566, 64000
61335988, 226173448, 128000
88053655, 227514718, 64000
99652323, 228943051, 64000
148303290, 240019875, 128000
135213599, 238266562, 64000
130810852, 235027640, 64000
116928892, 231984240, 64000
141599817, 242063465, 64000
161077202, 244447878, 64000
182225532, 249631463, 64000
198984496, 255166036, 64000
0, 265464114, 0
198316912, 264815786, 64000
215318443, 261001453, 64000
Waiting for the board to finish...
       c0: 5	c1: 5	c2: 5	c3: 5	c4: 5	c5: 5	c6: 5	c7: 5	c8: 5	c9: 5	c10: 5	c11: 5	c13: 5	c14: 5	c15: 5	
Read data from board
16730273, 224836190, 64000
61403732, 226172220, 128000
88226093, 227516386, 64000
99870221, 228944311, 64000
148413030, 240021175, 128000
135355627, 238269300, 64000
130997526, 235028207, 64000
117137951, 231984787, 64000
141706907, 242068178, 64000
161200196, 244453712, 64000
182299173, 249635630, 64000
199028011, 255171292, 64000
0, 265466615, 0
198338274, 264827934, 64000
215408523, 261007343, 64000
Waiting for the board to finish...
       c0: 5	c1: 5	c2: 5	c3: 5	c4: 5	c5: 5	c6: 5	c7: 5	c8: 5	c9: 5	c10: 5	c11: 5	c13: 5	c14: 5	c15: 5	
Read data from board
16749703, 224843655, 64000
61349551, 226178961, 128000
88050100, 227519642, 64000
99636664, 228946937, 64000
148299636, 240016437, 128000
135209726, 238264843, 64000
130763346, 235027493, 64000
116927418, 231988242, 64000
141594941, 242062623, 64000
161098397, 244446582, 64000
182207022, 249631713, 64000
198943579, 255165808, 64000
0, 265479852, 0
198339028, 264835105, 64000
215295158, 261001457, 64000
Waiting for the board to finish...
       c0: 5	c1: 5	c2: 5	c3: 5	c4: 5	c5: 5	c6: 5	c7: 5	c8: 5	c9: 5	c10: 5	c11: 5	c13: 5	c14: 5	c15: 5	
Read data from board
16749794, 224848237, 64000
61402390, 226184824, 128000
88165078, 227526427, 64000
99781363, 228956353, 64000
148372334, 240022286, 128000
135259992, 238273731, 64000
130924905, 235032840, 64000
117033966, 231991573, 64000
141662598, 242065797, 64000
161130850, 244449593, 64000
182262611, 249635500, 64000
199012203, 255172669, 64000
0, 265471708, 0
198328057, 264829802, 64000
215326785, 261008917, 64000
Average:
16739248, 224838595, 64000
61379071, 226174714, 128000
88143625, 227517452, 64000
99751532, 228946613, 64000
148349101, 240018461, 128000
135276982, 238266541, 64000
130887363, 235026943, 64000
117020893, 231984766, 64000
141643783, 242063408, 64000
161137291, 244447556, 64000
182261685, 249632905, 64000
199025580, 255168879, 64000
0, 265472951, 0
198337446, 264831076, 64000
215369372, 261004528, 64000
