Host is running ...
size: 64000
Waiting for the board to finish...
       c0: 5	c1: 5	c2: 5	c3: 5	c4: 5	c5: 5	c6: 5	c7: 5	c8: 5	c9: 5	c10: 5	c11: 5	c13: 5	c14: 5	c15: 5	
Read data from board
46985821, 254862467, 64000
91220458, 254881386, 128000
47079241, 254895045, 64000
45840321, 254908935, 64000
91436923, 255179945, 128000
87032253, 255143212, 64000
45647244, 254999522, 64000
45695855, 254931869, 64000
46937060, 255195580, 64000
45672801, 255209651, 64000
45841058, 255313966, 64000
45924270, 255781910, 64000
0, 256700249, 0
177110591, 256652366, 64000
49698032, 256256554, 64000
Waiting for the board to finish...
       c0: 5	c1: 5	c2: 5	c3: 5	c4: 5	c5: 5	c6: 5	c7: 5	c8: 5	c9: 5	c10: 5	c11: 5	c13: 5	c14: 5	c15: 5	
Read data from board
46985214, 254888412, 64000
91220024, 254907524, 128000
47079775, 254920942, 64000
45841519, 254934771, 64000
91436916, 255205920, 128000
87037172, 255169108, 64000
45646547, 255025327, 64000
45693969, 254957427, 64000
46937344, 255221466, 64000
45672135, 255235253, 64000
45840922, 255339185, 64000
45924062, 255807273, 64000
0, 256724613, 0
177102057, 256676271, 64000
49695990, 256281731, 64000
Waiting for the board to finish...
       c0: 5	c1: 5	c2: 5	c3: 5	c4: 5	c5: 5	c6: 5	c7: 5	c8: 5	c9: 5	c10: 5	c11: 5	c13: 5	c14: 5	c15: 5	
Read data from board
46985393, 254897219, 64000
91220253, 254916142, 128000
47078401, 254929523, 64000
45839886, 254943585, 64000
91437854, 255214476, 128000
87032103, 255177659, 64000
45646692, 255033872, 64000
45695633, 254966470, 64000
46937572, 255229745, 64000
45673675, 255243755, 64000
45840811, 255349200, 64000
45927337, 255817179, 64000
0, 256730282, 0
177088141, 256682035, 64000
49695526, 256291182, 64000
Waiting for the board to finish...
       c0: 5	c1: 5	c2: 5	c3: 5	c4: 5	c5: 5	c6: 5	c7: 5	c8: 5	c9: 5	c10: 5	c11: 5	c13: 5	c14: 5	c15: 5	
Read data from board
46985495, 254880028, 64000
91219134, 254899138, 128000
47079935, 254912738, 64000
45841527, 254926599, 64000
91438209, 255197404, 128000
87033911, 255160632, 64000
45647827, 255016877, 64000
45693656, 254949240, 64000
46938844, 255212949, 64000
45673144, 255227074, 64000
45841123, 255329962, 64000
45924769, 255798011, 64000
0, 256714188, 0
177084177, 256662579, 64000
49694923, 256272041, 64000
Waiting for the board to finish...
       c0: 5	c1: 5	c2: 5	c3: 5	c4: 5	c5: 5	c6: 5	c7: 5	c8: 5	c9: 5	c10: 5	c11: 5	c13: 5	c14: 5	c15: 5	
Read data from board
46985092, 254887540, 64000
91221526, 254906738, 128000
47078196, 254920140, 64000
45840112, 254933912, 64000
91436214, 255204940, 128000
87030071, 255168097, 64000
45646986, 255024340, 64000
45695037, 254956505, 64000
46938539, 255220468, 64000
45673698, 255234312, 64000
45841867, 255340464, 64000
45927172, 255808913, 64000
0, 256723227, 0
177105455, 256674886, 64000
49701213, 256283530, 64000
Waiting for the board to finish...
       c0: 5	c1: 5	c2: 5	c3: 5	c4: 5	c5: 5	c6: 5	c7: 5	c8: 5	c9: 5	c10: 5	c11: 5	c13: 5	c14: 5	c15: 5	
Read data from board
46984652, 254913278, 64000
91218638, 254932461, 128000
47080132, 254946129, 64000
45840092, 254959875, 64000
91437487, 255230821, 128000
87035715, 255194139, 64000
45646998, 255050355, 64000
45694828, 254982593, 64000
46937008, 255246370, 64000
45673551, 255260143, 64000
45839878, 255364389, 64000
45923827, 255832155, 64000
0, 256750391, 0
177091052, 256701592, 64000
49691935, 256307861, 64000
Waiting for the board to finish...
       c0: 5	c1: 5	c2: 5	c3: 5	c4: 5	c5: 5	c6: 5	c7: 5	c8: 5	c9: 5	c10: 5	c11: 5	c13: 5	c14: 5	c15: 5	
Read data from board
46985704, 254882862, 64000
91219626, 254902038, 128000
47079041, 254915737, 64000
45841916, 254929756, 64000
91436191, 255200281, 128000
87028823, 255163453, 64000
45647564, 255019616, 64000
45695918, 254952625, 64000
46937996, 255215481, 64000
45673039, 255229309, 64000
45840660, 255335155, 64000
45926475, 255802511, 64000
0, 256715357, 0
177115014, 256668824, 64000
49698798, 256276963, 64000
Waiting for the board to finish...
       c0: 5	c1: 5	c2: 5	c3: 5	c4: 5	c5: 5	c6: 5	c7: 5	c8: 5	c9: 5	c10: 5	c11: 5	c13: 5	c14: 5	c15: 5	
Read data from board
46984814, 254865477, 64000
91220369, 254884577, 128000
47079435, 254898285, 64000
45840664, 254912306, 64000
91438274, 255182601, 128000
87035076, 255145765, 64000
45646378, 255002029, 64000
45696341, 254935170, 64000
46936948, 255198044, 64000
45673924, 255211811, 64000
45840697, 255317460, 64000
45927248, 255784988, 64000
0, 256701341, 0
177115148, 256654405, 64000
49699432, 256259661, 64000
Waiting for the board to finish...
       c0: 5	c1: 5	c2: 5	c3: 5	c4: 5	c5: 5	c6: 5	c7: 5	c8: 5	c9: 5	c10: 5	c11: 5	c13: 5	c14: 5	c15: 5	
Read data from board
46986039, 254889149, 64000
91220240, 254908376, 128000
47078886, 254922069, 64000
45839558, 254936135, 64000
91435368, 255206490, 128000
87035177, 255169762, 64000
45646831, 255025967, 64000
45695275, 254958822, 64000
46937379, 255221983, 64000
45673887, 255236000, 64000
45839394, 255340993, 64000
45926159, 255809614, 64000
0, 256732183, 0
177087547, 256680048, 64000
49696526, 256285061, 64000
Waiting for the board to finish...
       c0: 5	c1: 5	c2: 5	c3: 5	c4: 5	c5: 5	c6: 5	c7: 5	c8: 5	c9: 5	c10: 5	c11: 5	c13: 5	c14: 5	c15: 5	
Read data from board
46985696, 254880750, 64000
91220086, 254899555, 128000
47079651, 254912951, 64000
45841477, 254926812, 64000
91438234, 255198452, 128000
87033715, 255161630, 64000
45648285, 255017827, 64000
45696893, 254949503, 64000
46936924, 255213993, 64000
45673436, 255228046, 64000
45840875, 255333329, 64000
45926317, 255801445, 64000
0, 256711922, 0
177110868, 256665286, 64000
49698762, 256276539, 64000
Average:
46985392, 254884718, 64000
91220035, 254903793, 128000
47079269, 254917355, 64000
45840707, 254931268, 64000
91437167, 255202133, 128000
87033401, 255165345, 64000
45647135, 255021573, 64000
45695340, 254954022, 64000
46937561, 255217607, 64000
45673329, 255231535, 64000
45840728, 255336410, 64000
45925763, 255804399, 64000
0, 256720375, 0
177101005, 256671829, 64000
49697113, 256279112, 64000
