Host is running ...
size: 64000
Waiting for the board to finish...
       c0: 5	c1: 5	c2: 5	c3: 5	c4: 5	c5: 5	c6: 5	c7: 5	c8: 5	c9: 5	c10: 5	c11: 5	c13: 5	c14: 5	c15: 5	
Read data from board
27679045, 235570594, 64000
101017697, 236245564, 128000
90976698, 236932569, 64000
103819626, 237883312, 64000
152380788, 243488879, 128000
133036019, 242575241, 64000
133570441, 241103700, 64000
118524933, 239623459, 64000
148707097, 244423227, 64000
167201906, 246425284, 64000
184070373, 249152763, 64000
200794559, 251870461, 64000
0, 257333590, 0
181931614, 257051648, 64000
216270989, 254749003, 64000
Waiting for the board to finish...
       c0: 5	c1: 5	c2: 5	c3: 5	c4: 5	c5: 5	c6: 5	c7: 5	c8: 5	c9: 5	c10: 5	c11: 5	c13: 5	c14: 5	c15: 5	
Read data from board
27670936, 235564052, 64000
100544780, 236239107, 128000
90520930, 236928460, 64000
103339210, 237878969, 64000
152560437, 243483950, 128000
132667151, 242569928, 64000
133094875, 241099214, 64000
117906007, 239620525, 64000
148460921, 244418627, 64000
167240448, 246421518, 64000
183988625, 249146584, 64000
200717796, 251862747, 64000
0, 257306672, 0
181922150, 257030677, 64000
216270455, 254741855, 64000
Waiting for the board to finish...
       c0: 5	c1: 5	c2: 5	c3: 5	c4: 5	c5: 5	c6: 5	c7: 5	c8: 5	c9: 5	c10: 5	c11: 5	c13: 5	c14: 5	c15: 5	
Read data from board
27660757, 235559674, 64000
100633420, 236235186, 128000
90561933, 236924863, 64000
103385378, 237873195, 64000
152432050, 243478856, 128000
132744441, 242565221, 64000
133188680, 241094516, 64000
118133339, 239614047, 64000
148447636, 244413419, 64000
167177061, 246416475, 64000
183985009, 249145545, 64000
200724339, 251863242, 64000
0, 257322416, 0
181916615, 257042544, 64000
216259639, 254743124, 64000
Waiting for the board to finish...
       c0: 5	c1: 5	c2: 5	c3: 5	c4: 5	c5: 5	c6: 5	c7: 5	c8: 5	c9: 5	c10: 5	c11: 5	c13: 5	c14: 5	c15: 5	
Read data from board
27657077, 235563436, 64000
100735191, 236238502, 128000
90666378, 236925727, 64000
103456320, 237876431, 64000
152498063, 243482490, 128000
132760597, 242568644, 64000
133173618, 241098748, 64000
118107508, 239618495, 64000
148347403, 244417774, 64000
166947813, 246420316, 64000
183758608, 249146224, 64000
200506796, 251858737, 64000
0, 257308617, 0
181911128, 257032019, 64000
216266200, 254738040, 64000
Waiting for the board to finish...
       c0: 5	c1: 5	c2: 5	c3: 5	c4: 5	c5: 5	c6: 5	c7: 5	c8: 5	c9: 5	c10: 5	c11: 5	c13: 5	c14: 5	c15: 5	
Read data from board
27641177, 235557963, 64000
100474549, 236234680, 128000
90403100, 236922347, 64000
103196941, 237872396, 64000
152541172, 243478869, 128000
132710794, 242564696, 64000
133171165, 241093926, 64000
118052248, 239612988, 64000
148413767, 244412997, 64000
167303217, 246415577, 64000
184052111, 249142272, 64000
200748918, 251861241, 64000
0, 257324903, 0
181924625, 257045086, 64000
216336348, 254742657, 64000
Waiting for the board to finish...
       c0: 5	c1: 5	c2: 5	c3: 5	c4: 5	c5: 5	c6: 5	c7: 5	c8: 5	c9: 5	c10: 5	c11: 5	c13: 5	c14: 5	c15: 5	
Read data from board
27650688, 235557193, 64000
100604278, 236234392, 128000
90613518, 236922942, 64000
103244746, 237872636, 64000
152514573, 243478795, 128000
132646436, 242564942, 64000
133107811, 241093896, 64000
117873409, 239613234, 64000
148464222, 244413574, 64000
167224630, 246416320, 64000
184024013, 249142838, 64000
200781486, 251860054, 64000
0, 257311251, 0
181928595, 257034788, 64000
216310531, 254739266, 64000
Waiting for the board to finish...
       c0: 5	c1: 5	c2: 5	c3: 5	c4: 5	c5: 5	c6: 5	c7: 5	c8: 5	c9: 5	c10: 5	c11: 5	c13: 5	c14: 5	c15: 5	
Read data from board
27641991, 235549384, 64000
100548422, 236225491, 128000
90496544, 236913845, 64000
103188754, 237864872, 64000
152482779, 243472543, 128000
132750762, 242557798, 64000
133021004, 241086894, 64000
117819784, 239606253, 64000
148492522, 244407198, 64000
167167883, 246409498, 64000
184055512, 249137253, 64000
200695143, 251853635, 64000
0, 257314011, 0
181929898, 257035704, 64000
216310652, 254732243, 64000
Waiting for the board to finish...
       c0: 5	c1: 5	c2: 5	c3: 5	c4: 5	c5: 5	c6: 5	c7: 5	c8: 5	c9: 5	c10: 5	c11: 5	c13: 5	c14: 5	c15: 5	
Read data from board
27636105, 235539235, 64000
100425644, 236214860, 128000
90327678, 236903645, 64000
102996568, 237854852, 64000
152454292, 243462159, 128000
132728639, 242547374, 64000
132995818, 241077213, 64000
117838551, 239597404, 64000
148489261, 244396611, 64000
167282525, 246398979, 64000
184008496, 249125977, 64000
200635862, 251839346, 64000
0, 257293075, 0
181903632, 257011584, 64000
216219581, 254719797, 64000
Waiting for the board to finish...
       c0: 5	c1: 5	c2: 5	c3: 5	c4: 5	c5: 5	c6: 5	c7: 5	c8: 5	c9: 5	c10: 5	c11: 5	c13: 5	c14: 5	c15: 5	
Read data from board
27649786, 235555404, 64000
100558721, 236231570, 128000
90593811, 236920598, 64000
103347476, 237869188, 64000
152489818, 243475304, 128000
132721350, 242561628, 64000
133207264, 241089893, 64000
118063435, 239609347, 64000
148493323, 244409791, 64000
167164042, 246412406, 64000
183908653, 249140609, 64000
200711508, 251863574, 64000
0, 257317724, 0
181923779, 257039999, 64000
216278428, 254743278, 64000
Waiting for the board to finish...
       c0: 5	c1: 5	c2: 5	c3: 5	c4: 5	c5: 5	c6: 5	c7: 5	c8: 5	c9: 5	c10: 5	c11: 5	c13: 5	c14: 5	c15: 5	
Read data from board
27646034, 235549948, 64000
100497403, 236225539, 128000
90382389, 236913105, 64000
103090788, 237863021, 64000
152482974, 243468825, 128000
132623204, 242555215, 64000
132961727, 241084950, 64000
117852363, 239604535, 64000
148557651, 244403784, 64000
166941046, 246406939, 64000
183921776, 249134054, 64000
200697318, 251852268, 64000
0, 257304677, 0
181920472, 257025953, 64000
216234236, 254731655, 64000
Average:
27653359, 235556688, 64000
100604010, 236232489, 128000
90554297, 236920810, 64000
103306580, 237870887, 64000
152483694, 243477067, 128000
132738939, 242563068, 64000
133149240, 241092295, 64000
118017157, 239612028, 64000
148487380, 244411700, 64000
167165057, 246414331, 64000
183977317, 249141411, 64000
200701372, 251858530, 64000
0, 257313693, 0
181921250, 257035000, 64000
216275705, 254738091, 64000
