Host is running ...
size: 64000
Waiting for the board to finish...
       c0: 5	c1: 5	c2: 5	c3: 5	c4: 5	c5: 5	c6: 5	c7: 5	c8: 5	c9: 5	c10: 5	c11: 5	c13: 5	c14: 5	c15: 5	
Read data from board
58681989, 71731825, 64000
41316255, 71959645, 128000
20451241, 72037198, 64000
20614408, 72104663, 64000
41151782, 73037067, 128000
20790650, 72810790, 64000
20535031, 72354336, 64000
20680762, 72232526, 64000
20379503, 73116829, 64000
20538522, 73184435, 64000
20734958, 73310445, 64000
20600185, 73433472, 64000
0, 74079421, 0
21230476, 74053818, 64000
20529938, 73652545, 64000
Waiting for the board to finish...
       c0: 5	c1: 5	c2: 5	c3: 5	c4: 5	c5: 5	c6: 5	c7: 5	c8: 5	c9: 5	c10: 5	c11: 5	c13: 5	c14: 5	c15: 5	
Read data from board
58681914, 71731775, 64000
41316033, 71959549, 128000
20451551, 72037100, 64000
20614706, 72104558, 64000
41151848, 73036792, 128000
20791305, 72810513, 64000
20535008, 72354225, 64000
20680840, 72232447, 64000
20379108, 73116543, 64000
20538530, 73184157, 64000
20734784, 73310157, 64000
20599610, 73433165, 64000
0, 74079154, 0
21231208, 74053543, 64000
20530544, 73652269, 64000
Waiting for the board to finish...
       c0: 5	c1: 5	c2: 5	c3: 5	c4: 5	c5: 5	c6: 5	c7: 5	c8: 5	c9: 5	c10: 5	c11: 5	c13: 5	c14: 5	c15: 5	
Read data from board
58682017, 71731906, 64000
41316136, 71959718, 128000
20451467, 72037285, 64000
20614628, 72104759, 64000
41152018, 73036986, 128000
20790846, 72810644, 64000
20534991, 72354420, 64000
20680841, 72232610, 64000
20379235, 73116752, 64000
20538423, 73184386, 64000
20734848, 73310378, 64000
20599924, 73433401, 64000
0, 74079330, 0
21231483, 74053743, 64000
20530528, 73652507, 64000
Waiting for the board to finish...
       c0: 5	c1: 5	c2: 5	c3: 5	c4: 5	c5: 5	c6: 5	c7: 5	c8: 5	c9: 5	c10: 5	c11: 5	c13: 5	c14: 5	c15: 5	
Read data from board
58679388, 71729353, 64000
41313580, 71957170, 128000
20451306, 72034725, 64000
20614801, 72102207, 64000
41152018, 73034518, 128000
20791127, 72808172, 64000
20535202, 72351905, 64000
20680808, 72230119, 64000
20379426, 73114332, 64000
20538618, 73181940, 64000
20734904, 73307947, 64000
20600091, 73430957, 64000
0, 74076949, 0
21231411, 74051346, 64000
20530427, 73650086, 64000
Waiting for the board to finish...
       c0: 5	c1: 5	c2: 5	c3: 5	c4: 5	c5: 5	c6: 5	c7: 5	c8: 5	c9: 5	c10: 5	c11: 5	c13: 5	c14: 5	c15: 5	
Read data from board
58681341, 71731177, 64000
41315065, 71959007, 128000
20451423, 72036573, 64000
20614647, 72104042, 64000
41152418, 73036602, 128000
20790819, 72810292, 64000
20534578, 72353752, 64000
20680910, 72231970, 64000
20379597, 73116387, 64000
20538362, 73184013, 64000
20735088, 73310032, 64000
20599906, 73433054, 64000
0, 74079046, 0
21231400, 74053449, 64000
20531118, 73652181, 64000
Waiting for the board to finish...
       c0: 5	c1: 5	c2: 5	c3: 5	c4: 5	c5: 5	c6: 5	c7: 5	c8: 5	c9: 5	c10: 5	c11: 5	c13: 5	c14: 5	c15: 5	
Read data from board
58680720, 71730609, 64000
41314857, 71958423, 128000
20451292, 72035985, 64000
20614524, 72103446, 64000
41152250, 73035880, 128000
20790835, 72809523, 64000
20535461, 72353151, 64000
20680657, 72231358, 64000
20379172, 73115675, 64000
20538760, 73183298, 64000
20734977, 73309285, 64000
20599672, 73432322, 64000
0, 74078285, 0
21231477, 74052676, 64000
20531449, 73651402, 64000
Waiting for the board to finish...
       c0: 5	c1: 5	c2: 5	c3: 5	c4: 5	c5: 5	c6: 5	c7: 5	c8: 5	c9: 5	c10: 5	c11: 5	c13: 5	c14: 5	c15: 5	
Read data from board
58682630, 71732473, 64000
41316737, 71960281, 128000
20451385, 72037853, 64000
20614379, 72105304, 64000
41151676, 73037619, 128000
20790793, 72811272, 64000
20534767, 72354995, 64000
20680948, 72233177, 64000
20379425, 73117358, 64000
20538527, 73184981, 64000
20734774, 73310979, 64000
20600016, 73434032, 64000
0, 74079996, 0
21231334, 74054387, 64000
20530752, 73653113, 64000
Waiting for the board to finish...
       c0: 5	c1: 5	c2: 5	c3: 5	c4: 5	c5: 5	c6: 5	c7: 5	c8: 5	c9: 5	c10: 5	c11: 5	c13: 5	c14: 5	c15: 5	
Read data from board
58680522, 71730358, 64000
41314396, 71958175, 128000
20451321, 72035732, 64000
20614552, 72103180, 64000
41151800, 73035670, 128000
20790908, 72809322, 64000
20534914, 72352850, 64000
20680909, 72231047, 64000
20379417, 73115417, 64000
20538534, 73183047, 64000
20734777, 73309048, 64000
20599797, 73432065, 64000
0, 74078027, 0
21231347, 74052422, 64000
20530857, 73651149, 64000
Waiting for the board to finish...
       c0: 5	c1: 5	c2: 5	c3: 5	c4: 5	c5: 5	c6: 5	c7: 5	c8: 5	c9: 5	c10: 5	c11: 5	c13: 5	c14: 5	c15: 5	
Read data from board
58681502, 71731391, 64000
41315372, 71959217, 128000
20451481, 72036776, 64000
20614698, 72104245, 64000
41152380, 73036571, 128000
20790360, 72810288, 64000
20535226, 72353932, 64000
20680891, 72232150, 64000
20379263, 73116363, 64000
20538572, 73183980, 64000
20735011, 73309986, 64000
20599781, 73433042, 64000
0, 74078962, 0
21231514, 74053367, 64000
20530970, 73652134, 64000
Waiting for the board to finish...
       c0: 5	c1: 5	c2: 5	c3: 5	c4: 5	c5: 5	c6: 5	c7: 5	c8: 5	c9: 5	c10: 5	c11: 5	c13: 5	c14: 5	c15: 5	
Read data from board
58681520, 71731477, 64000
41315112, 71959277, 128000
20451302, 72036838, 64000
20614562, 72104297, 64000
41152325, 73036833, 128000
20791110, 72810518, 64000
20535009, 72354001, 64000
20680997, 72232183, 64000
20379526, 73116608, 64000
20538252, 73184205, 64000
20734825, 73310216, 64000
20599846, 73433226, 64000
0, 74079205, 0
21231394, 74053605, 64000
20530545, 73652343, 64000
Average:
58681354, 71731234, 64000
41315354, 71959046, 128000
20451376, 72036606, 64000
20614590, 72104070, 64000
41152051, 73036453, 128000
20790875, 72810133, 64000
20535018, 72353756, 64000
20680856, 72231958, 64000
20379367, 73116226, 64000
20538510, 73183844, 64000
20734894, 73309847, 64000
20599882, 73432873, 64000
0, 74078837, 0
21231304, 74053235, 64000
20530712, 73651972, 64000
