Host is running ...
size: 64000
Waiting for the board to finish...
       c0: 5	c1: 5	c2: 5	c3: 5	c4: 5	c5: 5	c6: 5	c7: 5	c8: 5	c9: 5	c10: 5	c11: 5	c13: 5	c14: 5	c15: 5	
Read data from board
0, 226921830, 0
0, 227590758, 0
0, 228340896, 0
0, 229322796, 0
0, 235596326, 0
0, 234586420, 0
0, 232527662, 0
0, 230913818, 0
0, 236710505, 0
0, 237927190, 0
0, 241007428, 0
0, 243849261, 0
0, 250989638, 0
0, 250335580, 0
0, 246767343, 0
Waiting for the board to finish...
       c0: 5	c1: 5	c2: 5	c3: 5	c4: 5	c5: 5	c6: 5	c7: 5	c8: 5	c9: 5	c10: 5	c11: 5	c13: 5	c14: 5	c15: 5	
Read data from board
0, 226913144, 0
0, 227582481, 0
0, 228335795, 0
0, 229318675, 0
0, 235593810, 0
0, 234582151, 0
0, 232521037, 0
0, 230909509, 0
0, 236707648, 0
0, 237922566, 0
0, 241003156, 0
0, 243844754, 0
0, 250997929, 0
0, 250337039, 0
0, 246764832, 0
Waiting for the board to finish...
       c0: 5	c1: 5	c2: 5	c3: 5	c4: 5	c5: 5	c6: 5	c7: 5	c8: 5	c9: 5	c10: 5	c11: 5	c13: 5	c14: 5	c15: 5	
Read data from board
0, 226917545, 0
0, 227586847, 0
0, 228340358, 0
0, 229324900, 0
0, 235599772, 0
0, 234588284, 0
0, 232528049, 0
0, 230915335, 0
0, 236714934, 0
0, 237931351, 0
0, 241012315, 0
0, 243852636, 0
0, 250975421, 0
0, 250325127, 0
0, 246771996, 0
Waiting for the board to finish...
       c0: 5	c1: 5	c2: 5	c3: 5	c4: 5	c5: 5	c6: 5	c7: 5	c8: 5	c9: 5	c10: 5	c11: 5	c13: 5	c14: 5	c15: 5	
Read data from board
0, 226908947, 0
0, 227578600, 0
0, 228330016, 0
0, 229314123, 0
0, 235587925, 0
0, 234576152, 0
0, 232516767, 0
0, 230904161, 0
0, 236703016, 0
0, 237919556, 0
0, 240998845, 0
0, 243846993, 0
0, 250981184, 0
0, 250327457, 0
0, 246765869, 0
Waiting for the board to finish...
       c0: 5	c1: 5	c2: 5	c3: 5	c4: 5	c5: 5	c6: 5	c7: 5	c8: 5	c9: 5	c10: 5	c11: 5	c13: 5	c14: 5	c15: 5	
Read data from board
0, 226933890, 0
0, 227602887, 0
0, 228355472, 0
0, 229338386, 0
0, 235609153, 0
0, 234597922, 0
0, 232541511, 0
0, 230929381, 0
0, 236723698, 0
0, 237940596, 0
0, 241020324, 0
0, 243859309, 0
0, 250994758, 0
0, 250341553, 0
0, 246779171, 0
Waiting for the board to finish...
       c0: 5	c1: 5	c2: 5	c3: 5	c4: 5	c5: 5	c6: 5	c7: 5	c8: 5	c9: 5	c10: 5	c11: 5	c13: 5	c14: 5	c15: 5	
Read data from board
0, 226917553, 0
0, 227585288, 0
0, 228336931, 0
0, 229320375, 0
0, 235593359, 0
0, 234580392, 0
0, 232523265, 0
0, 230910367, 0
0, 236707451, 0
0, 237925254, 0
0, 241007321, 0
0, 243844355, 0
0, 250978583, 0
0, 250328750, 0
0, 246764007, 0
Waiting for the board to finish...
       c0: 5	c1: 5	c2: 5	c3: 5	c4: 5	c5: 5	c6: 5	c7: 5	c8: 5	c9: 5	c10: 5	c11: 5	c13: 5	c14: 5	c15: 5	
Read data from board
0, 226913615, 0
0, 227580921, 0
0, 228332395, 0
0, 229317091, 0
0, 235594327, 0
0, 234582619, 0
0, 232522178, 0
0, 230908315, 0
0, 236707841, 0
0, 237926143, 0
0, 241005030, 0
0, 243851710, 0
0, 250986173, 0
0, 250344108, 0
0, 246770531, 0
Waiting for the board to finish...
       c0: 5	c1: 5	c2: 5	c3: 5	c4: 5	c5: 5	c6: 5	c7: 5	c8: 5	c9: 5	c10: 5	c11: 5	c13: 5	c14: 5	c15: 5	
Read data from board
0, 226921833, 0
0, 227588878, 0
0, 228340521, 0
0, 229323452, 0
0, 235598397, 0
0, 234587156, 0
0, 232526948, 0
0, 230914146, 0
0, 236713765, 0
0, 237932762, 0
0, 241013588, 0
0, 243856909, 0
0, 250996617, 0
0, 250345245, 0
0, 246776466, 0
Waiting for the board to finish...
       c0: 5	c1: 5	c2: 5	c3: 5	c4: 5	c5: 5	c6: 5	c7: 5	c8: 5	c9: 5	c10: 5	c11: 5	c13: 5	c14: 5	c15: 5	
Read data from board
0, 226923088, 0
0, 227591132, 0
0, 228342772, 0
0, 229327480, 0
0, 235601057, 0
0, 234589359, 0
0, 232530279, 0
0, 230917324, 0
0, 236714712, 0
0, 237930248, 0
0, 241004388, 0
0, 243845935, 0
0, 250989716, 0
0, 250328025, 0
0, 246764572, 0
Waiting for the board to finish...
       c0: 5	c1: 5	c2: 5	c3: 5	c4: 5	c5: 5	c6: 5	c7: 5	c8: 5	c9: 5	c10: 5	c11: 5	c13: 5	c14: 5	c15: 5	
Read data from board
0, 226939417, 0
0, 227608965, 0
0, 228362219, 0
0, 229345456, 0
0, 235618282, 0
0, 234607727, 0
0, 232547620, 0
0, 230935514, 0
0, 236733636, 0
0, 237951332, 0
0, 241031992, 0
0, 243885463, 0
0, 251024128, 0
0, 250366920, 0
0, 246804165, 0
Average:
0, 226921086, 0
0, 227589675, 0
0, 228341737, 0
0, 229325273, 0
0, 235599240, 0
0, 234587818, 0
0, 232528531, 0
0, 230915787, 0
0, 236713720, 0
0, 237930699, 0
0, 241010438, 0
0, 243853732, 0
0, 250991414, 0
0, 250337980, 0
0, 246772895, 0
