Host is running ...
size: 64000
Waiting for the board to finish...
       c0: 5	c1: 5	c2: 5	c3: 5	c4: 5	c5: 5	c6: 5	c7: 5	c8: 5	c9: 5	c10: 5	c11: 5	c13: 5	c14: 5	c15: 5	
Read data from board
0, 58844210, 0
0, 58873632, 0
0, 58874707, 0
0, 58876647, 0
0, 58938557, 0
0, 58910341, 0
0, 58882225, 0
0, 58880917, 0
0, 58941467, 0
0, 58943380, 0
0, 58945857, 0
0, 58948391, 0
0, 58988428, 0
0, 58984821, 0
0, 58952041, 0
Waiting for the board to finish...
       c0: 5	c1: 5	c2: 5	c3: 5	c4: 5	c5: 5	c6: 5	c7: 5	c8: 5	c9: 5	c10: 5	c11: 5	c13: 5	c14: 5	c15: 5	
Read data from board
0, 58842544, 0
0, 58872015, 0
0, 58873115, 0
0, 58875049, 0
0, 58936940, 0
0, 58908684, 0
0, 58880578, 0
0, 58879317, 0
0, 58939837, 0
0, 58941796, 0
0, 58944256, 0
0, 58946751, 0
0, 58986919, 0
0, 58983184, 0
0, 58950443, 0
Waiting for the board to finish...
       c0: 5	c1: 5	c2: 5	c3: 5	c4: 5	c5: 5	c6: 5	c7: 5	c8: 5	c9: 5	c10: 5	c11: 5	c13: 5	c14: 5	c15: 5	
Read data from board
0, 58844667, 0
0, 58874116, 0
0, 58875176, 0
0, 58877109, 0
0, 58938966, 0
0, 58910767, 0
0, 58882666, 0
0, 58881391, 0
0, 58941884, 0
0, 58943821, 0
0, 58946269, 0
0, 58948794, 0
0, 58988909, 0
0, 58985282, 0
0, 58952484, 0
Waiting for the board to finish...
       c0: 5	c1: 5	c2: 5	c3: 5	c4: 5	c5: 5	c6: 5	c7: 5	c8: 5	c9: 5	c10: 5	c11: 5	c13: 5	c14: 5	c15: 5	
Read data from board
0, 58844125, 0
0, 58873573, 0
0, 58874673, 0
0, 58876586, 0
0, 58938468, 0
0, 58910261, 0
0, 58882144, 0
0, 58880858, 0
0, 58941400, 0
0, 58943317, 0
0, 58945783, 0
0, 58948286, 0
0, 58988428, 0
0, 58984686, 0
0, 58951961, 0
Waiting for the board to finish...
       c0: 5	c1: 5	c2: 5	c3: 5	c4: 5	c5: 5	c6: 5	c7: 5	c8: 5	c9: 5	c10: 5	c11: 5	c13: 5	c14: 5	c15: 5	
Read data from board
0, 58846629, 0
0, 58876065, 0
0, 58877130, 0
0, 58879052, 0
0, 58940955, 0
0, 58912750, 0
0, 58884583, 0
0, 58883313, 0
0, 58943840, 0
0, 58945775, 0
0, 58948239, 0
0, 58950714, 0
0, 58990828, 0
0, 58987201, 0
0, 58954382, 0
Waiting for the board to finish...
       c0: 5	c1: 5	c2: 5	c3: 5	c4: 5	c5: 5	c6: 5	c7: 5	c8: 5	c9: 5	c10: 5	c11: 5	c13: 5	c14: 5	c15: 5	
Read data from board
0, 58843910, 0
0, 58873337, 0
0, 58874420, 0
0, 58876362, 0
0, 58938224, 0
0, 58909980, 0
0, 58881919, 0
0, 58880635, 0
0, 58941131, 0
0, 58943057, 0
0, 58945482, 0
0, 58948041, 0
0, 58988150, 0
0, 58984345, 0
0, 58951723, 0
Waiting for the board to finish...
       c0: 5	c1: 5	c2: 5	c3: 5	c4: 5	c5: 5	c6: 5	c7: 5	c8: 5	c9: 5	c10: 5	c11: 5	c13: 5	c14: 5	c15: 5	
Read data from board
0, 58842824, 0
0, 58872257, 0
0, 58873335, 0
0, 58875257, 0
0, 58937134, 0
0, 58908928, 0
0, 58880830, 0
0, 58879538, 0
0, 58940056, 0
0, 58942017, 0
0, 58944448, 0
0, 58947002, 0
0, 58987158, 0
0, 58983412, 0
0, 58950706, 0
Waiting for the board to finish...
       c0: 5	c1: 5	c2: 5	c3: 5	c4: 5	c5: 5	c6: 5	c7: 5	c8: 5	c9: 5	c10: 5	c11: 5	c13: 5	c14: 5	c15: 5	
Read data from board
0, 58844237, 0
0, 58873735, 0
0, 58874830, 0
0, 58876768, 0
0, 58938621, 0
0, 58910417, 0
0, 58882343, 0
0, 58881045, 0
0, 58941544, 0
0, 58943466, 0
0, 58945939, 0
0, 58948427, 0
0, 58988564, 0
0, 58984828, 0
0, 58952120, 0
Waiting for the board to finish...
       c0: 5	c1: 5	c2: 5	c3: 5	c4: 5	c5: 5	c6: 5	c7: 5	c8: 5	c9: 5	c10: 5	c11: 5	c13: 5	c14: 5	c15: 5	
Read data from board
0, 58847525, 0
0, 58876962, 0
0, 58878043, 0
0, 58879977, 0
0, 58941808, 0
0, 58913565, 0
0, 58885533, 0
0, 58884268, 0
0, 58944753, 0
0, 58946684, 0
0, 58949128, 0
0, 58951652, 0
0, 58991784, 0
0, 58988078, 0
0, 58955376, 0
Waiting for the board to finish...
       c0: 5	c1: 5	c2: 5	c3: 5	c4: 5	c5: 5	c6: 5	c7: 5	c8: 5	c9: 5	c10: 5	c11: 5	c13: 5	c14: 5	c15: 5	
Read data from board
0, 58845313, 0
0, 58874740, 0
0, 58875840, 0
0, 58877777, 0
0, 58939629, 0
0, 58911448, 0
0, 58883331, 0
0, 58882068, 0
0, 58942553, 0
0, 58944489, 0
0, 58946943, 0
0, 58949472, 0
0, 58989569, 0
0, 58985954, 0
0, 58953160, 0
Average:
0, 58844598, 0
0, 58874043, 0
0, 58875126, 0
0, 58877058, 0
0, 58938930, 0
0, 58910714, 0
0, 58882615, 0
0, 58881335, 0
0, 58941846, 0
0, 58943780, 0
0, 58946234, 0
0, 58948753, 0
0, 58988873, 0
0, 58985179, 0
0, 58952439, 0
