Host is running ...
size: 64000
Waiting for the board to finish...
       c0: 5	c1: 5	c2: 5	c3: 5	c4: 5	c5: 5	c6: 5	c7: 5	c8: 5	c9: 5	c10: 5	c11: 5	c13: 5	c14: 5	c15: 5	
Read data from board
0, 237162276, 0
0, 237291952, 0
0, 237309015, 0
0, 237515943, 0
0, 238557071, 0
0, 238285949, 0
0, 238006001, 0
0, 237759698, 0
0, 238576113, 0
0, 238930289, 0
0, 239360006, 0
0, 239816185, 0
0, 240726714, 0
0, 240683909, 0
0, 240301104, 0
Waiting for the board to finish...
       c0: 5	c1: 5	c2: 5	c3: 5	c4: 5	c5: 5	c6: 5	c7: 5	c8: 5	c9: 5	c10: 5	c11: 5	c13: 5	c14: 5	c15: 5	
Read data from board
0, 237139897, 0
0, 237270821, 0
0, 237287916, 0
0, 237496000, 0
0, 238537812, 0
0, 238266730, 0
0, 237986605, 0
0, 237740322, 0
0, 238556839, 0
0, 238910518, 0
0, 239339636, 0
0, 239795718, 0
0, 240709729, 0
0, 240666064, 0
0, 240280510, 0
Waiting for the board to finish...
       c0: 5	c1: 5	c2: 5	c3: 5	c4: 5	c5: 5	c6: 5	c7: 5	c8: 5	c9: 5	c10: 5	c11: 5	c13: 5	c14: 5	c15: 5	
Read data from board
0, 237132010, 0
0, 237260830, 0
0, 237278006, 0
0, 237483899, 0
0, 238525590, 0
0, 238254466, 0
0, 237971680, 0
0, 237727682, 0
0, 238544642, 0
0, 238898768, 0
0, 239328180, 0
0, 239783569, 0
0, 240695696, 0
0, 240651971, 0
0, 240268597, 0
Waiting for the board to finish...
       c0: 5	c1: 5	c2: 5	c3: 5	c4: 5	c5: 5	c6: 5	c7: 5	c8: 5	c9: 5	c10: 5	c11: 5	c13: 5	c14: 5	c15: 5	
Read data from board
0, 237143316, 0
0, 237272455, 0
0, 237289534, 0
0, 237496468, 0
0, 238536741, 0
0, 238263572, 0
0, 237985228, 0
0, 237739757, 0
0, 238555830, 0
0, 238909681, 0
0, 239339177, 0
0, 239794567, 0
0, 240709304, 0
0, 240662191, 0
0, 240279358, 0
Waiting for the board to finish...
       c0: 5	c1: 5	c2: 5	c3: 5	c4: 5	c5: 5	c6: 5	c7: 5	c8: 5	c9: 5	c10: 5	c11: 5	c13: 5	c14: 5	c15: 5	
Read data from board
0, 237143014, 0
0, 237273297, 0
0, 237290484, 0
0, 237498570, 0
0, 238540234, 0
0, 238267131, 0
0, 237988389, 0
0, 237742475, 0
0, 238559246, 0
0, 238913530, 0
0, 239342747, 0
0, 239799401, 0
0, 240709968, 0
0, 240665813, 0
0, 240284320, 0
Waiting for the board to finish...
       c0: 5	c1: 5	c2: 5	c3: 5	c4: 5	c5: 5	c6: 5	c7: 5	c8: 5	c9: 5	c10: 5	c11: 5	c13: 5	c14: 5	c15: 5	
Read data from board
0, 237160266, 0
0, 237290185, 0
0, 237307275, 0
0, 237515869, 0
0, 238556660, 0
0, 238285562, 0
0, 238005486, 0
0, 237759326, 0
0, 238575706, 0
0, 238929775, 0
0, 239358136, 0
0, 239814038, 0
0, 240729898, 0
0, 240682393, 0
0, 240298753, 0
Waiting for the board to finish...
       c0: 5	c1: 5	c2: 5	c3: 5	c4: 5	c5: 5	c6: 5	c7: 5	c8: 5	c9: 5	c10: 5	c11: 5	c13: 5	c14: 5	c15: 5	
Read data from board
0, 237161463, 0
0, 237290682, 0
0, 237307830, 0
0, 237513928, 0
0, 238554123, 0
0, 238283324, 0
0, 238003387, 0
0, 237757582, 0
0, 238573162, 0
0, 238927099, 0
0, 239356266, 0
0, 239812507, 0
0, 240727689, 0
0, 240680212, 0
0, 240297403, 0
Waiting for the board to finish...
       c0: 5	c1: 5	c2: 5	c3: 5	c4: 5	c5: 5	c6: 5	c7: 5	c8: 5	c9: 5	c10: 5	c11: 5	c13: 5	c14: 5	c15: 5	
Read data from board
0, 237141842, 0
0, 237271726, 0
0, 237288788, 0
0, 237497882, 0
0, 238539053, 0
0, 238267750, 0
0, 237987801, 0
0, 237741074, 0
0, 238558030, 0
0, 238912282, 0
0, 239341377, 0
0, 239796767, 0
0, 240715497, 0
0, 240667080, 0
0, 240281772, 0
Waiting for the board to finish...
       c0: 5	c1: 5	c2: 5	c3: 5	c4: 5	c5: 5	c6: 5	c7: 5	c8: 5	c9: 5	c10: 5	c11: 5	c13: 5	c14: 5	c15: 5	
Read data from board
0, 237136138, 0
0, 237265829, 0
0, 237282956, 0
0, 237490618, 0
0, 238531719, 0
0, 238260022, 0
0, 237979797, 0
0, 237734226, 0
0, 238550772, 0
0, 238904718, 0
0, 239333443, 0
0, 239788223, 0
0, 240704458, 0
0, 240656002, 0
0, 240273132, 0
Waiting for the board to finish...
       c0: 5	c1: 5	c2: 5	c3: 5	c4: 5	c5: 5	c6: 5	c7: 5	c8: 5	c9: 5	c10: 5	c11: 5	c13: 5	c14: 5	c15: 5	
Read data from board
0, 237155686, 0
0, 237285242, 0
0, 237302349, 0
0, 237510807, 0
0, 238551707, 0
0, 238281136, 0
0, 238001258, 0
0, 237755555, 0
0, 238570780, 0
0, 238924790, 0
0, 239353817, 0
0, 239808902, 0
0, 240724399, 0
0, 240677817, 0
0, 240293808, 0
Average:
0, 237147590, 0
0, 237277301, 0
0, 237294415, 0
0, 237501998, 0
0, 238543071, 0
0, 238271564, 0
0, 237991563, 0
0, 237745769, 0
0, 238562112, 0
0, 238916145, 0
0, 239345278, 0
0, 239800987, 0
0, 240715335, 0
0, 240669345, 0
0, 240285875, 0
