Host is running ...
size: 64000
Waiting for the board to finish...
       c0: 5	c1: 5	c2: 5	c3: 5	c4: 5	c5: 5	c6: 5	c7: 5	c8: 5	c9: 5	c10: 5	c11: 5	c13: 5	c14: 5	c15: 5	
Read data from board
0, 231196670, 0
0, 231893863, 0
0, 232421137, 0
0, 233137713, 0
0, 238777256, 0
0, 238082464, 0
0, 236400275, 0
0, 234838248, 0
0, 239835265, 0
0, 241359496, 0
0, 244056834, 0
0, 246930006, 0
0, 252154727, 0
0, 251895580, 0
0, 249613532, 0
Waiting for the board to finish...
       c0: 5	c1: 5	c2: 5	c3: 5	c4: 5	c5: 5	c6: 5	c7: 5	c8: 5	c9: 5	c10: 5	c11: 5	c13: 5	c14: 5	c15: 5	
Read data from board
0, 231191558, 0
0, 231888397, 0
0, 232415135, 0
0, 233137009, 0
0, 238780826, 0
0, 238085917, 0
0, 236402558, 0
0, 234838840, 0
0, 239838826, 0
0, 241362057, 0
0, 244060440, 0
0, 246932594, 0
0, 252155932, 0
0, 251895443, 0
0, 249616241, 0
Waiting for the board to finish...
       c0: 5	c1: 5	c2: 5	c3: 5	c4: 5	c5: 5	c6: 5	c7: 5	c8: 5	c9: 5	c10: 5	c11: 5	c13: 5	c14: 5	c15: 5	
Read data from board
0, 231196910, 0
0, 231893009, 0
0, 232417952, 0
0, 233138028, 0
0, 238779772, 0
0, 238085926, 0
0, 236403561, 0
0, 234839136, 0
0, 239838132, 0
0, 241362602, 0
0, 244059474, 0
0, 246932196, 0
0, 252165044, 0
0, 251904320, 0
0, 249615481, 0
Waiting for the board to finish...
       c0: 5	c1: 5	c2: 5	c3: 5	c4: 5	c5: 5	c6: 5	c7: 5	c8: 5	c9: 5	c10: 5	c11: 5	c13: 5	c14: 5	c15: 5	
Read data from board
0, 231204602, 0
0, 231902824, 0
0, 232428851, 0
0, 233147540, 0
0, 238789452, 0
0, 238095142, 0
0, 236412296, 0
0, 234848583, 0
0, 239847804, 0
0, 241371524, 0
0, 244068226, 0
0, 246943114, 0
0, 252184083, 0
0, 251922828, 0
0, 249626859, 0
Waiting for the board to finish...
       c0: 5	c1: 5	c2: 5	c3: 5	c4: 5	c5: 5	c6: 5	c7: 5	c8: 5	c9: 5	c10: 5	c11: 5	c13: 5	c14: 5	c15: 5	
Read data from board
0, 231199233, 0
0, 231897380, 0
0, 232422922, 0
0, 233142413, 0
0, 238786449, 0
0, 238091444, 0
0, 236409388, 0
0, 234845585, 0
0, 239844585, 0
0, 241367876, 0
0, 244063877, 0
0, 246934847, 0
0, 252168695, 0
0, 251904957, 0
0, 249618876, 0
Waiting for the board to finish...
       c0: 5	c1: 5	c2: 5	c3: 5	c4: 5	c5: 5	c6: 5	c7: 5	c8: 5	c9: 5	c10: 5	c11: 5	c13: 5	c14: 5	c15: 5	
Read data from board
0, 231185763, 0
0, 231884559, 0
0, 232410135, 0
0, 233133034, 0
0, 238778113, 0
0, 238083750, 0
0, 236400420, 0
0, 234836166, 0
0, 239835838, 0
0, 241359871, 0
0, 244057304, 0
0, 246931312, 0
0, 252154326, 0
0, 251893715, 0
0, 249615006, 0
Waiting for the board to finish...
       c0: 5	c1: 5	c2: 5	c3: 5	c4: 5	c5: 5	c6: 5	c7: 5	c8: 5	c9: 5	c10: 5	c11: 5	c13: 5	c14: 5	c15: 5	
Read data from board
0, 231167616, 0
0, 231864354, 0
0, 232388282, 0
0, 233116735, 0
0, 238758809, 0
0, 238063998, 0
0, 236381726, 0
0, 234819047, 0
0, 239817046, 0
0, 241340797, 0
0, 244037421, 0
0, 246910625, 0
0, 252141907, 0
0, 251880075, 0
0, 249594315, 0
Waiting for the board to finish...
       c0: 5	c1: 5	c2: 5	c3: 5	c4: 5	c5: 5	c6: 5	c7: 5	c8: 5	c9: 5	c10: 5	c11: 5	c13: 5	c14: 5	c15: 5	
Read data from board
0, 231179781, 0
0, 231877901, 0
0, 232402361, 0
0, 233129018, 0
0, 238769405, 0
0, 238075291, 0
0, 236392993, 0
0, 234830539, 0
0, 239827498, 0
0, 241351627, 0
0, 244048725, 0
0, 246922214, 0
0, 252152372, 0
0, 251894237, 0
0, 249606072, 0
Waiting for the board to finish...
       c0: 5	c1: 5	c2: 5	c3: 5	c4: 5	c5: 5	c6: 5	c7: 5	c8: 5	c9: 5	c10: 5	c11: 5	c13: 5	c14: 5	c15: 5	
Read data from board
0, 231207794, 0
0, 231904841, 0
0, 232429410, 0
0, 233157723, 0
0, 238800159, 0
0, 238105813, 0
0, 236423690, 0
0, 234861076, 0
0, 239858136, 0
0, 241382878, 0
0, 244078484, 0
0, 246952597, 0
0, 252181576, 0
0, 251925414, 0
0, 249636227, 0
Waiting for the board to finish...
       c0: 5	c1: 5	c2: 5	c3: 5	c4: 5	c5: 5	c6: 5	c7: 5	c8: 5	c9: 5	c10: 5	c11: 5	c13: 5	c14: 5	c15: 5	
Read data from board
0, 231182367, 0
0, 231879625, 0
0, 232404305, 0
0, 233131970, 0
0, 238776668, 0
0, 238082692, 0
0, 236399783, 0
0, 234834379, 0
0, 239835174, 0
0, 241358451, 0
0, 244056261, 0
0, 246928890, 0
0, 252148843, 0
0, 251893404, 0
0, 249612425, 0
Average:
0, 231191229, 0
0, 231888675, 0
0, 232414049, 0
0, 233137118, 0
0, 238779690, 0
0, 238085243, 0
0, 236402669, 0
0, 234839159, 0
0, 239837830, 0
0, 241361717, 0
0, 244058704, 0
0, 246931839, 0
0, 252160750, 0
0, 251900997, 0
0, 249615503, 0
