Host is running ...
size: 64000
Waiting for the board to finish...
       c0: 5	c1: 5	c2: 5	c3: 5	c4: 5	c5: 5	c6: 5	c7: 5	c8: 5	c9: 5	c10: 5	c11: 5	c13: 5	c14: 5	c15: 5	
Read data from board
0, 224370974, 0
0, 225744856, 0
0, 227120910, 0
0, 228584346, 0
0, 239896879, 0
0, 238082195, 0
0, 234762305, 0
0, 231671839, 0
0, 241981686, 0
0, 244393744, 0
0, 249630839, 0
0, 255207169, 0
0, 265548979, 0
0, 264908535, 0
0, 261087340, 0
Waiting for the board to finish...
       c0: 5	c1: 5	c2: 5	c3: 5	c4: 5	c5: 5	c6: 5	c7: 5	c8: 5	c9: 5	c10: 5	c11: 5	c13: 5	c14: 5	c15: 5	
Read data from board
0, 224375617, 0
0, 225747792, 0
0, 227120776, 0
0, 228575495, 0
0, 239883293, 0
0, 238068623, 0
0, 234745676, 0
0, 231659585, 0
0, 241968116, 0
0, 244382301, 0
0, 249622083, 0
0, 255200015, 0
0, 265558868, 0
0, 264925923, 0
0, 261080107, 0
Waiting for the board to finish...
       c0: 5	c1: 5	c2: 5	c3: 5	c4: 5	c5: 5	c6: 5	c7: 5	c8: 5	c9: 5	c10: 5	c11: 5	c13: 5	c14: 5	c15: 5	
Read data from board
0, 224370359, 0
0, 225745312, 0
0, 227119144, 0
0, 228576726, 0
0, 239877639, 0
0, 238061291, 0
0, 234746220, 0
0, 231659125, 0
0, 241959547, 0
0, 244370030, 0
0, 249606529, 0
0, 255182302, 0
0, 265510290, 0
0, 264880858, 0
0, 261062805, 0
Waiting for the board to finish...
       c0: 5	c1: 5	c2: 5	c3: 5	c4: 5	c5: 5	c6: 5	c7: 5	c8: 5	c9: 5	c10: 5	c11: 5	c13: 5	c14: 5	c15: 5	
Read data from board
0, 224359882, 0
0, 225733844, 0
0, 227108370, 0
0, 228564506, 0
0, 239877050, 0
0, 238061144, 0
0, 234741472, 0
0, 231649858, 0
0, 241961089, 0
0, 244370889, 0
0, 249608467, 0
0, 255182076, 0
0, 265526827, 0
0, 264888347, 0
0, 261062345, 0
Waiting for the board to finish...
       c0: 5	c1: 5	c2: 5	c3: 5	c4: 5	c5: 5	c6: 5	c7: 5	c8: 5	c9: 5	c10: 5	c11: 5	c13: 5	c14: 5	c15: 5	
Read data from board
0, 224369819, 0
0, 225741905, 0
0, 227117519, 0
0, 228572131, 0
0, 239889105, 0
0, 238071685, 0
0, 234752213, 0
0, 231660257, 0
0, 241975048, 0
0, 244388403, 0
0, 249627143, 0
0, 255201849, 0
0, 265564810, 0
0, 264920976, 0
0, 261082067, 0
Waiting for the board to finish...
       c0: 5	c1: 5	c2: 5	c3: 5	c4: 5	c5: 5	c6: 5	c7: 5	c8: 5	c9: 5	c10: 5	c11: 5	c13: 5	c14: 5	c15: 5	
Read data from board
0, 224375688, 0
0, 225748369, 0
0, 227120370, 0
0, 228580021, 0
0, 239883416, 0
0, 238067911, 0
0, 234750345, 0
0, 231662037, 0
0, 241966528, 0
0, 244378770, 0
0, 249615030, 0
0, 255192336, 0
0, 265528514, 0
0, 264892443, 0
0, 261072694, 0
Waiting for the board to finish...
       c0: 5	c1: 5	c2: 5	c3: 5	c4: 5	c5: 5	c6: 5	c7: 5	c8: 5	c9: 5	c10: 5	c11: 5	c13: 5	c14: 5	c15: 5	
Read data from board
0, 224354540, 0
0, 225728756, 0
0, 227103395, 0
0, 228556652, 0
0, 239866489, 0
0, 238052760, 0
0, 234739799, 0
0, 231646168, 0
0, 241950476, 0
0, 244363478, 0
0, 249600644, 0
0, 255178342, 0
0, 265527764, 0
0, 264882954, 0
0, 261058346, 0
Waiting for the board to finish...
       c0: 5	c1: 5	c2: 5	c3: 5	c4: 5	c5: 5	c6: 5	c7: 5	c8: 5	c9: 5	c10: 5	c11: 5	c13: 5	c14: 5	c15: 5	
Read data from board
0, 224363395, 0
0, 225736571, 0
0, 227110262, 0
0, 228573017, 0
0, 239874166, 0
0, 238058730, 0
0, 234742348, 0
0, 231656083, 0
0, 241957759, 0
0, 244368818, 0
0, 249606852, 0
0, 255183521, 0
0, 265510930, 0
0, 264869650, 0
0, 261063287, 0
Waiting for the board to finish...
       c0: 5	c1: 5	c2: 5	c3: 5	c4: 5	c5: 5	c6: 5	c7: 5	c8: 5	c9: 5	c10: 5	c11: 5	c13: 5	c14: 5	c15: 5	
Read data from board
0, 224360423, 0
0, 225733603, 0
0, 227109267, 0
0, 228570893, 0
0, 239879227, 0
0, 238064895, 0
0, 234748862, 0
0, 231656948, 0
0, 241961015, 0
0, 244369802, 0
0, 249607285, 0
0, 255184500, 0
0, 265513721, 0
0, 264876916, 0
0, 261065415, 0
Waiting for the board to finish...
       c0: 5	c1: 5	c2: 5	c3: 5	c4: 5	c5: 5	c6: 5	c7: 5	c8: 5	c9: 5	c10: 5	c11: 5	c13: 5	c14: 5	c15: 5	
Read data from board
0, 224360493, 0
0, 225733402, 0
0, 227110904, 0
0, 228569822, 0
0, 239886986, 0
0, 238067959, 0
0, 234747969, 0
0, 231655486, 0
0, 241969612, 0
0, 244380602, 0
0, 249618888, 0
0, 255193985, 0
0, 265533405, 0
0, 264890013, 0
0, 261074647, 0
Average:
0, 224366119, 0
0, 225739441, 0
0, 227114091, 0
0, 228572360, 0
0, 239881425, 0
0, 238065719, 0
0, 234747720, 0
0, 231657738, 0
0, 241965087, 0
0, 244376683, 0
0, 249614376, 0
0, 255190609, 0
0, 265532410, 0
0, 264893661, 0
0, 261070905, 0
