Host is running ...
size: 64000
Waiting for the board to finish...
       c0: 5	c1: 5	c2: 5	c3: 5	c4: 5	c5: 5	c6: 5	c7: 5	c8: 5	c9: 5	c10: 5	c11: 5	c13: 5	c14: 5	c15: 5	
Read data from board
0, 248083554, 0
0, 248216818, 0
0, 248243630, 0
0, 248461748, 0
0, 249486527, 0
0, 249239473, 0
0, 248950535, 0
0, 248710795, 0
0, 249513236, 0
0, 249877006, 0
0, 250313899, 0
0, 250783863, 0
0, 251700449, 0
0, 251651640, 0
0, 251261406, 0
Waiting for the board to finish...
       c0: 5	c1: 5	c2: 5	c3: 5	c4: 5	c5: 5	c6: 5	c7: 5	c8: 5	c9: 5	c10: 5	c11: 5	c13: 5	c14: 5	c15: 5	
Read data from board
0, 248107618, 0
0, 248242222, 0
0, 248269028, 0
0, 248486818, 0
0, 249512586, 0
0, 249265030, 0
0, 248976003, 0
0, 248736740, 0
0, 249539287, 0
0, 249903130, 0
0, 250339557, 0
0, 250808649, 0
0, 251728755, 0
0, 251677587, 0
0, 251286842, 0
Waiting for the board to finish...
       c0: 5	c1: 5	c2: 5	c3: 5	c4: 5	c5: 5	c6: 5	c7: 5	c8: 5	c9: 5	c10: 5	c11: 5	c13: 5	c14: 5	c15: 5	
Read data from board
0, 248107085, 0
0, 248240932, 0
0, 248267690, 0
0, 248484417, 0
0, 249509128, 0
0, 249262031, 0
0, 248972986, 0
0, 248733556, 0
0, 249536066, 0
0, 249899242, 0
0, 250336493, 0
0, 250806216, 0
0, 251728329, 0
0, 251677649, 0
0, 251284296, 0
Waiting for the board to finish...
       c0: 5	c1: 5	c2: 5	c3: 5	c4: 5	c5: 5	c6: 5	c7: 5	c8: 5	c9: 5	c10: 5	c11: 5	c13: 5	c14: 5	c15: 5	
Read data from board
0, 248093205, 0
0, 248226263, 0
0, 248252986, 0
0, 248471180, 0
0, 249495103, 0
0, 249248016, 0
0, 248959307, 0
0, 248720328, 0
0, 249521819, 0
0, 249885256, 0
0, 250322266, 0
0, 250792593, 0
0, 251709594, 0
0, 251659215, 0
0, 251270044, 0
Waiting for the board to finish...
       c0: 5	c1: 5	c2: 5	c3: 5	c4: 5	c5: 5	c6: 5	c7: 5	c8: 5	c9: 5	c10: 5	c11: 5	c13: 5	c14: 5	c15: 5	
Read data from board
0, 248105783, 0
0, 248239965, 0
0, 248266753, 0
0, 248484973, 0
0, 249508846, 0
0, 249262250, 0
0, 248973496, 0
0, 248734242, 0
0, 249535560, 0
0, 249899420, 0
0, 250336693, 0
0, 250806427, 0
0, 251725834, 0
0, 251677603, 0
0, 251285327, 0
Waiting for the board to finish...
       c0: 5	c1: 5	c2: 5	c3: 5	c4: 5	c5: 5	c6: 5	c7: 5	c8: 5	c9: 5	c10: 5	c11: 5	c13: 5	c14: 5	c15: 5	
Read data from board
0, 248087364, 0
0, 248220041, 0
0, 248246824, 0
0, 248463292, 0
0, 249488070, 0
0, 249241005, 0
0, 248952364, 0
0, 248712884, 0
0, 249514762, 0
0, 249878458, 0
0, 250315601, 0
0, 250785376, 0
0, 251707951, 0
0, 251655995, 0
0, 251263938, 0
Waiting for the board to finish...
       c0: 5	c1: 5	c2: 5	c3: 5	c4: 5	c5: 5	c6: 5	c7: 5	c8: 5	c9: 5	c10: 5	c11: 5	c13: 5	c14: 5	c15: 5	
Read data from board
0, 248091108, 0
0, 248225126, 0
0, 248251927, 0
0, 248469411, 0
0, 249494103, 0
0, 249247293, 0
0, 248958445, 0
0, 248718881, 0
0, 249520769, 0
0, 249884347, 0
0, 250321561, 0
0, 250790938, 0
0, 251706181, 0
0, 251658354, 0
0, 251268941, 0
Waiting for the board to finish...
       c0: 5	c1: 5	c2: 5	c3: 5	c4: 5	c5: 5	c6: 5	c7: 5	c8: 5	c9: 5	c10: 5	c11: 5	c13: 5	c14: 5	c15: 5	
Read data from board
0, 248102815, 0
0, 248236365, 0
0, 248263111, 0
0, 248478870, 0
0, 249503503, 0
0, 249256561, 0
0, 248967532, 0
0, 248728488, 0
0, 249530447, 0
0, 249894049, 0
0, 250330642, 0
0, 250800467, 0
0, 251718491, 0
0, 251670142, 0
0, 251279566, 0
Waiting for the board to finish...
       c0: 5	c1: 5	c2: 5	c3: 5	c4: 5	c5: 5	c6: 5	c7: 5	c8: 5	c9: 5	c10: 5	c11: 5	c13: 5	c14: 5	c15: 5	
Read data from board
0, 248098167, 0
0, 248232405, 0
0, 248259142, 0
0, 248477011, 0
0, 249501495, 0
0, 249254799, 0
0, 248966158, 0
0, 248726465, 0
0, 249528199, 0
0, 249891843, 0
0, 250328873, 0
0, 250798587, 0
0, 251720248, 0
0, 251669001, 0
0, 251277250, 0
Waiting for the board to finish...
       c0: 5	c1: 5	c2: 5	c3: 5	c4: 5	c5: 5	c6: 5	c7: 5	c8: 5	c9: 5	c10: 5	c11: 5	c13: 5	c14: 5	c15: 5	
Read data from board
0, 248093038, 0
0, 248227211, 0
0, 248254027, 0
0, 248471789, 0
0, 249495960, 0
0, 249249398, 0
0, 248960441, 0
0, 248720907, 0
0, 249522643, 0
0, 249886060, 0
0, 250322960, 0
0, 250792770, 0
0, 251710858, 0
0, 251662931, 0
0, 251272126, 0
Average:
0, 248096973, 0
0, 248230734, 0
0, 248257511, 0
0, 248474950, 0
0, 249499532, 0
0, 249252585, 0
0, 248963726, 0
0, 248724328, 0
0, 249526278, 0
0, 249889881, 0
0, 250326854, 0
0, 250796588, 0
0, 251715669, 0
0, 251666011, 0
0, 251274973, 0
