Host is running ...
size: 64000
Waiting for the board to finish...
       c0: 5	c1: 5	c2: 5	c3: 5	c4: 5	c5: 5	c6: 5	c7: 5	c8: 5	c9: 5	c10: 5	c11: 5	c13: 5	c14: 5	c15: 5	
Read data from board
0, 233290703, 0
0, 233977936, 0
0, 234674820, 0
0, 235631924, 0
0, 241229307, 0
0, 240304162, 0
0, 238854381, 0
0, 237376483, 0
0, 242155530, 0
0, 244128610, 0
0, 246807675, 0
0, 249538359, 0
0, 254927120, 0
0, 254644668, 0
0, 252339343, 0
Waiting for the board to finish...
       c0: 5	c1: 5	c2: 5	c3: 5	c4: 5	c5: 5	c6: 5	c7: 5	c8: 5	c9: 5	c10: 5	c11: 5	c13: 5	c14: 5	c15: 5	
Read data from board
0, 233297377, 0
0, 233984140, 0
0, 234679735, 0
0, 235638668, 0
0, 241235587, 0
0, 240312941, 0
0, 238864299, 0
0, 237384138, 0
0, 242163020, 0
0, 244134904, 0
0, 246814777, 0
0, 249551246, 0
0, 254935867, 0
0, 254656369, 0
0, 252351397, 0
Waiting for the board to finish...
       c0: 5	c1: 5	c2: 5	c3: 5	c4: 5	c5: 5	c6: 5	c7: 5	c8: 5	c9: 5	c10: 5	c11: 5	c13: 5	c14: 5	c15: 5	
Read data from board
0, 233308716, 0
0, 233995433, 0
0, 234692140, 0
0, 235650224, 0
0, 241248509, 0
0, 240323100, 0
0, 238874605, 0
0, 237395597, 0
0, 242175250, 0
0, 244147827, 0
0, 246827937, 0
0, 249559610, 0
0, 254960692, 0
0, 254674192, 0
0, 252360140, 0
Waiting for the board to finish...
       c0: 5	c1: 5	c2: 5	c3: 5	c4: 5	c5: 5	c6: 5	c7: 5	c8: 5	c9: 5	c10: 5	c11: 5	c13: 5	c14: 5	c15: 5	
Read data from board
0, 233318828, 0
0, 234006797, 0
0, 234703196, 0
0, 235661059, 0
0, 241259058, 0
0, 240334491, 0
0, 238885531, 0
0, 237407117, 0
0, 242187274, 0
0, 244160263, 0
0, 246840311, 0
0, 249569181, 0
0, 254958324, 0
0, 254679965, 0
0, 252369460, 0
Waiting for the board to finish...
       c0: 5	c1: 5	c2: 5	c3: 5	c4: 5	c5: 5	c6: 5	c7: 5	c8: 5	c9: 5	c10: 5	c11: 5	c13: 5	c14: 5	c15: 5	
Read data from board
0, 233323530, 0
0, 234009159, 0
0, 234704598, 0
0, 235664225, 0
0, 241264727, 0
0, 240339190, 0
0, 238888896, 0
0, 237409829, 0
0, 242190156, 0
0, 244161733, 0
0, 246842341, 0
0, 249575231, 0
0, 254964442, 0
0, 254684132, 0
0, 252375926, 0
Waiting for the board to finish...
       c0: 5	c1: 5	c2: 5	c3: 5	c4: 5	c5: 5	c6: 5	c7: 5	c8: 5	c9: 5	c10: 5	c11: 5	c13: 5	c14: 5	c15: 5	
Read data from board
0, 233324451, 0
0, 234011773, 0
0, 234709373, 0
0, 235668640, 0
0, 241272138, 0
0, 240346352, 0
0, 238893267, 0
0, 237414104, 0
0, 242198177, 0
0, 244171580, 0
0, 246852100, 0
0, 249581999, 0
0, 254974703, 0
0, 254696824, 0
0, 252382080, 0
Waiting for the board to finish...
       c0: 5	c1: 5	c2: 5	c3: 5	c4: 5	c5: 5	c6: 5	c7: 5	c8: 5	c9: 5	c10: 5	c11: 5	c13: 5	c14: 5	c15: 5	
Read data from board
0, 233338292, 0
0, 234025588, 0
0, 234723106, 0
0, 235681886, 0
0, 241282837, 0
0, 240356747, 0
0, 238905965, 0
0, 237427548, 0
0, 242210378, 0
0, 244181909, 0
0, 246862592, 0
0, 249596574, 0
0, 254994979, 0
0, 254712008, 0
0, 252397173, 0
Waiting for the board to finish...
       c0: 5	c1: 5	c2: 5	c3: 5	c4: 5	c5: 5	c6: 5	c7: 5	c8: 5	c9: 5	c10: 5	c11: 5	c13: 5	c14: 5	c15: 5	
Read data from board
0, 233311381, 0
0, 233997822, 0
0, 234693222, 0
0, 235652128, 0
0, 241251459, 0
0, 240326212, 0
0, 238875561, 0
0, 237396672, 0
0, 242177615, 0
0, 244148733, 0
0, 246827673, 0
0, 249559032, 0
0, 254939285, 0
0, 254663510, 0
0, 252359819, 0
Waiting for the board to finish...
       c0: 5	c1: 5	c2: 5	c3: 5	c4: 5	c5: 5	c6: 5	c7: 5	c8: 5	c9: 5	c10: 5	c11: 5	c13: 5	c14: 5	c15: 5	
Read data from board
0, 233320793, 0
0, 234007590, 0
0, 234705242, 0
0, 235664197, 0
0, 241260738, 0
0, 240335754, 0
0, 238885968, 0
0, 237408879, 0
0, 242187850, 0
0, 244160424, 0
0, 246838732, 0
0, 249569570, 0
0, 254969742, 0
0, 254689301, 0
0, 252369609, 0
Waiting for the board to finish...
       c0: 5	c1: 5	c2: 5	c3: 5	c4: 5	c5: 5	c6: 5	c7: 5	c8: 5	c9: 5	c10: 5	c11: 5	c13: 5	c14: 5	c15: 5	
Read data from board
0, 233327148, 0
0, 234014493, 0
0, 234709561, 0
0, 235668683, 0
0, 241260954, 0
0, 240337262, 0
0, 238890760, 0
0, 237412649, 0
0, 242187425, 0
0, 244161073, 0
0, 246841093, 0
0, 249572322, 0
0, 254969069, 0
0, 254686684, 0
0, 252373162, 0
Average:
0, 233316121, 0
0, 234003073, 0
0, 234699499, 0
0, 235658163, 0
0, 241256531, 0
0, 240331621, 0
0, 238881923, 0
0, 237403301, 0
0, 242183267, 0
0, 244155705, 0
0, 246835523, 0
0, 249567312, 0
0, 254959422, 0
0, 254678765, 0
0, 252367810, 0
