Host is running ...
size: 64000
Waiting for the board to finish...
       c0: 5	c1: 5	c2: 5	c3: 5	c4: 5	c5: 5	c6: 5	c7: 5	c8: 5	c9: 5	c10: 5	c11: 5	c13: 5	c14: 5	c15: 5	
Read data from board
0, 221612455, 0
0, 222757893, 0
0, 224163871, 0
0, 226239659, 0
0, 237383356, 0
0, 235500387, 0
0, 232625728, 0
0, 229591695, 0
0, 239278201, 0
0, 243319046, 0
0, 248805835, 0
0, 254606981, 0
0, 265309713, 0
0, 264637098, 0
0, 260706190, 0
Waiting for the board to finish...
       c0: 5	c1: 5	c2: 5	c3: 5	c4: 5	c5: 5	c6: 5	c7: 5	c8: 5	c9: 5	c10: 5	c11: 5	c13: 5	c14: 5	c15: 5	
Read data from board
0, 221592935, 0
0, 222765728, 0
0, 224171505, 0
0, 226243472, 0
0, 237387738, 0
0, 235504560, 0
0, 232629717, 0
0, 229595927, 0
0, 239282077, 0
0, 243322001, 0
0, 248809971, 0
0, 254611062, 0
0, 265335764, 0
0, 264652651, 0
0, 260711707, 0
Waiting for the board to finish...
       c0: 5	c1: 5	c2: 5	c3: 5	c4: 5	c5: 5	c6: 5	c7: 5	c8: 5	c9: 5	c10: 5	c11: 5	c13: 5	c14: 5	c15: 5	
Read data from board
0, 221593578, 0
0, 222748889, 0
0, 224155461, 0
0, 226228451, 0
0, 237371614, 0
0, 235488070, 0
0, 232613696, 0
0, 229580857, 0
0, 239266924, 0
0, 243307291, 0
0, 248794028, 0
0, 254593617, 0
0, 265302024, 0
0, 264627167, 0
0, 260692778, 0
Waiting for the board to finish...
       c0: 5	c1: 5	c2: 5	c3: 5	c4: 5	c5: 5	c6: 5	c7: 5	c8: 5	c9: 5	c10: 5	c11: 5	c13: 5	c14: 5	c15: 5	
Read data from board
0, 221601226, 0
0, 222756996, 0
0, 224162403, 0
0, 226236976, 0
0, 237378943, 0
0, 235494996, 0
0, 232620920, 0
0, 229587589, 0
0, 239272831, 0
0, 243312705, 0
0, 248799011, 0
0, 254606029, 0
0, 265320197, 0
0, 264645098, 0
0, 260707694, 0
Waiting for the board to finish...
       c0: 5	c1: 5	c2: 5	c3: 5	c4: 5	c5: 5	c6: 5	c7: 5	c8: 5	c9: 5	c10: 5	c11: 5	c13: 5	c14: 5	c15: 5	
Read data from board
0, 221588102, 0
0, 222782870, 0
0, 224190384, 0
0, 226262158, 0
0, 237404308, 0
0, 235520867, 0
0, 232646336, 0
0, 229613967, 0
0, 239299426, 0
0, 243338645, 0
0, 248825114, 0
0, 254629950, 0
0, 265355064, 0
0, 264676617, 0
0, 260730406, 0
Waiting for the board to finish...
       c0: 5	c1: 5	c2: 5	c3: 5	c4: 5	c5: 5	c6: 5	c7: 5	c8: 5	c9: 5	c10: 5	c11: 5	c13: 5	c14: 5	c15: 5	
Read data from board
0, 221599210, 0
0, 222755190, 0
0, 224161795, 0
0, 226235024, 0
0, 237378659, 0
0, 235495523, 0
0, 232621118, 0
0, 229587614, 0
0, 239273248, 0
0, 243312320, 0
0, 248799391, 0
0, 254602701, 0
0, 265321213, 0
0, 264650172, 0
0, 260701214, 0
Waiting for the board to finish...
       c0: 5	c1: 5	c2: 5	c3: 5	c4: 5	c5: 5	c6: 5	c7: 5	c8: 5	c9: 5	c10: 5	c11: 5	c13: 5	c14: 5	c15: 5	
Read data from board
0, 221590370, 0
0, 222773162, 0
0, 224179749, 0
0, 226255592, 0
0, 237397001, 0
0, 235514121, 0
0, 232640875, 0
0, 229607048, 0
0, 239291593, 0
0, 243331964, 0
0, 248816061, 0
0, 254618173, 0
0, 265333186, 0
0, 264650690, 0
0, 260718373, 0
Waiting for the board to finish...
       c0: 5	c1: 5	c2: 5	c3: 5	c4: 5	c5: 5	c6: 5	c7: 5	c8: 5	c9: 5	c10: 5	c11: 5	c13: 5	c14: 5	c15: 5	
Read data from board
0, 221621730, 0
0, 222749962, 0
0, 224154710, 0
0, 226229228, 0
0, 237372331, 0
0, 235488017, 0
0, 232613769, 0
0, 229581230, 0
0, 239266824, 0
0, 243305573, 0
0, 248792688, 0
0, 254599436, 0
0, 265303800, 0
0, 264629801, 0
0, 260699365, 0
Waiting for the board to finish...
       c0: 5	c1: 5	c2: 5	c3: 5	c4: 5	c5: 5	c6: 5	c7: 5	c8: 5	c9: 5	c10: 5	c11: 5	c13: 5	c14: 5	c15: 5	
Read data from board
0, 221602793, 0
0, 222749863, 0
0, 224155727, 0
0, 226227651, 0
0, 237368811, 0
0, 235485908, 0
0, 232611091, 0
0, 229578965, 0
0, 239263721, 0
0, 243304277, 0
0, 248790496, 0
0, 254589576, 0
0, 265295917, 0
0, 264625133, 0
0, 260688654, 0
Waiting for the board to finish...
       c0: 5	c1: 5	c2: 5	c3: 5	c4: 5	c5: 5	c6: 5	c7: 5	c8: 5	c9: 5	c10: 5	c11: 5	c13: 5	c14: 5	c15: 5	
Read data from board
0, 221604615, 0
0, 222743674, 0
0, 224150399, 0
0, 226223951, 0
0, 237366125, 0
0, 235483552, 0
0, 232609177, 0
0, 229575125, 0
0, 239260683, 0
0, 243299938, 0
0, 248787108, 0
0, 254587450, 0
0, 265303683, 0
0, 264633080, 0
0, 260686049, 0
Average:
0, 221600701, 0
0, 222758422, 0
0, 224164600, 0
0, 226238216, 0
0, 237380888, 0
0, 235497600, 0
0, 232623242, 0
0, 229590001, 0
0, 239275552, 0
0, 243315376, 0
0, 248801970, 0
0, 254604497, 0
0, 265318056, 0
0, 264642750, 0
0, 260704243, 0
